1.0,10.0,42.0,5.07492,2295.0,0.0,0.0,0.0,0.0,0.0,0.0,0.0,0.0,0.0,1.0
4.0,20.0,42.0,0.0,0.0,0.0,54.64,0.0,1.0,0.0,0.02,1.0,1.0,1.0,0.0
3.0,3.0,3.0,0.182606,170.0,2.0,143.33,0.0,1.0,0.06,0.67,4.0,4.0,2.0,0.0
1.0,2.0,5.0,1.78639,103.0,13.0,68.4,0.0,1.0,0.01,0.8,5.0,5.0,3.0,0.0
2.0,2.0,2.0,0.8631209999999999,12.0,2.0,243.5,0.0,1.0,0.04,3.0,6.0,6.0,6.0,0.0
1.0,1.0,1.0,0.0,24.0,19.0,183.0,0.0,1.0,0.02,6.0,7.0,7.0,5.0,0.0
2.0,5.0,6.0,2.14883,105.0,51.0,66.0,0.0,1.0,0.13,0.67,8.0,8.0,8.0,0.0
1.0,6.0,9.0,1.82259,477.0,24.0,34.56,0.0,1.0,0.05,0.56,0.0,0.0,0.0,1.0
1.0,3.0,3.0,1.27829,58.0,0.0,132.0,0.0,1.0,0.1,2.33,9.0,9.0,7.0,0.0
1.0,1.0,1.0,0.0,1.0,1.0,25.0,0.0,2.0,0.04,3.0,0.0,0.0,0.0,0.0
1.0,1.0,1.0,0.0,26.0,0.0,0.0,0.0,0.0,0.0,0.0,3.0,3.0,3.0,0.0
2.0,2.0,2.0,0.116115,64.0,0.0,157.0,0.0,1.0,0.11,2.0,0.0,0.0,0.0,0.0
1.0,1.0,1.0,0.0,1.0,1.0,88.0,0.0,2.0,0.01,4.0,10.0,9.99,8.0,0.0
2.0,4.0,18.0,3.35564,174.0,66.0,57.28,0.0,2.0,0.32,0.56,4.0,4.0,4.0,0.0
1.0,3.0,4.0,1.79055,172.0,4.0,98.5,0.0,2.0,0.12,2.25,5.0,5.0,5.0,0.0
1.0,1.0,1.0,0.0,8.0,2.0,259.0,0.0,2.0,0.0,10.0,6.0,6.0,6.0,0.0
2.0,4.0,5.0,1.94387,85.0,11.0,89.2,0.0,2.0,0.02,2.2,13.0,12.98,15.0,0.0
1.0,1.0,1.0,0.0,7.0,3.0,72.0,0.0,1.0,0.0,3.0,14.0,13.98,6.0,0.0
1.0,2.0,2.0,0.998636,15.0,8.0,117.0,0.0,2.0,0.01,2.5,15.0,14.98,7.0,0.0
1.0,1.0,1.0,0.0,13.0,0.0,68.0,0.0,2.0,0.31,3.0,1.0,1.0,1.0,0.0
1.0,3.0,3.0,1.40564,13.0,3.0,111.33,0.0,2.0,0.37,3.67,10.0,9.99,10.0,0.0
1.0,2.0,2.0,1.0,24.0,0.0,72.0,0.0,3.0,0.34,2.0,2.0,2.0,2.0,0.0
1.0,1.0,1.0,0.0,5.0,5.0,376.0,0.0,2.0,0.0,14.0,18.0,17.96,13.0,0.0
2.0,11.0,41.0,4.99222,165.0,111.0,84.02,0.0,3.0,0.31,0.8,19.0,18.96,23.0,0.0
1.0,1.0,10.0,2.7133700000000003,60.0,62.0,73.9,0.0,2.0,0.42,1.7,23.0,22.95,18.0,0.0
1.0,2.0,5.0,1.90872,26.0,24.0,73.0,0.0,2.0,0.37,2.0,12.0,11.98,12.0,0.0
2.0,7.0,16.0,3.34627,250.0,7.0,85.94,0.0,3.0,0.06,1.69,24.0,23.95,30.0,1.0
1.0,1.0,1.0,0.0,2.0,2.0,412.0,0.0,2.0,0.0,19.0,26.0,25.95,21.0,0.0
1.0,2.0,6.0,2.33321,9.0,11.0,88.83,0.0,3.0,0.06,3.33,13.0,12.97,13.0,0.0
2.0,7.0,7.0,1.53757,298.0,162.0,88.43,0.0,2.0,0.1,3.71,14.0,13.97,17.0,1.0
1.0,1.0,1.0,0.0,88.0,29.0,97.0,0.0,1.0,0.85,1.0,15.0,14.97,1.0,0.0
1.0,1.0,1.0,0.0,118.0,118.0,156.0,0.0,1.0,0.0,2.0,16.0,15.97,2.0,0.0
1.0,1.0,1.0,0.0,75.0,84.0,156.0,0.0,1.0,0.02,3.0,17.0,16.97,3.0,0.0
1.0,1.0,3.0,1.48946,450.0,0.0,0.0,0.0,0.0,0.0,0.0,28.0,27.9,23.0,1.0
3.0,10.0,20.0,3.67924,633.0,84.0,79.2,0.0,2.0,0.34,1.65,30.0,29.89,38.0,1.0
1.0,1.0,3.0,1.5485799999999998,8.0,5.0,54.67,0.0,2.0,1.05,4.0,31.0,30.88,26.0,0.0
1.0,7.0,12.0,3.02352,409.0,18.0,12.25,0.0,1.0,0.06,0.33,18.0,17.93,4.0,0.0
1.0,6.0,6.0,1.7629,35.0,5.0,20.83,0.0,3.0,1.59,1.0,32.0,31.88,27.0,0.0
1.0,2.0,4.0,1.76019,78.0,14.0,187.0,0.0,2.0,0.05,6.5,35.0,34.87,30.0,1.0
2.0,14.0,32.0,4.61517,28.0,34.0,56.66,0.0,3.0,1.14,0.81,36.0,35.87,45.0,0.0
2.0,2.0,2.0,0.991076,6.0,3.0,80.5,0.0,2.0,0.0,6.5,37.0,36.87,47.0,0.0
1.0,1.0,1.0,0.0,1.0,1.0,71.0,0.0,2.0,0.06,7.0,3.0,2.99,3.0,0.0
4.0,8.0,15.0,3.39855,495.0,50.0,72.33,0.0,3.0,0.33,1.93,38.0,37.86,52.0,1.0
1.0,1.0,1.0,0.0,1.0,0.0,0.0,0.0,0.0,0.0,0.0,39.0,38.86,1.0,0.0
2.0,10.0,17.0,3.45247,1.0,1011.0,78.82,0.0,3.0,0.15,0.82,21.0,20.92,7.0,0.0
0.0,0.0,0.0,0.0,0.0,0.0,0.0,0.0,0.0,0.0,0.0,22.0,21.92,0.0,0.0
0.0,0.0,0.0,0.0,0.0,0.0,0.0,0.0,0.0,0.0,0.0,23.0,22.92,0.0,0.0
0.0,0.0,0.0,0.0,0.0,0.0,0.0,0.0,0.0,0.0,0.0,24.0,23.92,0.0,0.0
0.0,0.0,0.0,0.0,0.0,0.0,0.0,0.0,0.0,0.0,0.0,25.0,24.92,0.0,0.0
0.0,0.0,0.0,0.0,0.0,0.0,0.0,0.0,0.0,0.0,0.0,26.0,25.92,0.0,0.0
1.0,6.0,11.0,3.06467,200.0,32.0,94.91,0.0,2.0,0.66,1.36,42.0,41.8,36.0,1.0
3.0,15.0,53.0,4.4410300000000005,342.0,401.0,86.7,0.0,3.0,0.9,0.96,43.0,42.8,57.0,1.0
1.0,4.0,4.0,1.4183,12.0,12.0,126.75,0.0,3.0,0.0,4.5,44.0,43.8,38.0,0.0
1.0,2.0,6.0,2.43858,332.0,62.0,64.17,0.0,2.0,0.05,3.33,47.0,46.79,20.0,1.0
2.0,2.0,2.0,0.754406,37.0,46.0,95.5,0.0,1.0,0.08,4.0,51.0,50.78,65.0,1.0
2.0,4.0,8.0,2.58382,335.0,0.0,42.5,0.0,3.0,0.0,1.25,54.0,53.77,6.0,1.0
1.0,1.0,1.0,0.0,13.0,1.0,63.0,0.0,2.0,0.09,2.0,5.0,4.98,1.0,0.0
1.0,1.0,1.0,0.0,18.0,0.0,341.0,0.0,3.0,0.13,11.0,56.0,55.75,7.0,0.0
2.0,6.0,8.0,2.15064,706.0,0.0,31.38,0.0,2.0,0.14,1.38,57.0,56.75,44.0,1.0
1.0,1.0,1.0,0.0,2.0,1.0,26.0,0.0,1.0,0.0,1.0,58.0,57.75,1.0,0.0
1.0,1.0,7.0,2.6560200000000003,105.0,416.0,59.43,0.0,1.0,0.05,0.29,7.0,6.98,3.0,0.0
1.0,6.0,9.0,2.91099,9.0,8.0,93.22,0.0,1.0,0.34,0.56,31.0,30.85,5.0,0.0
2.0,5.0,5.0,2.12715,99.0,31.0,107.4,0.0,2.0,0.09,4.6,32.0,31.85,25.0,1.0
1.0,1.0,2.0,0.932112,19.0,4.0,52.5,0.0,1.0,0.08,0.5,8.0,7.97,4.0,0.0
1.0,1.0,1.0,0.0,1.0,0.0,404.0,0.0,3.0,0.01,13.0,61.0,60.74,9.0,0.0
1.0,1.0,1.0,0.0,79.0,57.0,191.0,0.0,1.0,0.02,8.0,35.0,34.84,9.0,0.0
3.0,6.0,7.0,2.22916,98.0,103.0,173.43,0.0,2.0,0.6,7.0,36.0,35.81,32.0,1.0
1.0,2.0,2.0,0.8112779999999999,4.0,4.0,137.0,0.0,3.0,0.79,7.5,37.0,36.81,23.0,1.0
3.0,5.0,8.0,2.07934,757.0,35.0,64.63,0.0,3.0,0.16,2.0,63.0,62.63,13.0,1.0
2.0,2.0,2.0,0.964079,81.0,9.0,84.5,0.0,2.0,1.02,4.5,68.0,67.61,35.0,0.0
1.0,1.0,4.0,1.42828,344.0,2.0,15.5,0.0,2.0,0.31,1.5,9.0,8.95,4.0,0.0
1.0,1.0,2.0,0.94115,231.0,118.0,152.5,0.0,1.0,0.02,0.5,10.0,9.95,5.0,0.0
2.0,5.0,12.0,3.2913900000000003,498.0,84.0,54.25,0.0,4.0,0.51,2.42,71.0,70.58,55.0,1.0
2.0,3.0,3.0,1.40069,75.0,17.0,152.67,0.0,2.0,0.02,3.67,72.0,71.58,57.0,0.0
1.0,1.0,1.0,0.0,2.0,1.0,284.0,0.0,2.0,0.0,11.0,73.0,72.58,52.0,0.0
1.0,1.0,2.0,0.799759,0.0,70.0,75.0,0.0,1.0,1.39,2.0,75.0,74.03,8.0,0.0
1.0,1.0,2.0,0.970951,3.0,2.0,89.0,0.0,2.0,4.1,12.0,76.0,75.03,54.0,0.0
1.0,1.0,1.0,0.0,2.0,2.0,29.0,0.0,1.0,0.01,4.0,77.0,76.02,55.0,0.0
1.0,1.0,1.0,0.0,0.0,27.0,133.0,0.0,1.0,3.11,4.0,79.0,78.01,56.0,0.0
1.0,2.0,4.0,1.75272,11.0,7.0,101.0,0.0,2.0,0.05,2.0,1.0,0.98,1.0,0.0
1.0,1.0,1.0,0.0,7.0,0.0,445.0,0.0,3.0,3.14,16.0,39.0,38.45,2.0,0.0
1.0,2.0,2.0,0.749595,11.0,3.0,61.0,0.0,1.0,3.21,1.0,40.0,39.45,0.0,0.0
1.0,1.0,1.0,0.0,1.0,1.0,95.0,0.0,2.0,0.14,3.0,41.0,40.43,1.0,0.0
7.0,19.0,66.0,5.392519999999998,1569.0,411.0,74.33,0.0,4.0,3.28,1.14,80.0,78.84,114.0,1.0
1.0,1.0,2.0,0.6962119999999999,10.0,6.0,79.5,0.0,2.0,0.0,3.5,81.0,79.84,11.0,0.0
1.0,1.0,1.0,0.0,3.0,3.0,99.0,0.0,3.0,0.92,7.0,82.0,80.82,12.0,0.0
1.0,1.0,1.0,0.0,19.0,0.0,95.0,0.0,2.0,0.73,4.0,84.0,82.8,3.0,0.0
1.0,1.0,6.0,2.23596,882.0,0.0,0.0,0.0,0.0,0.0,0.0,85.0,83.8,3.0,1.0
1.0,1.0,1.0,0.0,0.0,24.0,24.0,0.0,1.0,0.05,1.0,87.0,85.79,5.0,0.0
0.0,0.0,0.0,0.0,0.0,0.0,0.0,0.0,0.0,0.0,0.0,43.0,42.33,0.0,0.0
1.0,2.0,5.0,1.6527599999999998,32.0,10.0,87.8,0.0,1.0,2.2,1.0,90.0,88.76,8.0,0.0
1.0,6.0,11.0,2.84409,779.0,422.0,54.09,0.0,3.0,0.89,1.36,45.0,44.31,26.0,1.0
2.0,3.0,4.0,1.17675,127.0,0.0,114.5,0.0,3.0,0.25,4.5,46.0,45.23,3.0,0.0
1.0,1.0,3.0,1.16816,26.0,16.0,119.67,0.0,2.0,0.01,8.0,93.0,91.51,35.0,0.0
2.0,14.0,29.0,3.73935,1664.0,63.0,53.41,0.0,2.0,1.79,1.21,94.0,92.3,65.0,1.0
1.0,4.0,6.0,1.90255,42.0,2.0,61.67,0.0,2.0,1.51,2.33,95.0,93.29,62.0,0.0
2.0,2.0,3.0,0.969011,17.0,38.0,88.67,0.0,2.0,2.34,6.67,98.0,96.28,74.0,0.0
1.0,4.0,7.0,2.15557,111.0,35.0,104.0,0.0,1.0,0.97,0.86,99.0,97.21,66.0,1.0
1.0,3.0,6.0,2.18164,332.0,43.0,54.33,0.0,1.0,1.58,0.67,100.0,98.21,7.0,1.0
1.0,1.0,3.0,1.06716,83.0,4.0,69.33,0.0,1.0,0.8,1.33,101.0,99.2,8.0,1.0
1.0,1.0,1.0,0.0,1.0,0.0,33.0,0.0,1.0,0.75,3.0,103.0,101.09,67.0,0.0
1.0,1.0,3.0,1.25494,124.0,122.0,201.33,0.0,1.0,2.7,0.33,104.0,102.09,10.0,0.0
1.0,1.0,1.0,0.0,1.0,1.0,25.0,0.0,1.0,8.69,3.0,105.0,103.09,36.0,0.0
2.0,5.0,15.0,3.5424900000000004,1162.0,2.0,31.07,0.0,3.0,0.11,1.33,106.0,104.09,14.0,1.0
1.0,1.0,1.0,0.0,26.0,9.0,108.0,0.0,1.0,0.03,2.0,107.0,105.08,11.0,0.0
1.0,1.0,1.0,0.0,9.0,9.0,125.0,0.0,1.0,0.0,3.0,108.0,106.08,12.0,0.0
1.0,1.0,4.0,1.9656,9.0,6.0,68.25,0.0,1.0,0.8,0.75,110.0,107.99,69.0,0.0
1.0,2.0,2.0,0.103275,74.0,0.0,0.0,0.0,0.0,0.0,0.0,111.0,108.99,5.0,0.0
1.0,2.0,5.0,2.02665,157.0,13.0,62.2,0.0,1.0,0.58,0.4,48.0,46.94,27.0,0.0
1.0,1.0,1.0,0.0,79.0,0.0,0.0,0.0,0.0,0.0,0.0,11.0,10.64,6.0,0.0
1.0,3.0,4.0,1.92629,122.0,27.0,146.0,0.0,2.0,3.18,9.75,113.0,109.92,71.0,1.0
1.0,6.0,13.0,3.462,1096.0,0.0,0.0,0.0,0.0,0.0,0.0,114.0,110.92,0.0,1.0
1.0,1.0,1.0,0.0,31.0,6.0,158.0,0.0,1.0,0.02,2.0,116.0,112.89,2.0,0.0
2.0,4.0,13.0,3.218,362.0,121.0,71.92,0.0,1.0,0.84,0.54,117.0,113.85,76.0,1.0
1.0,4.0,7.0,1.91828,138.0,15.0,74.0,0.0,1.0,0.05,0.57,118.0,114.84,4.0,0.0
1.0,1.0,2.0,0.591673,0.0,7.0,74.0,0.0,2.0,3.74,4.5,119.0,115.84,14.0,0.0
2.0,2.0,2.0,0.922919,43.0,28.0,136.0,0.0,1.0,0.1,2.5,120.0,116.84,79.0,0.0
1.0,1.0,1.0,0.0,1.0,2.0,316.0,0.0,1.0,6.86,1.0,121.0,117.82,75.0,0.0
6.0,19.0,29.0,3.89136,358.0,520.0,81.1,0.0,4.0,3.23,2.17,124.0,120.55,163.0,1.0
5.0,20.0,54.0,4.25289,151.0,593.0,68.41,0.0,4.0,3.41,1.11,125.0,121.53,113.0,0.0
1.0,1.0,1.0,0.0,2.0,0.0,317.0,0.0,2.0,0.01,20.0,126.0,122.53,79.0,0.0
6.0,10.0,13.0,2.76097,37.0,59.0,113.38,0.0,4.0,3.63,4.23,127.0,123.53,160.0,0.0
1.0,1.0,1.0,0.0,11.0,6.0,99.0,0.0,1.0,7.03,1.0,128.0,124.52,0.0,0.0
10.0,26.0,53.0,5.62096,81.0,92.0,108.6,0.0,4.0,5.88,1.81,129.0,125.52,192.0,1.0
1.0,1.0,1.0,0.0,7.0,8.0,117.0,0.0,1.0,8.06,1.0,130.0,126.52,16.0,0.0
0.0,0.0,0.0,0.0,0.0,0.0,0.0,0.0,0.0,0.0,0.0,49.0,47.33,0.0,0.0
1.0,3.0,4.0,1.2535,446.0,0.0,0.0,0.0,0.0,0.0,0.0,132.0,128.17,0.0,1.0
1.0,5.0,5.0,0.8313229999999999,594.0,24.0,104.0,0.0,2.0,1.61,4.0,133.0,129.16,83.0,1.0
1.0,3.0,3.0,1.54701,228.0,0.0,0.0,0.0,0.0,0.0,0.0,135.0,131.16,0.0,1.0
1.0,2.0,2.0,0.918296,4.0,8.0,179.0,0.0,1.0,0.01,0.5,136.0,132.16,1.0,0.0
2.0,3.0,4.0,1.9183,17.0,1.0,233.75,0.0,3.0,7.69,6.0,137.0,133.16,19.0,0.0
1.0,1.0,1.0,0.0,21.0,4.0,139.0,0.0,1.0,2.22,4.0,138.0,134.16,17.0,0.0
1.0,1.0,1.0,0.0,0.0,521.0,521.0,0.0,1.0,7.11,1.0,141.0,137.16,85.0,0.0
1.0,3.0,4.0,1.81704,242.0,22.0,79.5,0.0,2.0,6.78,1.5,142.0,134.36,86.0,1.0
2.0,5.0,7.0,1.80239,37.0,37.0,221.0,0.0,3.0,12.53,4.43,143.0,135.35,36.0,0.0
1.0,1.0,1.0,0.0,39.0,2.0,140.0,0.0,1.0,0.15,6.0,146.0,138.3,20.0,0.0
1.0,1.0,1.0,0.0,2.0,2.0,131.0,0.0,1.0,18.02,4.0,147.0,138.96,21.0,0.0
1.0,1.0,1.0,0.0,1.0,1.0,294.0,0.0,1.0,1.12,4.0,148.0,139.95,22.0,0.0
1.0,1.0,1.0,0.0,1.0,0.0,512.0,0.0,3.0,0.01,25.0,150.0,141.89,19.0,0.0
1.0,1.0,1.0,0.0,1.0,0.0,132.0,0.0,2.0,0.61,2.0,152.0,143.65,11.0,0.0
3.0,4.0,5.0,1.77033,26.0,9.0,210.2,0.0,3.0,1.17,5.8,154.0,145.55,26.0,0.0
14.0,14.0,14.0,3.04251,15.0,40.0,143.07,0.0,4.0,12.36,3.93,155.0,146.54,244.0,0.0
1.0,2.0,2.0,0.658191,117.0,24.0,12.0,0.0,1.0,0.02,0.5,157.0,148.46,90.0,0.0
1.0,3.0,3.0,0.5461229999999999,173.0,3.0,53.0,0.0,1.0,9.53,1.67,158.0,149.39,91.0,0.0
1.0,7.0,17.0,2.35029,702.0,20.0,42.35,0.0,2.0,4.19,1.06,162.0,153.19,13.0,1.0
1.0,1.0,1.0,0.0,0.0,8.0,506.0,0.0,3.0,0.97,28.0,164.0,155.16,22.0,0.0
1.0,4.0,5.0,1.62203,289.0,0.0,17.4,0.0,1.0,5.41,0.8,165.0,156.15,94.0,1.0
1.0,3.0,6.0,2.29914,207.0,189.0,120.5,0.0,1.0,0.39,1.0,166.0,157.13,95.0,1.0
1.0,1.0,1.0,0.0,3.0,3.0,57.0,0.0,1.0,0.15,2.0,167.0,158.13,15.0,0.0
1.0,3.0,3.0,0.394684,93.0,3.0,133.67,0.0,2.0,5.04,12.33,54.0,50.41,31.0,0.0
1.0,1.0,1.0,0.0,14.0,19.0,69.0,0.0,2.0,0.02,16.0,55.0,51.39,32.0,0.0
1.0,1.0,2.0,0.985228,21.0,7.0,74.5,0.0,1.0,0.13,0.5,56.0,52.39,33.0,0.0
2.0,7.0,10.0,3.1113,37.0,38.0,154.7,0.0,2.0,0.06,5.8,169.0,160.06,113.0,0.0
1.0,2.0,2.0,0.954434,10.0,14.0,81.0,0.0,2.0,15.2,9.5,57.0,53.37,34.0,0.0
1.0,1.0,1.0,0.0,17.0,5.0,172.0,0.0,2.0,21.17,8.0,58.0,54.37,35.0,1.0
2.0,4.0,5.0,1.6498,45.0,39.0,125.4,0.0,2.0,9.25,8.4,59.0,55.37,48.0,1.0
1.0,1.0,1.0,0.0,44.0,0.0,0.0,0.0,0.0,0.0,0.0,60.0,56.37,37.0,0.0
1.0,1.0,1.0,0.0,39.0,0.0,73.0,0.0,3.0,15.23,14.0,61.0,57.37,38.0,0.0
1.0,4.0,8.0,2.51424,312.0,21.0,75.13,0.0,2.0,0.46,4.88,172.0,162.78,99.0,1.0
1.0,1.0,2.0,1.0,4.0,0.0,82.0,0.0,1.0,0.02,1.0,174.0,164.77,101.0,0.0
2.0,3.0,3.0,1.37878,7.0,7.0,67.67,0.0,1.0,0.32,2.67,175.0,165.76,118.0,0.0
1.0,1.0,2.0,1.0,1.0,1.0,0.5,0.0,1.0,0.6,1.0,63.0,59.25,14.0,0.0
1.0,1.0,1.0,0.0,1.0,1.0,529.0,0.0,3.0,0.3,30.0,64.0,60.25,4.0,0.0
0.0,0.0,0.0,0.0,0.0,0.0,0.0,0.0,0.0,0.0,0.0,65.0,61.25,0.0,0.0
1.0,3.0,5.0,1.97576,255.0,28.0,131.2,0.0,1.0,8.11,2.6,179.0,169.67,106.0,1.0
1.0,3.0,3.0,1.55343,21.0,16.0,188.33,0.0,1.0,0.26,4.67,181.0,171.38,108.0,0.0
1.0,2.0,7.0,2.6642200000000003,600.0,0.0,0.0,0.0,0.0,0.0,0.0,12.0,11.04,0.0,1.0
0.0,0.0,0.0,0.0,0.0,0.0,0.0,0.0,0.0,0.0,0.0,182.0,171.04,0.0,0.0
1.0,1.0,1.0,0.0,0.0,27.0,94.0,0.0,1.0,0.58,1.0,183.0,172.04,0.0,0.0
1.0,1.0,1.0,0.0,0.0,23.0,88.0,0.0,1.0,5.83,7.0,185.0,174.02,43.0,0.0
2.0,3.0,4.0,1.53064,14.0,2.0,250.0,0.0,3.0,5.33,8.25,186.0,175.02,31.0,0.0
1.0,3.0,6.0,2.22288,289.0,87.0,127.33,0.0,2.0,10.67,3.83,187.0,175.99,110.0,1.0
1.0,1.0,1.0,0.0,5.0,5.0,181.0,0.0,2.0,5.09,7.0,188.0,176.97,17.0,0.0
1.0,1.0,4.0,1.74679,5.0,65.0,175.75,0.0,2.0,9.83,10.25,190.0,178.9,112.0,0.0
1.0,1.0,1.0,0.0,5.0,0.0,208.0,0.0,2.0,0.03,12.0,191.0,179.89,113.0,0.0
3.0,9.0,11.0,2.75602,369.0,31.0,181.82,0.0,2.0,5.81,5.64,66.0,61.6,60.0,1.0
1.0,4.0,5.0,1.73681,158.0,10.0,129.0,0.0,1.0,11.11,2.2,192.0,180.87,114.0,1.0
1.0,2.0,2.0,0.8631209999999999,5.0,2.0,69.0,0.0,2.0,13.38,3.5,193.0,181.59,115.0,0.0
1.0,1.0,1.0,0.0,7.0,1.0,533.0,0.0,3.0,0.03,33.0,195.0,183.52,26.0,0.0
1.0,4.0,4.0,1.3419,98.0,15.0,143.25,0.0,2.0,4.44,9.0,196.0,184.48,117.0,1.0
1.0,1.0,6.0,2.45915,9.0,15.0,69.0,0.0,2.0,26.47,5.17,199.0,186.55,44.0,0.0
1.0,5.0,20.0,3.82169,1117.0,0.0,0.0,0.0,0.0,0.0,0.0,201.0,188.48,0.0,1.0
1.0,2.0,2.0,0.960708,99.0,0.0,0.0,0.0,0.0,0.0,0.0,202.0,188.16,18.0,0.0
1.0,1.0,1.0,0.0,8.0,1.0,61.0,0.0,1.0,0.01,1.0,203.0,189.16,19.0,0.0
1.0,5.0,6.0,2.54822,179.0,40.0,66.0,0.0,2.0,4.63,2.67,204.0,190.14,20.0,1.0
1.0,2.0,2.0,0.087281,91.0,0.0,0.0,0.0,0.0,0.0,0.0,15.0,13.84,2.0,0.0
1.0,1.0,2.0,0.650022,13.0,5.0,76.5,0.0,2.0,3.46,1.5,16.0,14.84,3.0,0.0
1.0,1.0,1.0,0.0,26.0,4.0,274.0,0.0,2.0,6.19,18.0,207.0,193.05,121.0,0.0
1.0,4.0,7.0,1.88081,144.0,6.0,67.57,0.0,1.0,2.53,0.14,208.0,194.05,1.0,0.0
1.0,1.0,1.0,0.0,2.0,2.0,155.0,0.0,1.0,0.23,2.0,209.0,195.02,1.0,0.0
3.0,4.0,10.0,2.77699,226.0,80.0,77.0,0.0,3.0,6.44,1.9,210.0,196.01,141.0,1.0
1.0,1.0,1.0,0.0,1.0,1.0,128.0,0.0,2.0,26.05,3.0,211.0,196.98,123.0,0.0
1.0,2.0,5.0,1.90805,134.0,38.0,100.6,0.0,1.0,1.91,0.4,212.0,197.98,2.0,1.0
1.0,1.0,1.0,0.0,90.0,0.0,0.0,0.0,0.0,0.0,0.0,18.0,16.81,9.0,0.0
1.0,1.0,1.0,0.0,1.0,0.0,0.0,0.0,0.0,0.0,0.0,19.0,17.81,10.0,0.0
1.0,3.0,3.0,1.51962,171.0,0.0,0.0,0.0,0.0,0.0,0.0,213.0,198.66,23.0,0.0
1.0,4.0,9.0,2.8987,0.0,651.0,72.33,0.0,3.0,2.25,0.89,214.0,199.66,3.0,0.0
2.0,3.0,4.0,1.65166,11.0,12.0,255.75,0.0,3.0,6.15,9.25,215.0,200.66,36.0,0.0
1.0,3.0,3.0,0.468248,59.0,2.0,28.0,0.0,1.0,0.24,0.67,218.0,203.62,4.0,0.0
1.0,1.0,1.0,0.0,9.0,0.0,143.0,0.0,2.0,4.8,19.0,20.0,18.8,0.0,0.0
1.0,4.0,8.0,2.09009,62.0,559.0,90.75,0.0,1.0,30.34,1.0,220.0,205.57,126.0,1.0
1.0,1.0,1.0,0.0,1.0,1.0,84.0,0.0,1.0,0.11,3.0,222.0,207.57,5.0,0.0
2.0,6.0,6.0,1.99153,116.0,3.0,77.5,0.0,2.0,0.85,5.83,223.0,208.56,134.0,1.0
2.0,7.0,13.0,3.26285,647.0,0.0,42.0,0.0,3.0,0.01,2.85,71.0,65.49,5.0,1.0
1.0,1.0,1.0,0.0,1.0,1.0,25.0,0.0,1.0,0.0,1.0,72.0,66.49,1.0,0.0
1.0,1.0,1.0,0.0,0.0,19.0,74.0,0.0,1.0,0.08,1.0,74.0,68.48,3.0,0.0
1.0,1.0,2.0,0.991319,146.0,0.0,0.0,0.0,0.0,0.0,0.0,75.0,69.48,19.0,0.0
5.0,8.0,9.0,2.8451,22.0,4.0,180.89,0.0,3.0,1.45,7.44,227.0,212.48,197.0,0.0
1.0,1.0,1.0,0.0,1.0,1.0,91.0,0.0,2.0,0.03,2.0,228.0,213.48,132.0,0.0
1.0,1.0,1.0,0.0,4.0,7.0,122.0,0.0,1.0,4.21,11.0,23.0,21.79,2.0,0.0
1.0,1.0,1.0,0.0,16.0,0.0,111.0,0.0,2.0,0.06,5.0,24.0,22.79,11.0,0.0
1.0,1.0,1.0,0.0,1.0,5.0,67.0,0.0,2.0,0.05,2.0,25.0,23.79,1.0,0.0
1.0,1.0,1.0,0.0,0.0,104.0,104.0,0.0,1.0,0.17,1.0,230.0,215.45,1.0,0.0
1.0,4.0,7.0,2.04559,199.0,14.0,83.14,0.0,3.0,11.03,2.57,26.0,24.75,12.0,1.0
1.0,2.0,2.0,0.591673,1.0,6.0,67.5,0.0,1.0,0.75,3.0,231.0,216.08,7.0,0.0
1.0,6.0,10.0,2.75573,34.0,25.0,126.8,0.0,3.0,2.48,6.1,234.0,218.98,134.0,0.0
1.0,2.0,4.0,1.99269,281.0,0.0,0.0,0.0,0.0,0.0,0.0,235.0,219.96,135.0,0.0
1.0,2.0,2.0,0.439497,77.0,0.0,40.0,0.0,1.0,7.45,1.5,238.0,222.48,7.0,0.0
2.0,13.0,26.0,3.8084,628.0,550.0,133.96,0.0,2.0,6.65,4.27,239.0,223.48,165.0,1.0
2.0,14.0,29.0,4.51085,962.0,188.0,84.38,0.0,2.0,1.37,2.24,240.0,224.34,167.0,1.0
1.0,1.0,1.0,0.0,22.0,18.0,85.0,0.0,2.0,1.86,4.0,29.0,27.6,3.0,0.0
1.0,1.0,1.0,0.0,3.0,3.0,112.0,0.0,1.0,1.99,1.0,241.0,225.0,139.0,0.0
1.0,2.0,3.0,1.5,8.0,8.0,140.0,0.0,3.0,1.32,4.33,242.0,226.0,140.0,0.0
2.0,5.0,9.0,2.59313,200.0,32.0,86.67,0.0,3.0,3.12,3.78,243.0,226.96,171.0,1.0
2.0,7.0,10.0,3.19851,362.0,34.0,94.6,0.0,2.0,2.11,2.5,245.0,228.88,40.0,1.0
2.0,3.0,3.0,0.382543,49.0,1.0,286.0,0.0,2.0,0.0,7.0,246.0,229.88,42.0,0.0
1.0,1.0,1.0,0.0,4.0,0.0,552.0,0.0,3.0,2.89,39.0,248.0,231.84,31.0,0.0
2.0,2.0,2.0,0.991992,38.0,0.0,332.5,0.0,3.0,0.08,22.0,249.0,232.8,66.0,0.0
1.0,1.0,1.0,0.0,2.0,1.0,573.0,0.0,3.0,0.01,41.0,250.0,233.79,33.0,0.0
1.0,1.0,2.0,0.999526,78.0,0.0,0.0,0.0,0.0,0.0,0.0,251.0,234.79,143.0,0.0
1.0,1.0,1.0,0.0,2.0,2.0,574.0,0.0,3.0,0.02,42.0,77.0,70.93,6.0,0.0
1.0,1.0,1.0,0.0,4.0,2.0,574.0,0.0,3.0,0.08,43.0,78.0,71.92,7.0,0.0
2.0,4.0,10.0,2.96694,820.0,0.0,27.8,0.0,2.0,1.03,1.4,252.0,235.66,179.0,1.0
8.0,12.0,31.0,4.54015,87.0,108.0,113.23,0.0,3.0,5.1,2.32,253.0,236.38,295.0,0.0
2.0,9.0,13.0,3.24298,595.0,36.0,74.38,0.0,3.0,1.76,2.62,255.0,236.38,184.0,1.0
1.0,1.0,1.0,0.0,1.0,1.0,121.0,0.0,1.0,14.12,4.0,256.0,237.26,148.0,0.0
1.0,1.0,1.0,0.0,32.0,72.0,134.0,0.0,2.0,9.05,27.0,257.0,237.13,48.0,0.0
1.0,1.0,1.0,0.0,13.0,1.0,177.0,0.0,1.0,9.04,10.0,258.0,238.13,28.0,0.0
2.0,5.0,10.0,2.80458,401.0,49.0,92.0,0.0,2.0,10.26,6.2,79.0,71.14,50.0,1.0
1.0,3.0,5.0,2.22257,190.0,0.0,13.0,0.0,1.0,2.61,0.2,80.0,72.13,20.0,0.0
1.0,6.0,27.0,4.56942,1812.0,0.0,0.0,0.0,0.0,0.0,0.0,262.0,239.37,0.0,1.0
3.0,9.0,21.0,3.70499,230.0,93.0,97.95,0.0,3.0,0.52,2.57,265.0,242.29,75.0,1.0
1.0,1.0,6.0,2.30362,390.0,0.0,0.0,0.0,0.0,0.0,0.0,31.0,28.72,14.0,1.0
1.0,6.0,24.0,4.04615,807.0,206.0,64.0,0.0,1.0,1.05,0.08,268.0,244.5,2.0,1.0
1.0,7.0,19.0,3.4424300000000003,646.0,202.0,87.26,0.0,1.0,0.74,0.16,270.0,245.99,3.0,1.0
1.0,5.0,24.0,3.69287,32.0,567.0,94.63,0.0,1.0,0.84,0.17,272.0,247.98,4.0,0.0
1.0,3.0,7.0,2.67461,23.0,12.0,115.57,0.0,1.0,0.01,0.71,273.0,248.97,5.0,0.0
1.0,3.0,5.0,1.35812,29.0,39.0,97.4,0.0,1.0,0.46,1.2,274.0,249.95,6.0,1.0
2.0,2.0,2.0,0.983939,94.0,0.0,0.0,0.0,0.0,0.0,0.0,276.0,251.93,2.0,0.0
4.0,12.0,10.0,1.2547,4.0,76.0,115.0,0.0,4.0,17.12,6.0,277.0,252.93,43.0,0.0
1.0,1.0,1.0,0.0,1.0,1.0,40.0,0.0,1.0,0.0,2.0,278.0,253.93,3.0,0.0
1.0,1.0,1.0,0.0,40.0,0.0,0.0,0.0,0.0,0.0,0.0,279.0,254.93,1.0,0.0
1.0,4.0,4.0,1.95915,8.0,4.0,107.5,0.0,2.0,0.99,4.75,283.0,258.3,3.0,0.0
1.0,1.0,1.0,0.0,14.0,0.0,213.0,0.0,2.0,23.99,13.0,284.0,259.26,152.0,0.0
1.0,1.0,2.0,0.439497,99.0,0.0,30.0,0.0,1.0,2.35,1.5,287.0,259.89,5.0,0.0
3.0,12.0,20.0,3.3539,605.0,65.0,117.65,0.0,4.0,3.2,4.4,289.0,261.79,59.0,1.0
1.0,1.0,1.0,0.0,2.0,0.0,80.0,0.0,1.0,0.0,1.0,290.0,262.79,8.0,0.0
1.0,1.0,1.0,0.0,1.0,1.0,72.0,0.0,1.0,0.06,1.0,291.0,263.75,9.0,0.0
1.0,1.0,1.0,0.0,9.0,3.0,611.0,0.0,3.0,0.11,52.0,292.0,264.72,42.0,0.0
1.0,1.0,1.0,0.0,6.0,0.0,617.0,0.0,3.0,0.05,53.0,293.0,265.69,43.0,0.0
4.0,11.0,20.0,3.35063,837.0,10.0,67.85,0.0,3.0,5.21,3.3,294.0,266.05,220.0,1.0
2.0,3.0,8.0,2.41001,330.0,8.0,56.13,0.0,2.0,5.66,5.0,296.0,267.37,167.0,1.0
2.0,6.0,16.0,3.75414,65.0,58.0,122.0,0.0,3.0,7.34,3.94,297.0,268.36,169.0,1.0
1.0,1.0,1.0,0.0,1.0,1.0,89.0,0.0,2.0,0.69,18.0,298.0,268.91,157.0,0.0
1.0,1.0,1.0,0.0,4.0,1.0,89.0,0.0,2.0,0.0,19.0,299.0,269.91,158.0,0.0
2.0,12.0,19.0,3.643780000000001,680.0,98.0,129.58,0.0,3.0,12.53,6.32,300.0,270.7,173.0,1.0
1.0,1.0,1.0,0.0,2.0,0.0,61.0,0.0,1.0,0.03,1.0,301.0,271.68,160.0,0.0
1.0,1.0,1.0,0.0,60.0,0.0,0.0,0.0,0.0,0.0,0.0,302.0,266.29,161.0,0.0
1.0,3.0,5.0,1.79368,106.0,8.0,212.8,0.0,2.0,14.23,10.6,304.0,266.42,163.0,1.0
1.0,1.0,1.0,0.0,58.0,0.0,0.0,0.0,0.0,0.0,0.0,305.0,267.41,15.0,0.0
2.0,3.0,3.0,0.524686,152.0,104.0,325.33,0.0,2.0,26.86,3.33,306.0,268.35,180.0,1.0
1.0,3.0,21.0,4.01384,1358.0,0.0,0.0,0.0,0.0,0.0,0.0,311.0,270.49,20.0,1.0
1.0,1.0,1.0,0.0,10.0,5.0,133.0,0.0,2.0,54.13,5.0,312.0,270.97,167.0,1.0
1.0,1.0,1.0,0.0,8.0,5.0,683.0,0.0,3.0,0.89,56.0,85.0,72.16,9.0,0.0
4.0,16.0,28.0,4.3255300000000005,2144.0,2145.0,121.29,0.0,2.0,34.14,1.14,87.0,74.14,57.0,0.0
1.0,1.0,1.0,0.0,55.0,55.0,55.0,0.0,2.0,26.11,3.0,88.0,75.14,4.0,0.0
1.0,1.0,1.0,0.0,2.0,1.0,686.0,0.0,3.0,0.68,57.0,313.0,271.48,46.0,0.0
1.0,18.0,43.0,3.42706,0.0,2290.0,53.26,0.0,2.0,19.01,0.12,316.0,274.35,1.0,0.0
1.0,3.0,3.0,0.402383,62.0,60.0,234.67,0.0,2.0,8.02,14.67,318.0,276.31,170.0,0.0
1.0,1.0,1.0,0.0,174.0,0.0,0.0,0.0,0.0,0.0,0.0,320.0,277.83,24.0,0.0
1.0,1.0,1.0,0.0,2.0,0.0,719.0,0.0,3.0,1.96,60.0,321.0,278.09,49.0,0.0
1.0,1.0,2.0,0.512709,34.0,1.0,39.0,0.0,3.0,2.29,3.0,322.0,279.03,6.0,0.0
4.0,16.0,19.0,3.07892,1949.0,84.0,59.26,0.0,4.0,3.17,3.63,323.0,279.91,84.0,1.0
1.0,1.0,1.0,0.0,9.0,1.0,826.0,0.0,1.0,2.4,1.0,0.0,0.0,0.0,0.0
1.0,1.0,1.0,0.0,1.0,1.0,323.0,0.0,1.0,3.05,1.0,1.0,0.99,1.0,0.0
1.0,2.0,2.0,0.991076,8.0,1.0,29.0,0.0,1.0,3.59,0.5,325.0,279.52,9.0,0.0
1.0,1.0,1.0,0.0,1.0,15.0,516.0,0.0,2.0,12.05,43.0,326.0,280.52,171.0,0.0
1.0,2.0,2.0,0.961237,9.0,4.0,188.5,0.0,3.0,27.76,12.0,327.0,281.52,27.0,0.0
1.0,1.0,1.0,0.0,16.0,0.0,572.0,0.0,1.0,4.76,1.0,2.0,1.98,1.0,0.0
1.0,1.0,1.0,0.0,71.0,9.0,323.0,0.0,1.0,2.25,2.0,3.0,2.98,2.0,0.0
1.0,2.0,2.0,1.0,64.0,2.0,42.5,0.0,1.0,3.89,1.0,91.0,76.55,3.0,0.0
1.0,4.0,9.0,2.25217,151.0,71.0,59.22,0.0,2.0,32.99,1.44,331.0,283.23,29.0,1.0
1.0,1.0,1.0,0.0,7.0,7.0,65.0,0.0,1.0,36.09,4.0,332.0,284.22,30.0,0.0
2.0,3.0,3.0,1.49371,7.0,14.0,370.67,0.0,2.0,4.1,1.67,4.0,3.93,5.0,0.0
1.0,1.0,1.0,0.0,25.0,0.0,591.0,0.0,1.0,0.25,3.0,5.0,4.93,3.0,0.0
1.0,1.0,1.0,0.0,1.0,1.0,375.0,0.0,1.0,0.29,4.0,334.0,284.41,6.0,0.0
3.0,9.0,8.0,1.03619,35.0,0.0,160.88,0.0,2.0,4.98,1.5,335.0,285.35,40.0,0.0
3.0,7.0,15.0,3.04166,1142.0,2.0,88.87,0.0,3.0,3.75,4.47,336.0,286.31,98.0,1.0
1.0,1.0,1.0,0.0,1.0,1.0,71.0,0.0,1.0,0.02,1.0,337.0,287.3,34.0,0.0
1.0,1.0,1.0,0.0,26.0,8.0,139.0,0.0,2.0,0.16,5.0,7.0,6.91,5.0,0.0
1.0,1.0,1.0,0.0,1.0,1.0,402.0,0.0,2.0,0.26,6.0,8.0,7.91,6.0,0.0
1.0,1.0,1.0,0.0,29.0,17.0,616.0,0.0,2.0,1.04,5.0,9.0,8.9,7.0,0.0
1.0,2.0,2.0,0.721928,8.0,2.0,279.5,0.0,2.0,0.72,5.0,10.0,9.89,8.0,0.0
1.0,1.0,1.0,0.0,17.0,1.0,1.0,0.0,1.0,2.08,1.0,93.0,77.45,7.0,0.0
1.0,1.0,1.0,0.0,6.0,0.0,109.0,0.0,3.0,0.01,11.0,346.0,294.85,41.0,0.0
0.0,0.0,0.0,0.0,0.0,0.0,0.0,0.0,0.0,0.0,0.0,94.0,78.44,0.0,0.0
1.0,2.0,2.0,0.151469,11.0,631.0,518.0,0.0,2.0,1.54,6.0,12.0,11.85,10.0,0.0
1.0,1.0,1.0,0.0,2.0,0.0,756.0,0.0,3.0,2.85,64.0,347.0,295.22,53.0,0.0
1.0,1.0,2.0,1.0,21.0,5.0,137.0,0.0,4.0,0.94,7.5,348.0,296.2,42.0,0.0
1.0,1.0,1.0,0.0,1.0,31.0,69.0,0.0,2.0,7.08,2.0,350.0,298.18,10.0,0.0
1.0,10.0,5.0,0.0,0.0,0.0,44.8,0.0,1.0,0.0,0.2,351.0,299.18,11.0,0.0
1.0,1.0,1.0,0.0,0.0,150.0,150.0,0.0,1.0,0.27,2.0,354.0,301.44,45.0,0.0
1.0,5.0,8.0,2.5641700000000003,201.0,21.0,32.38,0.0,3.0,32.56,4.5,355.0,302.44,175.0,1.0
1.0,1.0,1.0,0.0,1.0,1.0,31.0,0.0,1.0,0.0,1.0,356.0,303.44,176.0,0.0
1.0,1.0,1.0,0.0,1.0,4.0,79.0,0.0,2.0,0.03,6.0,359.0,304.51,47.0,0.0
2.0,19.0,63.0,4.15573,1357.0,912.0,78.0,0.0,2.0,29.19,1.25,360.0,305.5,227.0,1.0
1.0,1.0,1.0,0.0,1.0,1.0,40.0,0.0,1.0,7.52,3.0,13.0,12.69,11.0,0.0
1.0,2.0,2.0,0.043472,631.0,1.0,78.5,0.0,2.0,3.07,3.5,14.0,13.69,12.0,0.0
1.0,1.0,1.0,0.0,333.0,377.0,429.0,0.0,2.0,5.09,3.0,16.0,15.68,14.0,0.0
1.0,5.0,13.0,3.47099,846.0,119.0,60.85,0.0,2.0,3.73,3.46,364.0,308.69,182.0,1.0
1.0,1.0,1.0,0.0,2.0,2.0,59.0,0.0,1.0,0.01,2.0,366.0,310.68,184.0,0.0
2.0,14.0,36.0,3.91156,554.0,178.0,100.72,0.0,2.0,34.5,3.17,368.0,311.79,237.0,1.0
1.0,1.0,1.0,0.0,1.0,1.0,272.0,0.0,2.0,0.01,10.0,369.0,312.79,52.0,0.0
1.0,1.0,1.0,0.0,1.0,1.0,272.0,0.0,2.0,0.02,11.0,370.0,313.77,53.0,0.0
2.0,3.0,4.0,1.6143299999999998,12.0,1.0,330.0,0.0,3.0,9.15,17.25,371.0,314.29,69.0,0.0
2.0,7.0,11.0,2.3138,306.0,39.0,143.0,0.0,2.0,18.39,6.45,372.0,315.28,241.0,1.0
2.0,2.0,2.0,0.591673,9.0,12.0,476.0,0.0,3.0,24.52,35.5,95.0,78.03,19.0,0.0
7.0,36.0,36.0,5.13156,39.0,39.0,119.78,0.0,5.0,24.3,4.17,97.0,79.83,90.0,0.0
3.0,10.0,22.0,4.0044900000000005,1298.0,37.0,60.59,0.0,3.0,0.9,4.0,375.0,316.26,302.0,1.0
1.0,7.0,8.0,2.44342,240.0,6.0,41.25,0.0,2.0,6.97,1.88,379.0,319.5,59.0,1.0
1.0,1.0,1.0,0.0,6.0,5.0,44.0,1.0,1.0,6.72,1.0,380.0,320.44,192.0,0.0
3.0,3.0,3.0,1.52745,16.0,29.0,365.33,0.0,3.0,0.94,27.33,385.0,325.28,315.0,0.0
1.0,5.0,13.0,3.04601,100.0,32.0,31.31,0.0,1.0,0.03,0.31,390.0,329.45,68.0,0.0
1.0,4.0,25.0,3.60264,59.0,59.0,43.08,0.0,1.0,0.02,0.24,392.0,331.44,70.0,0.0
1.0,3.0,6.0,1.94001,22.0,24.0,75.17,0.0,1.0,0.02,1.17,394.0,333.39,72.0,0.0
2.0,19.0,39.0,4.158930000000002,884.0,443.0,65.92,0.0,4.0,4.88,2.1,396.0,335.19,273.0,1.0
1.0,2.0,34.0,4.85095,1601.0,99.0,4.68,0.0,1.0,0.28,0.03,398.0,336.89,201.0,1.0
1.0,1.0,1.0,0.0,17.0,23.0,633.0,0.0,1.0,9.15,2.0,18.0,17.26,16.0,0.0
4.0,27.0,60.0,5.2256,1616.0,154.0,93.85,0.0,3.0,12.55,3.2,401.0,339.03,356.0,1.0
1.0,1.0,1.0,0.0,18.0,0.0,0.0,0.0,0.0,0.0,0.0,403.0,341.02,80.0,0.0
2.0,3.0,4.0,1.64928,52.0,25.0,36.0,0.0,1.0,14.29,1.5,406.0,335.33,288.0,1.0
2.0,2.0,2.0,0.650022,13.0,5.0,277.0,0.0,2.0,16.17,22.0,407.0,336.29,290.0,0.0
2.0,5.0,5.0,1.93638,31.0,22.0,129.0,0.0,2.0,12.48,7.0,408.0,336.5,292.0,0.0
1.0,1.0,3.0,1.40936,20.0,5.0,47.67,0.0,1.0,9.05,1.33,410.0,337.87,210.0,0.0
1.0,1.0,1.0,0.0,0.0,2.0,159.0,0.0,2.0,14.53,10.0,413.0,340.84,88.0,0.0
1.0,1.0,1.0,0.0,0.0,6.0,122.0,0.0,4.0,14.53,14.0,414.0,341.83,89.0,0.0
2.0,10.0,15.0,3.47231,139.0,44.0,91.53,0.0,3.0,21.69,4.07,415.0,342.72,302.0,1.0
2.0,9.0,30.0,3.9551,255.0,99.0,104.43,0.0,2.0,9.18,3.27,417.0,344.57,306.0,1.0
1.0,1.0,1.0,0.0,4.0,3.0,84.0,0.0,1.0,44.64,6.0,418.0,345.15,93.0,0.0
1.0,1.0,1.0,0.0,10.0,13.0,85.0,0.0,1.0,0.01,7.0,419.0,346.15,94.0,0.0
1.0,1.0,1.0,0.0,1.0,1.0,82.0,0.0,1.0,0.0,8.0,420.0,347.15,95.0,0.0
2.0,2.0,2.0,1.0,4.0,2.0,34.5,0.0,1.0,33.14,2.5,422.0,348.99,25.0,0.0
1.0,1.0,1.0,0.0,9.0,2.0,260.0,0.0,1.0,24.28,4.0,423.0,349.87,97.0,0.0
2.0,6.0,7.0,2.62393,240.0,20.0,72.71,0.0,2.0,24.82,3.14,424.0,350.87,314.0,1.0
2.0,2.0,2.0,0.961237,15.0,11.0,510.5,0.0,3.0,11.27,39.5,425.0,351.39,160.0,0.0
2.0,7.0,9.0,2.93533,18.0,18.0,141.22,0.0,2.0,49.63,7.11,427.0,353.39,318.0,1.0
1.0,9.0,16.0,3.36077,878.0,0.0,2.38,0.0,2.0,1.29,0.31,428.0,354.39,13.0,1.0
1.0,1.0,1.0,0.0,24.0,0.0,0.0,0.0,0.0,0.0,0.0,429.0,355.37,14.0,0.0
1.0,1.0,1.0,0.0,0.0,6.0,59.0,0.0,1.0,0.08,1.0,431.0,357.33,16.0,0.0
2.0,4.0,6.0,2.34429,207.0,48.0,32.83,0.0,2.0,8.01,2.5,434.0,360.12,322.0,1.0
1.0,2.0,3.0,1.58496,15.0,12.0,95.67,0.0,1.0,0.3,0.67,436.0,362.11,17.0,0.0
1.0,1.0,1.0,0.0,0.0,73.0,73.0,0.0,1.0,63.06,1.0,437.0,363.1,221.0,0.0
1.0,1.0,1.0,0.0,4.0,0.0,84.0,0.0,1.0,15.3,1.0,438.0,364.05,104.0,0.0
1.0,1.0,1.0,0.0,0.0,1.0,147.0,0.0,1.0,1.09,13.0,441.0,366.48,107.0,0.0
1.0,1.0,1.0,0.0,7.0,71.0,619.0,0.0,2.0,1.44,49.0,444.0,368.38,224.0,0.0
1.0,3.0,6.0,2.05404,140.0,65.0,176.83,0.0,2.0,1.45,8.17,446.0,369.84,226.0,1.0
2.0,10.0,21.0,2.5225,780.0,515.0,140.24,0.0,2.0,17.15,4.57,447.0,370.64,336.0,1.0
1.0,1.0,11.0,3.17615,11.0,20.0,85.73,0.0,1.0,0.14,0.91,448.0,371.62,228.0,0.0
2.0,5.0,23.0,3.57226,34.0,1502.0,115.0,0.0,2.0,16.02,3.13,449.0,372.59,339.0,0.0
1.0,1.0,1.0,0.0,1.0,2.0,92.0,1.0,2.0,25.17,3.0,450.0,373.58,230.0,0.0
2.0,10.0,14.0,3.39665,56.0,2.0,48.0,0.0,1.0,22.74,0.79,452.0,374.26,133.0,1.0
2.0,16.0,27.0,4.2734,929.0,111.0,52.07,0.0,3.0,9.4,1.15,453.0,374.71,345.0,1.0
1.0,2.0,3.0,1.21129,18.0,15.0,85.67,0.0,3.0,0.04,9.33,455.0,376.17,234.0,0.0
1.0,1.0,1.0,0.0,0.0,25.0,25.0,0.0,1.0,1.57,1.0,459.0,379.36,118.0,0.0
1.0,4.0,7.0,2.62906,348.0,0.0,0.0,0.0,0.0,0.0,0.0,463.0,383.02,122.0,1.0
1.0,1.0,1.0,0.0,4.0,4.0,56.0,1.0,1.0,25.4,2.0,464.0,384.0,239.0,0.0
1.0,1.0,1.0,0.0,2.0,1.0,221.0,0.0,1.0,0.15,2.0,467.0,384.6,242.0,0.0
1.0,2.0,2.0,0.970951,8.0,2.0,73.0,0.0,1.0,0.15,0.5,468.0,385.59,124.0,0.0
1.0,1.0,2.0,0.985228,10.0,4.0,77.0,0.0,1.0,29.51,0.5,469.0,386.43,243.0,0.0
1.0,2.0,2.0,0.9004850000000001,56.0,23.0,39.0,0.0,1.0,0.09,1.0,470.0,387.43,125.0,1.0
0.0,0.0,0.0,0.0,0.0,0.0,0.0,0.0,0.0,0.0,0.0,98.0,75.5,0.0,0.0
1.0,3.0,5.0,1.80735,14.0,14.0,102.8,0.0,2.0,2.99,3.6,99.0,76.49,11.0,0.0
0.0,0.0,0.0,0.0,0.0,0.0,0.0,0.0,0.0,0.0,0.0,102.0,79.47,0.0,0.0
1.0,1.0,1.0,0.0,0.0,32.0,32.0,0.0,1.0,14.73,2.0,473.0,389.93,245.0,0.0
1.0,3.0,6.0,2.21849,436.0,0.0,5.83,0.0,2.0,0.07,1.17,474.0,390.9,246.0,1.0
1.0,1.0,1.0,0.0,1.0,0.0,48.0,0.0,2.0,4.03,8.0,475.0,391.84,247.0,0.0
2.0,3.0,4.0,1.682,24.0,3.0,359.5,0.0,3.0,22.14,20.25,477.0,393.83,80.0,0.0
1.0,1.0,1.0,0.0,39.0,40.0,879.0,0.0,3.0,0.0,78.0,478.0,394.83,64.0,0.0
1.0,1.0,1.0,0.0,2.0,2.0,217.0,0.0,2.0,0.71,18.0,479.0,395.77,128.0,0.0
1.0,1.0,1.0,0.0,4.0,0.0,878.0,0.0,3.0,0.09,79.0,481.0,397.75,65.0,0.0
1.0,6.0,6.0,1.75932,6.0,86.0,34.33,0.0,1.0,0.42,0.67,485.0,401.62,130.0,0.0
1.0,5.0,5.0,1.8821,31.0,5.0,164.2,0.0,2.0,4.97,11.4,486.0,402.57,252.0,0.0
1.0,3.0,13.0,3.40726,1.0,1057.0,88.62,0.0,1.0,30.02,0.31,487.0,403.52,131.0,0.0
1.0,3.0,3.0,0.47029,201.0,120.0,233.33,0.0,3.0,0.01,3.67,488.0,404.52,253.0,0.0
1.0,1.0,1.0,0.0,2.0,2.0,882.0,0.0,3.0,0.26,80.0,489.0,405.51,66.0,0.0
0.0,0.0,0.0,0.0,0.0,0.0,0.0,0.0,0.0,0.0,0.0,105.0,82.3,0.0,0.0
0.0,0.0,0.0,0.0,0.0,0.0,0.0,0.0,0.0,0.0,0.0,108.0,85.29,0.0,0.0
1.0,1.0,1.0,0.0,7.0,5.0,85.0,0.0,2.0,0.6,8.0,491.0,406.85,132.0,0.0
1.0,1.0,1.0,0.0,1.0,1.0,35.0,0.0,2.0,0.67,5.0,492.0,407.73,255.0,0.0
2.0,9.0,14.0,3.3159400000000003,362.0,106.0,87.43,0.0,2.0,15.33,1.21,493.0,408.73,155.0,1.0
1.0,2.0,3.0,1.22439,24.0,3.0,149.67,0.0,2.0,0.03,4.33,494.0,409.71,134.0,0.0
1.0,4.0,4.0,1.45335,32.0,34.0,98.0,0.0,3.0,0.67,3.5,495.0,410.69,256.0,0.0
1.0,2.0,2.0,0.932112,41.0,5.0,66.5,0.0,2.0,0.56,5.0,496.0,411.67,257.0,0.0
3.0,4.0,5.0,1.77095,1.0,9.0,136.2,0.0,2.0,7.61,5.6,497.0,412.66,167.0,0.0
1.0,1.0,1.0,0.0,0.0,116.0,116.0,0.0,4.0,14.15,15.0,498.0,413.66,136.0,0.0
1.0,1.0,1.0,0.0,0.0,34.0,34.0,0.0,2.0,33.01,3.0,500.0,415.66,15.0,0.0
1.0,4.0,4.0,1.86533,0.0,189.0,47.25,0.0,2.0,28.27,1.0,501.0,416.65,16.0,0.0
1.0,1.0,1.0,0.0,0.0,9.0,1027.0,0.0,3.0,0.82,82.0,503.0,418.6,67.0,0.0
1.0,1.0,1.0,0.0,1.0,1.0,264.0,0.0,1.0,0.84,1.0,110.0,87.13,3.0,0.0
1.0,2.0,2.0,0.591673,13.0,1.0,59.0,0.0,3.0,0.77,2.5,504.0,419.03,258.0,0.0
2.0,2.0,2.0,0.117595,42.0,21.0,248.5,0.0,2.0,1.18,6.5,505.0,419.92,397.0,0.0
1.0,1.0,1.0,0.0,13.0,6.0,361.0,0.0,2.0,1.69,25.0,506.0,420.92,260.0,0.0
1.0,1.0,1.0,0.0,3.0,21.0,91.0,0.0,3.0,33.9,8.0,509.0,423.8,24.0,0.0
1.0,7.0,28.0,4.34213,751.0,84.0,107.68,0.0,2.0,1.32,2.71,510.0,424.69,262.0,1.0
1.0,1.0,1.0,0.0,11.0,0.0,53.0,0.0,1.0,13.27,2.0,511.0,425.69,25.0,0.0
1.0,5.0,15.0,2.9571400000000003,343.0,20.0,131.6,0.0,2.0,0.8,4.27,512.0,426.65,263.0,1.0
1.0,1.0,1.0,0.0,13.0,1.0,132.0,0.0,2.0,1.85,4.0,515.0,429.64,140.0,0.0
1.0,1.0,2.0,0.997503,33.0,1.0,7.0,0.0,1.0,2.48,0.5,111.0,87.92,15.0,0.0
1.0,5.0,15.0,3.46687,624.0,52.0,41.87,1.0,3.0,0.58,1.33,516.0,430.09,265.0,1.0
1.0,2.0,2.0,0.734956,0.0,121.0,60.5,0.0,2.0,17.89,2.5,518.0,431.92,142.0,0.0
1.0,2.0,5.0,1.8485,167.0,9.0,60.4,1.0,3.0,1.56,4.2,519.0,432.89,143.0,1.0
1.0,4.0,5.0,1.84694,177.0,6.0,48.8,1.0,3.0,0.01,3.4,520.0,433.86,144.0,1.0
1.0,1.0,2.0,0.191433,18.0,16.0,23.0,0.0,2.0,0.62,1.0,521.0,434.86,145.0,0.0
1.0,1.0,1.0,0.0,28.0,1.0,40.0,0.0,2.0,12.71,7.0,523.0,436.72,28.0,0.0
2.0,4.0,6.0,2.21877,69.0,38.0,122.83,0.0,2.0,0.97,6.83,524.0,437.71,414.0,1.0
1.0,1.0,1.0,0.0,8.0,0.0,129.0,0.0,2.0,2.81,6.0,526.0,439.68,149.0,0.0
1.0,1.0,1.0,0.0,1.0,1.0,44.0,0.0,1.0,0.03,1.0,527.0,440.66,150.0,0.0
1.0,1.0,2.0,0.991076,13.0,5.0,73.0,0.0,2.0,0.02,2.5,528.0,441.65,151.0,0.0
1.0,1.0,2.0,0.859408,181.0,24.0,143.5,0.0,1.0,1.44,0.5,114.0,90.73,4.0,0.0
2.0,7.0,17.0,3.62569,852.0,5.0,69.94,0.0,2.0,1.42,5.41,529.0,439.96,421.0,1.0
1.0,2.0,2.0,0.702467,20.0,1.0,81.0,0.0,2.0,4.81,5.5,530.0,440.85,270.0,0.0
1.0,1.0,1.0,0.0,8.0,0.0,331.0,0.0,2.0,4.78,21.0,531.0,441.85,19.0,0.0
1.0,1.0,1.0,0.0,5.0,0.0,282.0,0.0,2.0,2.81,28.0,532.0,442.84,153.0,0.0
1.0,1.0,1.0,0.0,12.0,1.0,287.0,0.0,2.0,0.01,29.0,533.0,443.83,154.0,0.0
1.0,4.0,5.0,1.61488,333.0,6.0,84.6,0.0,2.0,2.52,3.6,534.0,444.73,271.0,1.0
0.0,0.0,0.0,0.0,0.0,0.0,0.0,0.0,0.0,0.0,0.0,116.0,92.18,0.0,0.0
1.0,1.0,1.0,0.0,1.0,1.0,57.0,0.0,2.0,0.0,7.0,538.0,448.57,32.0,0.0
1.0,1.0,1.0,0.0,152.0,71.0,127.0,0.0,2.0,6.0,12.0,539.0,449.54,272.0,0.0
8.0,42.0,42.0,5.37975,43.0,43.0,131.4,0.0,5.0,22.84,4.6,117.0,93.12,123.0,0.0
1.0,2.0,2.0,0.985228,10.0,4.0,120.5,1.0,2.0,6.89,9.5,540.0,449.49,155.0,0.0
1.0,3.0,3.0,1.26867,111.0,32.0,126.0,0.0,3.0,2.13,3.67,543.0,451.91,275.0,1.0
1.0,1.0,1.0,0.0,13.0,4.0,364.0,0.0,2.0,7.82,3.0,545.0,453.64,277.0,0.0
1.0,1.0,1.0,0.0,16.0,9.0,297.0,0.0,1.0,4.78,2.0,118.0,93.76,6.0,0.0
2.0,4.0,5.0,1.49256,358.0,2.0,202.0,0.0,3.0,1.21,16.8,119.0,94.76,34.0,0.0
1.0,2.0,2.0,0.904381,95.0,55.0,116.5,0.0,1.0,0.02,0.5,120.0,95.75,19.0,0.0
1.0,1.0,1.0,0.0,9.0,1.0,765.0,0.0,3.0,0.05,5.0,549.0,457.53,18.0,0.0
1.0,1.0,1.0,0.0,3.0,3.0,40.0,0.0,1.0,0.24,1.0,121.0,96.7,20.0,0.0
1.0,1.0,1.0,0.0,6.0,0.0,124.0,0.0,2.0,21.34,19.0,122.0,97.7,21.0,0.0
1.0,2.0,2.0,0.214777,204.0,1.0,24.0,0.0,3.0,4.68,2.5,123.0,98.61,10.0,0.0
1.0,2.0,2.0,0.314356,560.0,4.0,79.0,0.0,3.0,4.68,5.0,124.0,99.61,11.0,0.0
1.0,2.0,3.0,0.4005260000000001,283.0,1.0,281.67,0.0,3.0,13.73,2.33,550.0,457.91,19.0,0.0
1.0,1.0,1.0,0.0,9.0,5.0,198.0,0.0,1.0,0.04,1.0,551.0,458.88,20.0,0.0
2.0,3.0,3.0,1.39017,42.0,16.0,215.67,0.0,2.0,8.02,11.67,556.0,463.79,440.0,1.0
1.0,1.0,1.0,0.0,1.0,1.0,182.0,0.0,3.0,0.09,12.0,557.0,464.78,24.0,0.0
1.0,1.0,1.0,0.0,32.0,17.0,369.0,0.0,1.0,0.02,2.0,558.0,465.77,25.0,0.0
1.0,2.0,4.0,1.04552,257.0,6.0,311.75,0.0,3.0,0.18,2.75,560.0,467.59,26.0,1.0
1.0,8.0,6.0,0.0,0.0,0.0,266.83,0.0,3.0,17.02,3.5,125.0,100.54,12.0,0.0
1.0,2.0,2.0,1.0,2.0,2.0,65.5,0.0,3.0,20.46,4.0,126.0,101.54,13.0,0.0
1.0,1.0,1.0,0.0,0.0,35.0,298.0,0.0,2.0,3.13,30.0,562.0,469.54,161.0,0.0
1.0,2.0,2.0,0.199024,96.0,1.0,20.0,0.0,3.0,0.16,3.0,563.0,470.54,28.0,0.0
1.0,1.0,1.0,0.0,12.0,1.0,219.0,0.0,2.0,0.01,4.0,564.0,471.5,29.0,0.0
1.0,1.0,1.0,0.0,39.0,32.0,308.0,0.0,3.0,0.13,8.0,565.0,472.48,282.0,0.0
1.0,2.0,2.0,0.836641,43.0,2.0,149.5,0.0,2.0,22.63,16.0,566.0,473.48,162.0,0.0
1.0,2.0,2.0,0.558629,83.0,9.0,137.0,0.0,3.0,0.03,5.5,128.0,103.52,15.0,0.0
1.0,1.0,1.0,0.0,3.0,1.0,315.0,0.0,3.0,0.01,9.0,567.0,474.47,283.0,0.0
2.0,3.0,4.0,1.45593,40.0,4.0,53.75,0.0,2.0,19.69,2.0,570.0,477.37,449.0,0.0
1.0,1.0,1.0,0.0,2.0,1.0,41.0,0.0,3.0,0.16,7.0,571.0,478.36,30.0,0.0
1.0,4.0,5.0,1.3041,121.0,8.0,140.2,1.0,2.0,5.74,5.4,573.0,479.92,287.0,1.0
1.0,1.0,1.0,0.0,5.0,1.0,78.0,0.0,2.0,0.58,4.0,574.0,480.92,31.0,0.0
1.0,2.0,2.0,0.825627,22.0,5.0,156.0,1.0,2.0,5.83,13.5,575.0,481.91,165.0,0.0
1.0,1.0,1.0,0.0,11.0,3.0,180.0,0.0,2.0,3.89,20.0,576.0,482.84,288.0,0.0
1.0,1.0,1.0,0.0,4.0,5.0,126.0,0.0,2.0,38.91,4.0,578.0,484.81,166.0,0.0
2.0,3.0,8.0,2.83516,115.0,51.0,106.5,0.0,3.0,8.23,2.25,579.0,485.81,457.0,1.0
1.0,2.0,2.0,0.764205,3.0,15.0,204.5,0.0,3.0,0.28,6.0,584.0,490.32,293.0,0.0
1.0,1.0,1.0,0.0,3.0,3.0,63.0,0.0,2.0,10.45,4.0,586.0,491.59,170.0,0.0
1.0,3.0,7.0,2.1272900000000003,173.0,10.0,61.86,0.0,2.0,0.2,1.57,587.0,492.19,295.0,1.0
1.0,1.0,1.0,0.0,28.0,9.0,80.0,0.0,2.0,11.49,2.0,589.0,493.53,297.0,0.0
1.0,5.0,10.0,2.79346,332.0,26.0,128.8,0.0,2.0,4.94,4.9,590.0,494.53,298.0,1.0
1.0,1.0,2.0,0.999868,148.0,0.0,0.0,0.0,0.0,0.0,0.0,591.0,495.52,299.0,0.0
1.0,2.0,2.0,0.291818,76.0,2.0,77.5,0.0,2.0,0.79,4.5,592.0,496.51,172.0,0.0
2.0,5.0,14.0,3.69453,558.0,126.0,27.64,0.0,2.0,2.48,0.71,593.0,497.13,473.0,1.0
1.0,2.0,4.0,1.75272,3.0,6.0,71.25,0.0,2.0,12.53,7.25,596.0,499.33,302.0,0.0
1.0,2.0,3.0,0.336679,59.0,0.0,74.0,0.0,2.0,6.0,5.33,598.0,500.9,304.0,0.0
1.0,2.0,4.0,1.70816,305.0,3.0,34.5,0.0,1.0,1.26,0.5,600.0,502.84,306.0,1.0
1.0,4.0,4.0,1.89106,6.0,3.0,44.5,1.0,2.0,72.72,3.0,601.0,503.8,177.0,0.0
1.0,1.0,1.0,0.0,163.0,95.0,532.0,0.0,2.0,5.89,2.0,131.0,105.22,17.0,0.0
1.0,1.0,1.0,0.0,25.0,9.0,600.0,0.0,2.0,0.4,3.0,132.0,106.12,18.0,0.0
1.0,1.0,1.0,0.0,0.0,0.0,0.0,0.0,0.0,0.0,0.0,133.0,107.11,19.0,0.0
1.0,2.0,3.0,1.52193,15.0,5.0,201.33,0.0,2.0,2.35,8.0,135.0,109.09,4.0,0.0
1.0,1.0,1.0,0.0,169.0,141.0,1032.0,0.0,3.0,0.92,88.0,605.0,503.59,71.0,0.0
2.0,2.0,2.0,0.515947,77.0,1.0,53.5,0.0,2.0,7.83,5.0,606.0,504.59,487.0,0.0
1.0,3.0,3.0,1.34214,18.0,3.0,45.33,0.0,2.0,49.37,0.67,607.0,505.42,32.0,0.0
1.0,2.0,2.0,0.629249,35.0,3.0,198.5,0.0,3.0,6.86,6.5,608.0,506.34,308.0,0.0
1.0,5.0,6.0,2.00978,60.0,5.0,29.33,0.0,2.0,15.97,1.0,609.0,507.08,33.0,0.0
1.0,1.0,1.0,0.0,17.0,15.0,77.0,0.0,2.0,17.53,13.0,610.0,507.47,309.0,0.0
3.0,4.0,4.0,1.2747700000000002,19.0,74.0,95.25,0.0,2.0,13.85,6.5,613.0,508.1,496.0,1.0
1.0,1.0,2.0,0.721928,18.0,2.0,274.0,0.0,2.0,14.83,11.0,614.0,507.9,311.0,0.0
2.0,11.0,24.0,4.07206,1805.0,12.0,22.71,0.0,2.0,2.99,0.63,615.0,508.77,495.0,1.0
1.0,1.0,3.0,1.46788,78.0,67.0,96.67,0.0,2.0,20.71,3.67,616.0,509.75,313.0,1.0
1.0,2.0,4.0,1.6313799999999998,57.0,56.0,91.25,0.0,2.0,5.25,3.75,617.0,510.67,314.0,1.0
1.0,8.0,16.0,3.53274,598.0,44.0,96.94,0.0,3.0,10.42,5.81,136.0,108.63,62.0,1.0
1.0,1.0,2.0,0.996316,196.0,0.0,0.0,0.0,0.0,0.0,0.0,619.0,512.51,185.0,0.0
1.0,10.0,14.0,2.54291,401.0,51.0,48.29,0.0,2.0,14.69,2.57,137.0,109.61,23.0,1.0
2.0,2.0,2.0,0.721928,2.0,8.0,577.5,0.0,3.0,0.14,46.0,138.0,110.59,81.0,0.0
1.0,1.0,1.0,0.0,8.0,8.0,90.0,0.0,2.0,20.94,12.0,139.0,111.59,24.0,0.0
1.0,1.0,1.0,0.0,1.0,0.0,103.0,0.0,1.0,0.01,1.0,625.0,517.3,189.0,0.0
1.0,2.0,2.0,0.8453510000000001,10.0,1.0,139.0,0.0,2.0,6.75,11.0,626.0,518.29,317.0,0.0
1.0,1.0,1.0,0.0,1.0,0.0,63.0,0.0,2.0,1.02,12.0,627.0,519.24,190.0,0.0
3.0,5.0,5.0,1.85279,64.0,10.0,344.4,0.0,3.0,5.95,21.4,141.0,113.14,109.0,1.0
1.0,2.0,4.0,1.57854,180.0,20.0,43.75,0.0,2.0,0.9,3.75,628.0,518.17,191.0,1.0
1.0,2.0,3.0,1.51759,325.0,0.0,0.0,0.0,0.0,0.0,0.0,142.0,113.89,27.0,1.0
2.0,13.0,17.0,3.22954,308.0,19.0,176.0,0.0,2.0,17.08,4.59,629.0,518.99,510.0,1.0
1.0,1.0,1.0,0.0,2.0,1.0,107.0,0.0,2.0,0.19,16.0,630.0,519.94,193.0,0.0
1.0,1.0,1.0,0.0,6.0,0.0,76.0,0.0,2.0,7.33,7.0,632.0,518.41,319.0,0.0
1.0,1.0,1.0,0.0,8.0,0.0,544.0,0.0,2.0,18.98,49.0,633.0,519.4,320.0,1.0
1.0,1.0,1.0,0.0,4.0,0.0,174.0,0.0,2.0,26.89,8.0,634.0,520.4,321.0,0.0
1.0,5.0,11.0,2.82598,322.0,37.0,114.18,0.0,2.0,10.6,5.73,635.0,521.38,322.0,1.0
1.0,4.0,4.0,1.51505,170.0,0.0,10.0,0.0,2.0,14.91,0.5,636.0,521.58,5.0,0.0
4.0,12.0,21.0,3.3386,241.0,85.0,170.52,0.0,4.0,10.84,9.14,639.0,524.47,616.0,1.0
1.0,2.0,2.0,0.503258,9.0,9.0,216.5,0.0,3.0,0.0,15.5,640.0,525.47,325.0,0.0
2.0,26.0,42.0,5.18527,200.0,146.0,118.48,0.0,3.0,21.18,3.5,641.0,526.42,522.0,1.0
1.0,3.0,4.0,1.95071,50.0,0.0,268.0,0.0,3.0,0.19,13.25,4.0,3.37,2.0,0.0
1.0,4.0,7.0,2.22171,202.0,45.0,116.86,0.0,3.0,15.98,5.86,642.0,527.23,327.0,1.0
1.0,2.0,2.0,0.970504,263.0,0.0,80.0,0.0,2.0,9.47,5.0,643.0,528.2,328.0,0.0
2.0,24.0,40.0,4.66721,294.0,181.0,137.78,0.0,3.0,13.34,3.95,645.0,529.35,528.0,1.0
1.0,1.0,1.0,0.0,23.0,16.0,1073.0,0.0,3.0,1.27,95.0,144.0,114.58,20.0,0.0
1.0,1.0,1.0,0.0,7.0,0.0,251.0,0.0,3.0,2.06,17.0,646.0,529.14,331.0,0.0
1.0,1.0,1.0,0.0,2.0,2.0,120.0,0.0,2.0,1.91,11.0,647.0,530.11,332.0,0.0
1.0,1.0,1.0,0.0,24.0,1.0,76.0,0.0,2.0,1.03,12.0,648.0,531.11,333.0,0.0
2.0,3.0,4.0,1.27863,81.0,28.0,312.5,0.0,2.0,18.56,17.5,649.0,532.1,533.0,1.0
1.0,1.0,1.0,0.0,9.0,0.0,51.0,0.0,1.0,8.46,1.0,145.0,115.3,28.0,0.0
1.0,1.0,1.0,0.0,6.0,1.0,19.0,0.0,1.0,85.44,1.0,652.0,534.17,37.0,0.0
4.0,14.0,19.0,3.5837800000000004,771.0,76.0,102.26,0.0,3.0,7.12,4.84,653.0,534.68,612.0,1.0
5.0,16.0,30.0,4.23934,22.0,1588.0,116.43,0.0,3.0,25.53,4.9,146.0,116.08,70.0,0.0
2.0,3.0,4.0,1.6143299999999998,24.0,2.0,423.25,0.0,3.0,1.79,26.0,656.0,537.35,99.0,0.0
1.0,1.0,1.0,0.0,1.0,1.0,82.0,0.0,1.0,0.4,1.0,658.0,538.86,205.0,0.0
3.0,8.0,10.0,2.58115,627.0,6.0,62.6,0.0,2.0,2.65,3.9,659.0,539.77,399.0,1.0
2.0,6.0,11.0,2.83898,551.0,56.0,118.18,0.0,3.0,7.14,4.45,662.0,539.17,548.0,1.0
1.0,1.0,2.0,1.0,6.0,0.0,62.0,0.0,2.0,35.3,1.5,663.0,539.01,208.0,0.0
1.0,1.0,1.0,0.0,147.0,0.0,0.0,0.0,0.0,0.0,0.0,664.0,540.01,342.0,1.0
2.0,9.0,16.0,3.42239,422.0,11.0,136.63,0.0,3.0,6.87,7.13,666.0,541.99,553.0,1.0
1.0,1.0,1.0,0.0,0.0,2.0,96.0,0.0,2.0,26.82,5.0,667.0,542.75,37.0,0.0
1.0,1.0,1.0,0.0,1.0,1.0,68.0,0.0,3.0,0.18,18.0,668.0,543.63,211.0,0.0
1.0,4.0,6.0,2.34919,32.0,64.0,49.33,0.0,1.0,0.29,0.17,669.0,544.63,212.0,0.0
1.0,1.0,1.0,0.0,22.0,0.0,1074.0,0.0,3.0,4.68,98.0,6.0,5.29,1.0,0.0
1.0,1.0,1.0,0.0,18.0,0.0,0.0,0.0,0.0,0.0,0.0,670.0,545.61,213.0,0.0
2.0,14.0,14.0,3.0834200000000003,293.0,29.0,100.5,0.0,3.0,6.17,7.5,671.0,544.29,291.0,1.0
2.0,14.0,20.0,3.64835,602.0,16.0,68.0,0.0,3.0,7.36,4.45,674.0,547.28,560.0,1.0
1.0,1.0,1.0,0.0,3.0,2.0,44.0,0.0,1.0,16.74,1.0,675.0,548.26,345.0,0.0
1.0,1.0,1.0,0.0,1.0,1.0,69.0,0.0,3.0,0.06,20.0,676.0,549.2,217.0,0.0
1.0,1.0,1.0,0.0,4.0,0.0,68.0,0.0,2.0,37.7,2.0,677.0,550.19,346.0,0.0
1.0,2.0,2.0,0.678954,39.0,0.0,37.5,0.0,1.0,0.44,1.0,678.0,550.18,40.0,0.0
1.0,3.0,3.0,1.48548,8.0,2.0,45.0,0.0,2.0,34.68,3.0,679.0,551.18,41.0,0.0
2.0,3.0,3.0,1.5494,33.0,27.0,145.0,0.0,3.0,1.94,7.33,680.0,552.18,565.0,1.0
3.0,4.0,4.0,1.58089,30.0,3.0,419.25,0.0,3.0,4.04,30.0,682.0,554.18,323.0,0.0
1.0,1.0,1.0,0.0,3.0,1.0,1111.0,0.0,3.0,0.04,101.0,684.0,556.13,79.0,0.0
1.0,1.0,1.0,0.0,1.0,1.0,1113.0,0.0,3.0,2.07,102.0,685.0,554.54,80.0,0.0
1.0,5.0,19.0,2.71605,137.0,350.0,179.79,0.0,3.0,24.13,3.0,7.0,6.21,3.0,1.0
2.0,9.0,12.0,2.48231,132.0,83.0,129.58,0.0,4.0,20.89,5.83,147.0,114.54,96.0,1.0
1.0,1.0,1.0,0.0,0.0,9.0,192.0,0.0,2.0,0.09,9.0,690.0,559.22,224.0,0.0
1.0,1.0,1.0,0.0,1.0,1.0,183.0,0.0,1.0,2.38,5.0,8.0,7.21,0.0,0.0
1.0,1.0,1.0,0.0,8.0,0.0,194.0,0.0,3.0,0.09,16.0,9.0,8.21,4.0,0.0
1.0,1.0,1.0,0.0,1.0,1.0,188.0,0.0,3.0,0.07,16.0,148.0,115.52,67.0,0.0
1.0,2.0,2.0,0.8112779999999999,5.0,3.0,77.0,0.0,2.0,13.86,3.5,149.0,116.52,31.0,0.0
1.0,1.0,1.0,0.0,2.0,9.0,265.0,0.0,1.0,5.38,1.0,150.0,117.52,32.0,0.0
1.0,11.0,54.0,5.3028,3835.0,115.0,22.76,0.0,2.0,4.3,0.72,151.0,118.52,33.0,1.0
1.0,1.0,1.0,0.0,1.0,1.0,305.0,1.0,2.0,39.62,16.0,10.0,9.19,5.0,0.0
1.0,6.0,9.0,2.68339,770.0,61.0,216.67,0.0,4.0,4.25,6.33,153.0,120.29,68.0,1.0
1.0,1.0,1.0,0.0,8.0,9.0,148.0,0.0,1.0,0.02,1.0,693.0,560.03,350.0,0.0
1.0,1.0,1.0,0.0,38.0,19.0,147.0,0.0,1.0,0.35,2.0,694.0,560.58,351.0,0.0
1.0,1.0,1.0,0.0,2.0,2.0,1142.0,0.0,3.0,0.03,106.0,154.0,120.95,23.0,0.0
2.0,7.0,11.0,2.58734,452.0,1.0,9.91,0.0,3.0,4.45,3.09,16.0,15.12,14.0,1.0
1.0,1.0,1.0,0.0,17.0,0.0,21.0,0.0,1.0,0.0,1.0,17.0,16.12,6.0,0.0
1.0,1.0,1.0,0.0,4.0,0.0,109.0,0.0,1.0,0.1,1.0,18.0,17.12,7.0,0.0
0.0,0.0,0.0,0.0,0.0,0.0,0.0,0.0,0.0,0.0,0.0,157.0,123.73,0.0,0.0
1.0,2.0,2.0,0.650022,19.0,5.0,214.5,0.0,4.0,5.87,22.0,158.0,124.73,35.0,0.0
1.0,1.0,1.0,0.0,22.0,6.0,166.0,0.0,1.0,1.66,3.0,696.0,560.49,352.0,0.0
2.0,8.0,10.0,2.37398,73.0,24.0,182.8,1.0,3.0,18.4,9.7,162.0,127.32,107.0,1.0
1.0,1.0,1.0,0.0,1.0,2.0,520.0,0.0,3.0,7.94,19.0,698.0,556.1,353.0,0.0
1.0,2.0,3.0,1.29482,27.0,3.0,53.67,0.0,2.0,12.54,2.67,699.0,557.09,228.0,0.0
1.0,1.0,1.0,0.0,32.0,1.0,91.0,0.0,2.0,49.76,3.0,700.0,558.08,354.0,0.0
1.0,3.0,5.0,1.42804,70.0,6.0,101.0,1.0,2.0,30.04,3.8,163.0,128.02,38.0,1.0
1.0,2.0,2.0,0.394815,231.0,0.0,0.0,0.0,0.0,0.0,0.0,20.0,18.75,8.0,0.0
1.0,1.0,1.0,0.0,7.0,0.0,80.0,0.0,1.0,49.26,1.0,164.0,128.49,71.0,0.0
1.0,2.0,2.0,0.619382,10.0,3.0,378.5,0.0,2.0,20.31,6.0,703.0,554.93,229.0,0.0
4.0,12.0,19.0,3.3636,1120.0,26.0,129.37,0.0,3.0,7.06,7.84,704.0,555.85,713.0,1.0
1.0,2.0,3.0,1.51786,144.0,8.0,37.0,1.0,2.0,4.34,1.67,705.0,556.85,358.0,1.0
1.0,1.0,1.0,0.0,2.0,2.0,37.0,1.0,2.0,54.86,8.0,706.0,557.79,359.0,0.0
1.0,1.0,2.0,0.716962,77.0,4.0,35.5,0.0,2.0,27.44,1.5,709.0,560.61,232.0,0.0
1.0,2.0,2.0,0.909736,148.0,52.0,100.0,0.0,3.0,10.39,6.5,165.0,128.52,72.0,1.0
1.0,1.0,1.0,0.0,3.0,0.0,198.0,0.0,1.0,14.03,1.0,166.0,129.35,73.0,0.0
1.0,1.0,1.0,0.0,22.0,3.0,615.0,0.0,2.0,12.12,5.0,167.0,130.33,22.0,0.0
2.0,2.0,3.0,1.58158,40.0,1.0,47.0,0.0,1.0,2.84,0.67,168.0,131.31,113.0,0.0
1.0,2.0,3.0,1.57946,113.0,0.0,0.0,0.0,0.0,0.0,0.0,710.0,558.29,233.0,0.0
1.0,3.0,4.0,1.84832,117.0,2.0,254.75,0.0,3.0,4.24,8.5,169.0,131.78,40.0,0.0
1.0,1.0,1.0,0.0,5.0,0.0,332.0,0.0,3.0,0.0,29.0,170.0,132.78,41.0,0.0
1.0,7.0,13.0,3.01294,299.0,49.0,128.46,0.0,4.0,24.1,7.08,171.0,133.77,75.0,1.0
1.0,1.0,1.0,0.0,0.0,2.0,68.0,0.0,1.0,34.2,1.0,711.0,559.03,234.0,0.0
2.0,5.0,7.0,2.5800400000000003,238.0,1.0,27.0,0.0,2.0,16.59,1.57,714.0,557.22,598.0,1.0
1.0,2.0,3.0,1.4441,73.0,28.0,47.67,0.0,1.0,2.57,0.33,716.0,558.42,45.0,0.0
2.0,15.0,27.0,4.162719999999998,797.0,84.0,63.63,0.0,3.0,7.87,1.96,719.0,561.25,604.0,1.0
1.0,2.0,4.0,1.38191,39.0,5.0,246.75,0.0,2.0,28.28,10.75,721.0,563.13,367.0,1.0
1.0,1.0,1.0,0.0,1.0,1.0,76.0,0.0,2.0,21.27,2.0,722.0,563.98,240.0,0.0
2.0,4.0,13.0,3.40651,140.0,408.0,55.69,0.0,2.0,16.92,1.23,723.0,564.9,609.0,1.0
2.0,8.0,11.0,2.38872,138.0,10.0,143.64,0.0,3.0,0.17,2.64,726.0,567.01,615.0,1.0
1.0,2.0,2.0,0.597598,32.0,30.0,66.0,0.0,1.0,1.24,0.5,175.0,135.96,79.0,1.0
1.0,2.0,2.0,0.970951,6.0,4.0,157.5,0.0,3.0,3.13,13.0,176.0,136.94,80.0,0.0
1.0,2.0,2.0,0.6098399999999999,98.0,2.0,33.5,0.0,1.0,26.04,0.5,729.0,568.73,374.0,0.0
1.0,1.0,1.0,0.0,1.0,1.0,267.0,0.0,2.0,55.69,13.0,731.0,570.7,245.0,0.0
1.0,1.0,3.0,1.49687,161.0,0.0,0.0,0.0,0.0,0.0,0.0,732.0,571.69,246.0,0.0
2.0,2.0,3.0,1.10626,118.0,1.0,16.33,0.0,1.0,0.38,0.67,733.0,572.67,623.0,0.0
1.0,1.0,1.0,0.0,6.0,4.0,81.0,0.0,1.0,0.03,1.0,734.0,573.65,248.0,0.0
4.0,13.0,14.0,3.4551199999999995,35.0,30.0,201.07,0.0,3.0,26.9,8.29,735.0,574.62,673.0,0.0
2.0,4.0,4.0,1.67806,103.0,0.0,47.0,0.0,1.0,0.55,1.25,736.0,575.53,628.0,1.0
1.0,1.0,1.0,0.0,56.0,0.0,0.0,0.0,0.0,0.0,0.0,738.0,577.32,380.0,0.0
1.0,1.0,1.0,0.0,62.0,0.0,0.0,0.0,0.0,0.0,0.0,739.0,578.31,252.0,0.0
2.0,3.0,4.0,1.68605,92.0,4.0,119.0,0.0,3.0,39.64,7.0,740.0,578.6,634.0,1.0
1.0,1.0,1.0,0.0,1.0,0.0,30.0,0.0,2.0,65.71,2.0,743.0,581.3,256.0,0.0
1.0,1.0,1.0,0.0,9.0,0.0,474.0,0.0,2.0,1.07,35.0,744.0,582.26,384.0,0.0
1.0,3.0,3.0,0.642206,39.0,3.0,174.33,0.0,2.0,22.15,2.33,745.0,583.02,385.0,0.0
1.0,3.0,5.0,1.7281400000000002,248.0,48.0,80.8,0.0,2.0,23.9,1.6,746.0,584.01,257.0,1.0
2.0,6.0,11.0,2.95269,169.0,126.0,156.64,0.0,3.0,12.8,3.45,747.0,584.3,644.0,1.0
2.0,5.0,8.0,2.73009,169.0,38.0,143.13,0.0,3.0,1.27,4.25,748.0,585.22,646.0,1.0
2.0,6.0,10.0,2.30867,437.0,121.0,185.2,0.0,3.0,18.27,4.5,749.0,583.67,648.0,1.0
1.0,1.0,1.0,0.0,0.0,4.0,727.0,0.0,2.0,10.95,14.0,750.0,584.58,261.0,0.0
2.0,5.0,6.0,1.85802,253.0,52.0,114.83,0.0,2.0,30.86,4.83,753.0,587.38,653.0,1.0
1.0,1.0,3.0,1.5,4.0,4.0,132.33,0.0,2.0,47.0,4.33,754.0,588.36,264.0,0.0
1.0,6.0,10.0,1.98172,49.0,266.0,169.4,0.0,4.0,26.47,5.2,755.0,589.26,391.0,1.0
1.0,1.0,2.0,1.0,13.0,11.0,70.0,0.0,2.0,0.01,4.0,758.0,591.42,266.0,0.0
2.0,11.0,12.0,2.23676,149.0,128.0,171.25,0.0,4.0,29.81,8.17,760.0,593.19,662.0,1.0
1.0,1.0,2.0,0.672295,9.0,8.0,176.0,0.0,1.0,27.29,0.5,761.0,594.13,395.0,0.0
1.0,1.0,1.0,0.0,20.0,7.0,220.0,0.0,2.0,69.78,5.0,762.0,595.09,269.0,0.0
2.0,2.0,6.0,2.02394,141.0,11.0,85.0,0.0,2.0,27.02,6.5,763.0,596.05,666.0,1.0
1.0,1.0,1.0,0.0,29.0,27.0,1154.0,0.0,3.0,1.26,26.0,764.0,597.05,397.0,0.0
1.0,1.0,1.0,0.0,1.0,1.0,233.0,0.0,2.0,0.0,7.0,766.0,597.85,272.0,0.0
4.0,13.0,14.0,2.7780400000000003,509.0,0.0,162.07,0.0,3.0,11.34,10.64,768.0,598.35,782.0,1.0
1.0,1.0,1.0,0.0,68.0,0.0,0.0,0.0,0.0,0.0,0.0,769.0,599.35,274.0,0.0
2.0,13.0,30.0,4.30243,1470.0,188.0,85.57,0.0,4.0,23.84,3.97,770.0,600.35,675.0,1.0
1.0,1.0,1.0,0.0,5.0,1.0,237.0,0.0,2.0,17.79,6.0,771.0,600.45,401.0,0.0
1.0,1.0,1.0,0.0,47.0,19.0,113.0,0.0,1.0,29.01,2.0,772.0,601.23,276.0,0.0
1.0,1.0,1.0,0.0,8.0,0.0,493.0,0.0,2.0,3.87,9.0,773.0,602.22,402.0,0.0
1.0,5.0,21.0,3.96573,889.0,72.0,53.24,0.0,3.0,10.97,1.24,22.0,19.58,10.0,1.0
1.0,1.0,1.0,0.0,13.0,3.0,61.0,0.0,2.0,51.78,6.0,774.0,599.6,403.0,0.0
1.0,2.0,2.0,0.702467,10.0,11.0,168.0,0.0,3.0,19.4,2.0,24.0,21.41,11.0,0.0
1.0,1.0,1.0,0.0,1.0,1.0,141.0,0.0,2.0,0.25,4.0,179.0,135.76,44.0,0.0
1.0,1.0,1.0,0.0,5.0,0.0,141.0,0.0,3.0,0.06,5.0,180.0,136.74,45.0,0.0
1.0,2.0,2.0,0.833765,31.0,3.0,62.5,1.0,2.0,12.45,3.0,775.0,595.34,404.0,1.0
1.0,1.0,1.0,0.0,3.0,0.0,184.0,0.0,2.0,7.89,10.0,776.0,596.11,277.0,0.0
2.0,8.0,11.0,2.87461,417.0,74.0,163.0,1.0,3.0,24.42,8.45,777.0,597.11,683.0,1.0
1.0,1.0,1.0,0.0,64.0,0.0,0.0,0.0,0.0,0.0,0.0,778.0,592.91,406.0,0.0
2.0,8.0,11.0,2.97077,281.0,3.0,47.55,0.0,2.0,7.56,1.82,781.0,594.85,688.0,1.0
1.0,1.0,1.0,0.0,5.0,11.0,89.0,0.0,3.0,6.3,9.0,784.0,597.72,281.0,0.0
1.0,2.0,2.0,0.666578,11.0,12.0,220.0,0.0,2.0,0.02,5.5,785.0,598.71,282.0,0.0
2.0,4.0,7.0,2.70173,237.0,21.0,26.43,0.0,2.0,18.52,1.43,788.0,595.61,697.0,1.0
1.0,1.0,1.0,0.0,213.0,0.0,0.0,0.0,0.0,0.0,0.0,791.0,598.53,414.0,0.0
1.0,2.0,2.0,0.991992,25.0,13.0,67.0,0.0,2.0,74.93,7.5,792.0,599.47,415.0,1.0
1.0,1.0,1.0,0.0,33.0,1.0,61.0,0.0,2.0,89.86,2.0,793.0,600.46,416.0,0.0
1.0,4.0,7.0,2.26322,207.0,3.0,70.0,0.0,2.0,33.96,3.0,794.0,601.46,417.0,1.0
1.0,4.0,12.0,1.02191,450.0,22.0,185.83,0.0,3.0,23.42,6.58,181.0,133.79,82.0,1.0
1.0,1.0,1.0,0.0,1.0,1.0,165.0,0.0,3.0,22.27,18.0,26.0,22.61,12.0,0.0
1.0,2.0,2.0,0.619382,12.0,1.0,158.5,1.0,3.0,32.85,12.5,182.0,134.25,83.0,0.0
1.0,4.0,5.0,1.8001900000000002,122.0,0.0,18.0,0.0,3.0,3.82,1.8,798.0,595.58,289.0,0.0
1.0,1.0,1.0,0.0,9.0,1.0,186.0,1.0,2.0,0.26,15.0,807.0,603.05,294.0,0.0
1.0,1.0,1.0,0.0,3.0,1.0,1179.0,0.0,3.0,0.92,114.0,808.0,604.0,86.0,0.0
1.0,6.0,12.0,2.4936700000000003,25.0,23.0,81.17,0.0,3.0,41.93,2.0,810.0,606.0,295.0,0.0
1.0,2.0,3.0,0.791597,141.0,0.0,33.33,0.0,3.0,6.79,4.67,811.0,606.99,46.0,0.0
1.0,1.0,1.0,0.0,41.0,20.0,194.0,0.0,2.0,0.06,16.0,813.0,608.97,296.0,0.0
1.0,1.0,1.0,0.0,27.0,0.0,1220.0,0.0,3.0,0.96,31.0,814.0,609.1,426.0,0.0
1.0,1.0,1.0,0.0,43.0,35.0,135.0,0.0,1.0,27.7,4.0,815.0,610.07,427.0,0.0
1.0,1.0,1.0,0.0,10.0,10.0,1247.0,0.0,3.0,0.02,32.0,816.0,611.07,428.0,0.0
1.0,1.0,1.0,0.0,6.0,1.0,71.0,0.0,1.0,14.89,2.0,817.0,612.06,429.0,0.0
1.0,1.0,1.0,0.0,4.0,0.0,208.0,0.0,3.0,1.76,28.0,820.0,614.92,431.0,0.0
1.0,1.0,1.0,0.0,18.0,10.0,501.0,0.0,2.0,26.97,10.0,821.0,615.91,432.0,0.0
1.0,1.0,1.0,0.0,9.0,0.0,1247.0,0.0,3.0,0.12,33.0,822.0,616.91,433.0,0.0
2.0,6.0,18.0,2.60041,174.0,257.0,187.33,0.0,3.0,45.29,7.56,825.0,619.83,386.0,1.0
1.0,1.0,1.0,0.0,2.0,1.0,125.0,0.0,1.0,1.24,1.0,827.0,621.74,436.0,0.0
1.0,3.0,4.0,0.996416,38.0,5.0,94.0,0.0,2.0,10.13,2.75,828.0,622.74,437.0,1.0
1.0,1.0,1.0,0.0,30.0,0.0,154.0,0.0,2.0,30.72,19.0,829.0,622.83,438.0,0.0
1.0,4.0,9.0,2.47624,419.0,52.0,60.56,0.0,3.0,27.65,2.33,830.0,623.79,301.0,1.0
1.0,2.0,3.0,1.16826,90.0,52.0,63.0,0.0,2.0,43.92,4.0,832.0,625.76,439.0,1.0
2.0,11.0,17.0,3.57104,507.0,26.0,75.82,0.0,2.0,19.84,2.76,833.0,626.67,743.0,1.0
1.0,1.0,1.0,0.0,1.0,1.0,49.0,0.0,1.0,0.0,2.0,834.0,627.66,304.0,0.0
1.0,1.0,1.0,0.0,8.0,22.0,69.0,0.0,2.0,32.2,6.0,835.0,628.55,441.0,0.0
1.0,1.0,1.0,0.0,3.0,1.0,188.0,0.0,2.0,3.21,12.0,837.0,630.49,305.0,0.0
1.0,1.0,1.0,0.0,2.0,0.0,51.0,0.0,1.0,1.92,1.0,838.0,631.47,48.0,0.0
1.0,2.0,2.0,0.991076,22.0,5.0,345.0,0.0,2.0,9.69,6.5,839.0,632.43,443.0,1.0
2.0,2.0,2.0,0.096945,80.0,0.0,121.0,0.0,2.0,8.07,4.0,841.0,634.41,751.0,0.0
2.0,9.0,16.0,3.57351,593.0,15.0,45.94,0.0,3.0,11.99,1.75,843.0,635.48,754.0,1.0
1.0,4.0,5.0,1.52037,180.0,11.0,66.6,0.0,2.0,46.83,9.2,844.0,636.46,448.0,1.0
1.0,1.0,1.0,0.0,5.0,1.0,194.0,1.0,2.0,25.96,3.0,845.0,634.77,308.0,0.0
2.0,7.0,16.0,3.33923,209.0,100.0,147.38,1.0,3.0,51.97,6.13,846.0,635.74,498.0,1.0
1.0,1.0,1.0,0.0,8.0,7.0,1181.0,0.0,3.0,4.19,116.0,847.0,636.23,88.0,0.0
2.0,9.0,16.0,3.27296,437.0,75.0,123.13,0.0,2.0,30.03,4.19,848.0,637.2,759.0,1.0
1.0,1.0,2.0,0.149811,92.0,1.0,51.5,0.0,1.0,2.99,1.0,851.0,639.37,453.0,0.0
1.0,2.0,8.0,2.4102200000000003,46.0,12.0,228.75,1.0,3.0,42.12,5.25,852.0,640.21,454.0,1.0
1.0,1.0,1.0,0.0,1.0,1.0,86.0,0.0,2.0,106.53,4.0,855.0,640.93,456.0,0.0
2.0,3.0,3.0,1.57262,5.0,6.0,495.33,0.0,3.0,4.73,42.0,856.0,641.91,400.0,0.0
2.0,3.0,3.0,1.26381,8.0,6.0,467.67,0.0,3.0,9.32,41.0,858.0,643.89,403.0,0.0
1.0,2.0,2.0,0.566509,3.0,12.0,63.0,0.0,3.0,31.65,7.0,859.0,644.74,314.0,0.0
1.0,2.0,2.0,0.930586,16.0,10.0,74.5,0.0,3.0,16.75,8.0,861.0,645.05,50.0,0.0
4.0,15.0,18.0,3.35605,724.0,7.0,175.78,0.0,3.0,7.68,10.0,862.0,642.3,891.0,1.0
1.0,1.0,1.0,0.0,3.0,3.0,151.0,0.0,1.0,0.04,7.0,863.0,643.24,458.0,0.0
1.0,1.0,1.0,0.0,5.0,5.0,1266.0,0.0,3.0,0.04,38.0,864.0,644.24,459.0,0.0
1.0,1.0,1.0,0.0,4.0,2.0,50.0,0.0,1.0,0.03,1.0,868.0,646.92,320.0,0.0
1.0,1.0,2.0,0.503258,8.0,1.0,200.0,1.0,2.0,11.92,7.5,869.0,647.78,321.0,1.0
1.0,2.0,2.0,0.970951,3.0,2.0,147.5,0.0,3.0,6.0,10.0,871.0,648.7,322.0,0.0
1.0,5.0,6.0,1.84928,384.0,0.0,16.83,0.0,3.0,2.29,2.5,872.0,649.57,51.0,0.0
1.0,1.0,2.0,0.954434,8.0,0.0,132.0,0.0,2.0,6.25,7.0,874.0,651.32,324.0,1.0
1.0,1.0,1.0,0.0,18.0,0.0,0.0,0.0,0.0,0.0,0.0,876.0,652.04,326.0,0.0
2.0,2.0,2.0,0.988699,9.0,7.0,106.5,1.0,1.0,12.28,1.5,1.0,1.0,1.0,0.0
3.0,5.0,5.0,2.06346,9.0,6.0,382.6,0.0,3.0,18.92,32.4,27.0,22.38,31.0,0.0
1.0,2.0,7.0,1.94693,49.0,32.0,72.86,0.0,2.0,5.62,0.86,879.0,649.7,329.0,1.0
1.0,1.0,1.0,0.0,1.0,1.0,87.0,0.0,2.0,0.11,4.0,880.0,650.55,330.0,0.0
1.0,1.0,2.0,0.558629,39.0,7.0,495.5,0.0,2.0,33.09,21.0,881.0,651.46,331.0,1.0
1.0,1.0,1.0,0.0,66.0,1.0,231.0,0.0,3.0,63.18,14.0,2.0,1.98,1.0,1.0
1.0,7.0,11.0,3.14043,606.0,0.0,6.82,0.0,3.0,0.71,2.55,3.0,2.98,2.0,1.0
1.0,1.0,1.0,0.0,91.0,0.0,0.0,0.0,0.0,0.0,0.0,882.0,651.29,332.0,0.0
1.0,1.0,1.0,0.0,1.0,11.0,91.0,0.0,1.0,0.0,1.0,883.0,652.29,333.0,0.0
1.0,1.0,1.0,0.0,4.0,3.0,157.0,0.0,2.0,47.62,9.0,884.0,652.18,334.0,0.0
1.0,8.0,19.0,3.19604,313.0,1096.0,143.11,0.0,4.0,73.01,2.05,886.0,652.64,335.0,1.0
1.0,3.0,4.0,1.64022,14.0,1.0,98.25,0.0,2.0,20.67,3.25,887.0,653.54,464.0,0.0
1.0,2.0,9.0,2.69739,359.0,137.0,98.22,0.0,2.0,104.11,0.67,5.0,4.94,3.0,1.0
1.0,1.0,1.0,0.0,2.0,0.0,92.0,0.0,1.0,2.9,1.0,6.0,5.94,4.0,0.0
1.0,1.0,1.0,0.0,13.0,12.0,114.0,0.0,1.0,0.74,1.0,889.0,654.37,337.0,0.0
1.0,5.0,8.0,2.53677,96.0,21.0,135.0,0.0,4.0,19.43,4.13,7.0,6.88,5.0,1.0
1.0,3.0,7.0,2.7363,339.0,0.0,0.0,0.0,0.0,0.0,0.0,8.0,7.84,6.0,1.0
1.0,4.0,7.0,2.30652,184.0,42.0,44.29,0.0,1.0,0.23,0.14,9.0,8.83,7.0,0.0
1.0,1.0,1.0,0.0,0.0,74.0,148.0,0.0,1.0,0.0,2.0,10.0,9.83,8.0,0.0
1.0,1.0,1.0,0.0,1.0,1.0,94.0,0.0,1.0,5.7,2.0,11.0,10.83,9.0,0.0
1.0,1.0,2.0,0.970951,15.0,0.0,134.0,0.0,2.0,113.27,9.0,890.0,648.02,338.0,0.0
3.0,6.0,10.0,2.62397,71.0,36.0,256.2,0.0,5.0,52.21,18.2,29.0,23.44,36.0,1.0
1.0,1.0,1.0,0.0,41.0,0.0,30.0,0.0,1.0,188.25,1.0,13.0,12.67,0.0,0.0
1.0,2.0,3.0,1.36096,17.0,3.0,75.0,1.0,3.0,105.82,6.0,31.0,25.28,16.0,0.0
1.0,1.0,1.0,0.0,1.0,3.0,98.0,1.0,1.0,73.37,1.0,14.0,13.52,11.0,0.0
1.0,1.0,1.0,0.0,10.0,1.0,58.0,0.0,1.0,76.08,2.0,891.0,625.12,339.0,0.0
1.0,1.0,1.0,0.0,69.0,0.0,0.0,0.0,0.0,0.0,0.0,892.0,626.1,340.0,0.0
1.0,1.0,1.0,0.0,1.0,1.0,57.0,0.0,1.0,35.46,1.0,32.0,25.51,2.0,0.0
1.0,1.0,1.0,0.0,5.0,1.0,238.0,0.0,2.0,143.04,8.0,893.0,623.47,465.0,0.0
1.0,4.0,6.0,1.7077,76.0,3.0,69.83,0.0,3.0,18.55,1.33,33.0,26.42,16.0,1.0
1.0,1.0,1.0,0.0,3.0,3.0,92.0,0.0,1.0,102.03,1.0,0.0,0.0,0.0,0.0
1.0,1.0,4.0,1.46022,34.0,24.0,149.0,0.0,2.0,81.23,1.0,4.0,3.99,2.0,0.0
1.0,1.0,4.0,1.46022,24.0,34.0,151.5,0.0,3.0,0.04,1.25,5.0,4.99,3.0,0.0
1.0,3.0,7.0,2.41043,302.0,13.0,229.86,0.0,3.0,88.74,8.0,6.0,5.99,0.0,1.0
8.0,64.0,64.0,5.9916,65.0,65.0,124.98,0.0,7.0,68.84,4.84,15.0,13.63,16.0,0.0
1.0,3.0,3.0,1.43876,3.0,17.0,208.0,1.0,3.0,64.33,13.33,16.0,14.56,4.0,1.0
1.0,3.0,3.0,0.912218,101.0,5.0,128.0,1.0,4.0,19.47,14.33,7.0,6.91,1.0,0.0
1.0,2.0,2.0,0.522559,16.0,1.0,277.5,1.0,2.0,106.69,19.0,17.0,15.54,5.0,0.0
1.0,1.0,5.0,1.95686,289.0,212.0,71.4,0.0,1.0,0.69,0.2,18.0,16.53,13.0,1.0
3.0,4.0,4.0,1.63434,108.0,12.0,533.25,0.0,4.0,28.26,35.75,895.0,607.76,901.0,1.0
1.0,1.0,1.0,0.0,6.0,4.0,25.0,0.0,3.0,120.12,6.0,897.0,609.75,343.0,0.0
1.0,1.0,1.0,0.0,4.0,4.0,89.0,0.0,1.0,122.88,8.0,11.0,10.84,3.0,0.0
1.0,1.0,1.0,0.0,1.0,1.0,100.0,0.0,1.0,81.62,1.0,12.0,11.8,4.0,0.0
1.0,2.0,2.0,0.992774,59.0,1.0,53.5,0.0,2.0,48.56,4.0,0.0,0.0,0.0,1.0
1.0,1.0,1.0,0.0,57.0,15.0,279.0,0.0,3.0,8.44,6.0,1.0,1.0,1.0,0.0
1.0,2.0,2.0,0.8238120000000001,51.0,11.0,325.0,0.0,3.0,134.84,13.0,3.0,3.0,1.0,1.0
1.0,2.0,3.0,0.959356,133.0,8.0,81.33,1.0,2.0,45.68,6.67,4.0,4.0,2.0,1.0
1.0,1.0,1.0,0.0,0.0,5.0,70.0,0.0,2.0,59.98,10.0,21.0,19.31,1.0,0.0
1.0,1.0,1.0,0.0,17.0,1.0,578.0,0.0,4.0,2.46,26.0,6.0,5.96,2.0,0.0
1.0,2.0,2.0,0.380947,22.0,5.0,105.0,1.0,2.0,88.31,5.5,7.0,6.96,3.0,1.0
1.0,1.0,6.0,2.50941,364.0,0.0,0.0,0.0,0.0,0.0,0.0,15.0,14.52,1.0,1.0
1.0,1.0,2.0,0.918296,6.0,6.0,63.5,0.0,1.0,0.01,0.5,17.0,16.52,3.0,0.0
1.0,1.0,6.0,2.13026,326.0,338.0,116.67,0.0,2.0,102.32,1.33,18.0,17.52,7.0,1.0
1.0,1.0,1.0,0.0,2.0,2.0,94.0,0.0,1.0,48.49,3.0,19.0,18.43,6.0,0.0
1.0,1.0,1.0,0.0,2.0,2.0,1206.0,0.0,4.0,11.84,127.0,20.0,19.43,2.0,0.0
1.0,7.0,11.0,2.84077,608.0,0.0,7.0,0.0,5.0,1.7,2.73,9.0,8.69,4.0,1.0
1.0,2.0,2.0,0.742488,17.0,2.0,82.0,0.0,3.0,0.23,4.0,902.0,594.27,11.0,0.0
1.0,1.0,1.0,0.0,1.0,1.0,315.0,0.0,3.0,0.04,31.0,903.0,595.25,345.0,0.0
2.0,2.0,3.0,1.44882,14.0,0.0,165.0,0.0,5.0,54.08,19.67,904.0,596.2,498.0,0.0
1.0,1.0,1.0,0.0,0.0,15.0,55.0,0.0,2.0,0.01,2.0,23.0,20.58,17.0,0.0
1.0,1.0,11.0,3.12326,0.0,641.0,58.27,0.0,2.0,19.81,0.45,24.0,21.56,18.0,0.0
1.0,1.0,1.0,0.0,5.0,0.0,135.0,0.0,3.0,0.92,9.0,25.0,22.56,1.0,0.0
1.0,1.0,1.0,0.0,1.0,0.0,65.0,0.0,2.0,183.1,7.0,27.0,24.55,7.0,0.0
1.0,1.0,1.0,0.0,1.0,1.0,1206.0,0.0,4.0,8.46,128.0,28.0,25.49,2.0,0.0
1.0,2.0,2.0,0.94566,12.0,10.0,58.5,1.0,2.0,178.52,1.5,29.0,26.49,20.0,0.0
1.0,2.0,2.0,0.371232,27.0,1.0,50.5,0.0,3.0,105.74,2.5,30.0,27.46,1.0,0.0
1.0,1.0,1.0,0.0,16.0,3.0,258.0,0.0,3.0,155.22,18.0,906.0,595.15,471.0,0.0
0.0,0.0,0.0,0.0,0.0,0.0,0.0,0.0,0.0,0.0,0.0,33.0,30.31,0.0,0.0
0.0,0.0,0.0,0.0,0.0,0.0,0.0,0.0,0.0,0.0,0.0,23.0,21.76,0.0,0.0
1.0,1.0,3.0,1.0265799999999998,52.0,22.0,54.0,0.0,2.0,71.76,12.0,907.0,592.76,472.0,1.0
1.0,1.0,1.0,0.0,1.0,4.0,40.0,0.0,2.0,5.4,3.0,908.0,593.76,347.0,0.0
1.0,1.0,1.0,0.0,1.0,1.0,51.0,0.0,1.0,0.02,1.0,909.0,594.74,473.0,0.0
1.0,1.0,1.0,0.0,48.0,0.0,0.0,0.0,0.0,0.0,0.0,912.0,597.7,476.0,0.0
1.0,2.0,2.0,0.918296,31.0,2.0,345.5,0.0,4.0,0.14,14.5,915.0,599.69,479.0,0.0
1.0,1.0,1.0,0.0,5.0,1.0,345.0,0.0,2.0,158.11,10.0,917.0,601.68,349.0,0.0
1.0,1.0,1.0,0.0,1.0,0.0,581.0,0.0,2.0,85.41,56.0,918.0,602.43,480.0,0.0
1.0,1.0,1.0,0.0,3.0,3.0,1206.0,0.0,5.0,5.34,129.0,34.0,31.08,3.0,0.0
1.0,4.0,11.0,3.26907,353.0,61.0,52.91,0.0,5.0,32.2,1.64,25.0,23.62,10.0,1.0
1.0,1.0,3.0,1.58496,48.0,0.0,30.67,0.0,1.0,0.0,0.33,27.0,25.62,11.0,0.0
1.0,1.0,1.0,0.0,20.0,5.0,256.0,0.0,3.0,64.81,13.0,28.0,26.62,12.0,0.0
1.0,4.0,3.0,0.0,1.0,1.0,62.0,0.0,1.0,5.35,0.67,29.0,27.62,5.0,0.0
2.0,2.0,2.0,0.554778,20.0,11.0,424.5,1.0,2.0,55.14,35.0,919.0,602.84,831.0,1.0
1.0,1.0,1.0,0.0,1.0,1.0,17.0,0.0,2.0,231.01,2.0,921.0,604.54,352.0,0.0
1.0,1.0,1.0,0.0,2.0,0.0,66.0,0.0,1.0,1.17,2.0,922.0,605.54,482.0,0.0
1.0,1.0,2.0,1.0,2.0,2.0,74.5,0.0,2.0,80.26,2.0,30.0,28.55,13.0,0.0
1.0,1.0,1.0,0.0,42.0,8.0,1206.0,0.0,5.0,1.57,130.0,926.0,608.38,94.0,0.0
1.0,1.0,1.0,0.0,16.0,0.0,112.0,0.0,3.0,23.72,4.0,927.0,609.37,483.0,0.0
3.0,3.0,3.0,1.22105,4.0,13.0,482.67,0.0,5.0,53.16,47.33,35.0,31.92,27.0,0.0
1.0,1.0,1.0,0.0,2.0,2.0,1247.0,0.0,5.0,1.23,133.0,36.0,32.79,5.0,0.0
1.0,1.0,2.0,1.0,0.0,2.0,148.0,0.0,2.0,10.93,14.0,37.0,33.79,1.0,0.0
1.0,6.0,21.0,4.00603,712.0,165.0,81.62,0.0,5.0,32.81,2.48,31.0,29.33,14.0,1.0
0.0,0.0,0.0,0.0,0.0,0.0,0.0,0.0,0.0,0.0,0.0,32.0,30.33,0.0,0.0
1.0,10.0,24.0,4.01892,198.0,362.0,98.38,0.0,5.0,68.13,1.71,34.0,32.22,16.0,1.0
1.0,4.0,6.0,1.65733,63.0,150.0,172.5,0.0,4.0,38.01,4.33,35.0,33.16,17.0,1.0
1.0,4.0,17.0,3.68663,4.0,723.0,75.35,0.0,4.0,81.92,0.41,37.0,35.16,19.0,0.0
1.0,1.0,1.0,0.0,2.0,2.0,1247.0,0.0,5.0,3.09,134.0,38.0,34.52,6.0,0.0
1.0,5.0,6.0,2.24439,44.0,35.0,144.33,0.0,4.0,27.09,4.83,38.0,36.07,20.0,1.0
1.0,3.0,9.0,3.1699200000000003,9.0,9.0,54.33,0.0,3.0,173.33,1.0,42.0,39.7,6.0,0.0
1.0,1.0,3.0,1.58496,3.0,3.0,52.33,0.0,1.0,160.49,1.0,45.0,42.68,1.0,0.0
1.0,1.0,1.0,0.0,15.0,5.0,77.0,0.0,2.0,13.7,15.0,930.0,600.51,485.0,1.0
1.0,2.0,2.0,0.591673,2.0,5.0,157.0,0.0,3.0,24.15,21.0,40.0,35.99,22.0,0.0
1.0,3.0,3.0,1.09096,195.0,18.0,197.33,0.0,3.0,2.09,6.67,932.0,600.37,486.0,1.0
1.0,2.0,2.0,0.991076,26.0,1.0,222.5,0.0,2.0,121.47,11.0,934.0,602.33,488.0,1.0
1.0,1.0,2.0,0.999872,69.0,6.0,42.5,0.0,1.0,0.02,0.5,935.0,603.32,489.0,0.0
3.0,3.0,3.0,0.304101,45.0,46.0,605.67,0.0,5.0,23.0,49.33,936.0,604.32,137.0,0.0
1.0,1.0,1.0,0.0,0.0,6.0,214.0,0.0,3.0,25.27,11.0,937.0,605.17,490.0,0.0
5.0,49.0,49.0,4.80532,99.0,56.0,141.29,0.0,6.0,90.15,6.1,41.0,36.76,46.0,0.0
1.0,1.0,1.0,0.0,2.0,23.0,213.0,0.0,5.0,0.17,35.0,48.0,45.21,12.0,0.0
2.0,2.0,3.0,1.5481200000000002,54.0,34.0,111.0,0.0,4.0,57.13,3.0,43.0,38.72,37.0,1.0
1.0,1.0,1.0,0.0,2.0,3.0,306.0,1.0,2.0,105.29,17.0,10.0,9.09,5.0,0.0
1.0,3.0,6.0,2.21065,112.0,7.0,91.83,1.0,4.0,41.03,1.67,11.0,10.09,6.0,1.0
8.0,68.0,68.0,6.08746,68.0,68.0,126.32,0.0,8.0,33.88,4.97,45.0,40.57,63.0,0.0
1.0,3.0,3.0,1.48336,20.0,4.0,112.67,1.0,3.0,8.47,5.33,46.0,41.31,14.0,1.0
1.0,1.0,1.0,0.0,1.0,5.0,109.0,1.0,4.0,2.73,7.0,47.0,42.31,28.0,0.0
1.0,1.0,1.0,0.0,1.0,2.0,471.0,0.0,5.0,5.05,36.0,50.0,46.62,2.0,0.0
1.0,6.0,13.0,3.36012,622.0,36.0,74.92,0.0,5.0,17.13,3.54,939.0,600.64,492.0,1.0
1.0,1.0,1.0,0.0,91.0,0.0,0.0,0.0,0.0,0.0,0.0,941.0,602.54,494.0,0.0
1.0,1.0,1.0,0.0,1.0,0.0,618.0,0.0,5.0,0.11,31.0,942.0,603.52,495.0,0.0
2.0,3.0,3.0,1.3093,3.0,8.0,271.33,0.0,5.0,37.45,15.33,48.0,43.2,33.0,0.0
1.0,2.0,2.0,0.994606,81.0,0.0,0.0,0.0,0.0,0.0,0.0,943.0,604.41,359.0,0.0
1.0,2.0,2.0,0.0,1.0,1.0,40.5,0.0,1.0,0.02,0.5,944.0,605.39,360.0,0.0
1.0,1.0,4.0,1.38635,86.0,0.0,81.0,0.0,1.0,0.22,0.5,946.0,607.33,496.0,1.0
3.0,3.0,3.0,1.3093,3.0,8.0,596.67,0.0,5.0,4.02,50.67,52.0,48.45,31.0,0.0
1.0,1.0,1.0,0.0,1.0,1.0,127.0,0.0,2.0,0.02,6.0,948.0,608.36,498.0,0.0
2.0,5.0,5.0,2.1280900000000003,8.0,6.0,342.6,0.0,5.0,5.62,31.6,53.0,49.39,30.0,0.0
1.0,1.0,1.0,0.0,12.0,1.0,627.0,0.0,2.0,110.78,9.0,949.0,608.43,499.0,0.0
1.0,1.0,2.0,1.0,2.0,0.0,147.0,0.0,3.0,18.77,14.5,950.0,609.43,30.0,0.0
1.0,1.0,1.0,0.0,2.0,2.0,156.0,0.0,1.0,0.16,2.0,55.0,51.33,28.0,0.0
1.0,1.0,1.0,0.0,2.0,2.0,156.0,0.0,1.0,0.04,3.0,56.0,52.32,29.0,0.0
2.0,4.0,5.0,1.63452,193.0,2.0,133.0,0.0,5.0,32.7,11.6,951.0,610.08,862.0,0.0
1.0,1.0,1.0,0.0,1.0,2.0,273.0,0.0,5.0,0.33,27.0,59.0,55.27,32.0,0.0
1.0,1.0,1.0,0.0,85.0,0.0,0.0,0.0,0.0,0.0,0.0,51.0,45.93,32.0,0.0
1.0,1.0,1.0,0.0,8.0,0.0,38.0,0.0,2.0,0.71,3.0,952.0,610.3,501.0,0.0
1.0,1.0,1.0,0.0,2.0,0.0,89.0,0.0,5.0,1.56,17.0,954.0,612.22,364.0,0.0
2.0,3.0,3.0,1.54581,117.0,1.0,24.33,1.0,3.0,4.14,2.0,52.0,46.87,48.0,0.0
1.0,1.0,2.0,0.999743,67.0,39.0,760.5,0.0,5.0,12.5,24.5,955.0,613.1,503.0,1.0
2.0,3.0,4.0,1.90452,112.0,3.0,14.0,1.0,3.0,3.16,2.25,957.0,615.06,870.0,0.0
1.0,1.0,1.0,0.0,6.0,1.0,85.0,0.0,4.0,8.68,11.0,958.0,615.98,52.0,0.0
1.0,2.0,8.0,2.66523,137.0,27.0,94.88,0.0,4.0,21.74,3.75,62.0,57.94,35.0,1.0
1.0,1.0,1.0,0.0,3.0,1.0,60.0,0.0,2.0,0.69,3.0,63.0,58.92,36.0,0.0
1.0,2.0,5.0,2.01888,147.0,16.0,110.4,1.0,4.0,0.12,5.4,64.0,59.91,37.0,1.0
1.0,1.0,1.0,0.0,13.0,13.0,77.0,0.0,1.0,0.68,1.0,65.0,60.8,38.0,0.0
1.0,4.0,6.0,2.47722,9.0,7.0,43.33,0.0,1.0,0.03,0.17,68.0,63.72,2.0,0.0
1.0,3.0,7.0,2.43286,249.0,14.0,27.43,1.0,3.0,50.3,0.71,69.0,64.55,40.0,1.0
2.0,2.0,3.0,1.11407,99.0,1.0,418.0,0.0,5.0,0.3,47.67,960.0,613.74,466.0,0.0
1.0,3.0,5.0,1.94773,33.0,7.0,82.4,1.0,4.0,10.67,3.6,70.0,65.13,41.0,1.0
1.0,1.0,1.0,0.0,6.0,7.0,54.0,0.0,2.0,0.04,3.0,72.0,67.12,12.0,0.0
1.0,3.0,5.0,1.7537900000000002,184.0,32.0,369.4,0.0,4.0,65.29,9.8,77.0,71.55,14.0,1.0
1.0,2.0,2.0,0.8631209999999999,6.0,1.0,89.0,0.0,2.0,19.5,2.0,962.0,607.2,506.0,0.0
1.0,1.0,1.0,0.0,2.0,2.0,50.0,0.0,2.0,24.19,2.0,963.0,608.2,507.0,0.0
1.0,2.0,2.0,0.918296,1.0,2.0,124.5,0.0,3.0,103.51,1.5,964.0,609.19,508.0,0.0
1.0,1.0,1.0,0.0,5.0,9.0,192.0,0.0,5.0,20.1,36.0,965.0,610.19,509.0,0.0
1.0,1.0,1.0,0.0,1.0,0.0,188.0,0.0,5.0,0.01,37.0,966.0,611.19,510.0,0.0
1.0,1.0,1.0,0.0,1.0,1.0,34.0,0.0,1.0,32.91,4.0,967.0,612.18,369.0,0.0
1.0,1.0,1.0,0.0,2.0,0.0,92.0,0.0,3.0,20.37,4.0,969.0,614.08,370.0,0.0
1.0,1.0,1.0,0.0,1.0,1.0,35.0,0.0,1.0,9.4,2.0,970.0,615.08,371.0,0.0
1.0,3.0,3.0,1.44505,156.0,5.0,17.67,1.0,3.0,8.1,2.67,972.0,617.08,372.0,0.0
2.0,3.0,3.0,1.53013,5.0,10.0,165.0,0.0,5.0,0.8,16.0,78.0,72.15,61.0,0.0
1.0,1.0,1.0,0.0,1.0,1.0,38.0,0.0,1.0,0.24,1.0,974.0,618.74,514.0,0.0
1.0,1.0,1.0,0.0,4.0,2.0,169.0,1.0,2.0,24.95,2.0,79.0,73.04,47.0,0.0
1.0,1.0,1.0,0.0,2.0,2.0,130.0,0.0,4.0,21.04,7.0,80.0,74.04,48.0,0.0
1.0,2.0,5.0,1.84295,41.0,15.0,141.0,0.0,4.0,20.06,5.4,81.0,74.98,49.0,1.0
1.0,2.0,2.0,1.0,2.0,2.0,260.0,0.0,4.0,59.89,20.0,12.0,10.55,7.0,0.0
1.0,1.0,1.0,0.0,11.0,0.0,84.0,0.0,4.0,17.32,12.0,13.0,11.55,8.0,0.0
1.0,6.0,9.0,2.83451,41.0,92.0,40.11,0.0,5.0,180.05,5.11,83.0,76.82,16.0,0.0
1.0,12.0,47.0,4.82761,273.0,247.0,93.64,0.0,5.0,42.03,1.45,88.0,81.22,53.0,1.0
1.0,9.0,14.0,3.17902,58.0,61.0,55.0,0.0,4.0,47.46,1.57,90.0,83.15,13.0,0.0
1.0,2.0,3.0,1.15195,40.0,11.0,94.67,0.0,2.0,1.15,1.33,978.0,616.12,518.0,1.0
1.0,1.0,1.0,0.0,12.0,0.0,43.0,0.0,1.0,8.62,2.0,0.0,0.0,0.0,0.0
1.0,1.0,1.0,0.0,0.0,1.0,191.0,0.0,2.0,1.21,3.0,979.0,617.05,519.0,0.0
1.0,3.0,14.0,3.35115,660.0,294.0,95.79,0.0,5.0,11.64,3.43,1.0,1.0,1.0,1.0
1.0,3.0,3.0,1.29546,2.0,8.0,142.0,0.0,5.0,34.22,15.33,2.0,2.0,0.0,0.0
1.0,1.0,1.0,0.0,5.0,0.0,1256.0,0.0,5.0,6.84,146.0,980.0,617.41,100.0,0.0
1.0,2.0,4.0,1.52713,81.0,2.0,50.25,1.0,4.0,50.32,3.0,14.0,12.38,9.0,0.0
2.0,2.0,2.0,1.0,2.0,2.0,735.0,0.0,5.0,13.9,74.0,981.0,618.13,478.0,0.0
1.0,1.0,1.0,0.0,19.0,5.0,163.0,0.0,3.0,1.36,12.0,982.0,619.11,378.0,0.0
1.0,2.0,2.0,0.660107,39.0,37.0,251.0,1.0,5.0,0.13,7.0,54.0,46.68,17.0,1.0
1.0,1.0,1.0,0.0,10.0,0.0,154.0,0.0,5.0,0.23,11.0,15.0,13.36,10.0,0.0
1.0,2.0,3.0,1.43655,9.0,13.0,52.33,0.0,4.0,31.9,2.0,95.0,87.64,59.0,0.0
1.0,2.0,12.0,2.48825,298.0,321.0,58.08,0.0,1.0,50.96,0.25,97.0,89.63,61.0,1.0
1.0,2.0,3.0,1.45464,11.0,23.0,119.0,0.0,4.0,92.93,5.0,983.0,619.36,13.0,0.0
2.0,2.0,2.0,0.961237,13.0,0.0,50.5,0.0,3.0,30.8,4.0,985.0,621.22,899.0,0.0
1.0,1.0,1.0,0.0,1.0,0.0,65.0,0.0,4.0,154.13,15.0,987.0,623.17,40.0,0.0
1.0,1.0,1.0,0.0,22.0,1.0,206.0,0.0,3.0,65.49,9.0,988.0,624.17,381.0,0.0
1.0,1.0,1.0,0.0,1.0,1.0,93.0,0.0,2.0,182.83,12.0,989.0,625.16,382.0,0.0
1.0,2.0,2.0,0.510788,44.0,0.0,266.5,0.0,4.0,1.52,20.5,991.0,627.02,521.0,0.0
1.0,1.0,1.0,0.0,11.0,1.0,91.0,0.0,2.0,17.57,3.0,993.0,628.31,385.0,0.0
1.0,10.0,13.0,3.41862,559.0,2.0,57.46,0.0,4.0,1.13,5.69,994.0,629.31,522.0,1.0
1.0,2.0,3.0,1.26288,18.0,15.0,142.67,1.0,4.0,10.21,4.67,3.0,2.98,2.0,1.0
1.0,1.0,1.0,0.0,4.0,4.0,93.0,0.0,3.0,0.05,5.0,5.0,4.98,4.0,0.0
1.0,1.0,1.0,0.0,6.0,0.0,292.0,0.0,2.0,224.75,7.0,996.0,631.14,42.0,0.0
1.0,1.0,1.0,0.0,4.0,1.0,298.0,0.0,2.0,0.01,8.0,997.0,632.12,43.0,0.0
1.0,1.0,1.0,0.0,0.0,3.0,57.0,1.0,4.0,33.24,10.0,6.0,5.98,0.0,0.0
1.0,1.0,1.0,0.0,4.0,4.0,93.0,0.0,3.0,0.12,6.0,998.0,633.07,387.0,0.0
1.0,2.0,3.0,1.52805,114.0,0.0,0.0,0.0,0.0,0.0,0.0,1001.0,635.8,388.0,0.0
1.0,1.0,1.0,0.0,1.0,1.0,193.0,0.0,2.0,1.88,5.0,8.0,7.94,1.0,0.0
1.0,3.0,3.0,1.40052,87.0,0.0,78.67,0.0,2.0,88.33,5.33,9.0,8.94,6.0,0.0
1.0,2.0,2.0,0.755375,64.0,5.0,16.5,0.0,2.0,14.81,2.0,10.0,9.94,7.0,0.0
1.0,1.0,1.0,0.0,1.0,0.0,54.0,0.0,1.0,0.03,1.0,11.0,10.93,8.0,0.0
1.0,5.0,6.0,2.26743,13.0,41.0,153.17,1.0,5.0,34.77,5.5,13.0,12.93,9.0,1.0
1.0,1.0,1.0,0.0,2.0,2.0,174.0,1.0,4.0,5.35,22.0,14.0,13.93,10.0,0.0
1.0,1.0,1.0,0.0,46.0,11.0,128.0,0.0,4.0,6.08,7.0,16.0,15.93,3.0,0.0
1.0,2.0,5.0,2.2999,5.0,6.0,131.2,1.0,3.0,135.39,6.8,17.0,16.93,12.0,0.0
1.0,1.0,1.0,0.0,12.0,6.0,55.0,0.0,1.0,2.86,1.0,102.0,93.66,20.0,0.0
1.0,10.0,18.0,3.12478,184.0,164.0,93.44,0.0,6.0,16.04,2.83,104.0,95.64,63.0,1.0
1.0,1.0,1.0,0.0,21.0,1.0,124.0,0.0,4.0,10.75,7.0,1002.0,633.77,389.0,0.0
3.0,3.0,3.0,1.08187,144.0,19.0,613.67,0.0,6.0,4.06,58.67,55.0,47.15,19.0,0.0
1.0,1.0,1.0,0.0,6.0,1.0,485.0,1.0,2.0,3.2,10.0,1004.0,635.51,44.0,0.0
1.0,1.0,1.0,0.0,3.0,1.0,490.0,0.0,2.0,0.0,11.0,1005.0,636.51,45.0,0.0
1.0,1.0,1.0,0.0,17.0,0.0,130.0,0.0,5.0,11.48,8.0,57.0,49.14,35.0,0.0
1.0,1.0,2.0,0.998636,19.0,4.0,162.0,0.0,4.0,8.72,16.0,58.0,50.12,7.0,0.0
1.0,2.0,2.0,0.8314739999999999,55.0,2.0,63.5,1.0,5.0,2.68,7.5,16.0,14.16,11.0,0.0
1.0,3.0,5.0,2.26435,260.0,62.0,377.8,0.0,5.0,19.44,13.4,17.0,15.13,12.0,1.0
0.0,0.0,0.0,0.0,0.0,0.0,0.0,0.0,0.0,0.0,0.0,108.0,99.07,0.0,0.0
1.0,1.0,1.0,0.0,29.0,21.0,223.0,0.0,3.0,9.0,5.0,1008.0,637.17,525.0,0.0
2.0,2.0,2.0,0.932403,150.0,120.0,262.0,0.0,5.0,7.62,37.5,109.0,99.93,88.0,0.0
1.0,11.0,14.0,3.57697,30.0,27.0,56.5,0.0,5.0,150.53,1.79,18.0,17.76,1.0,0.0
1.0,1.0,1.0,0.0,0.0,5.0,131.0,0.0,3.0,9.56,11.0,19.0,18.76,4.0,0.0
1.0,1.0,1.0,0.0,1.0,1.0,40.0,1.0,3.0,39.11,7.0,20.0,19.76,2.0,0.0
1.0,9.0,12.0,3.15173,26.0,24.0,56.17,0.0,6.0,123.69,2.92,21.0,20.76,3.0,0.0
2.0,3.0,3.0,1.58103,9.0,10.0,106.67,0.0,5.0,3.73,8.33,110.0,100.88,90.0,0.0
1.0,1.0,1.0,0.0,7.0,4.0,152.0,0.0,1.0,9.73,3.0,111.0,101.86,25.0,0.0
1.0,3.0,3.0,1.27624,71.0,4.0,536.67,0.0,7.0,1.74,18.0,1011.0,638.98,527.0,1.0
1.0,3.0,4.0,1.45528,168.0,1.0,35.75,0.0,4.0,0.09,2.25,1012.0,639.98,393.0,1.0
8.0,71.0,71.0,6.14975,71.0,71.0,129.01,0.0,9.0,39.12,5.38,62.0,53.71,100.0,0.0
1.0,1.0,1.0,0.0,0.0,5.0,67.0,0.0,1.0,0.61,1.0,1014.0,641.27,395.0,0.0
1.0,1.0,1.0,0.0,1.0,1.0,93.0,0.0,1.0,8.95,5.0,1015.0,642.25,396.0,0.0
1.0,1.0,1.0,0.0,1.0,1.0,1325.0,0.0,5.0,3.83,151.0,1016.0,643.14,103.0,0.0
1.0,1.0,1.0,0.0,67.0,62.0,581.0,0.0,5.0,3.8,45.0,1017.0,644.12,34.0,0.0
1.0,1.0,14.0,3.42941,30.0,34.0,117.79,0.0,6.0,30.72,3.86,112.0,102.57,67.0,1.0
1.0,1.0,1.0,0.0,35.0,9.0,112.0,0.0,1.0,1.89,1.0,1018.0,644.98,528.0,0.0
1.0,1.0,1.0,0.0,173.0,156.0,836.0,0.0,4.0,4.92,21.0,1020.0,646.86,397.0,1.0
1.0,6.0,11.0,3.0287,682.0,34.0,77.64,1.0,5.0,25.69,4.0,24.0,23.63,7.0,1.0
1.0,1.0,1.0,0.0,4.0,4.0,95.0,0.0,1.0,0.01,1.0,25.0,24.63,8.0,0.0
1.0,1.0,1.0,0.0,4.0,4.0,95.0,0.0,1.0,0.0,2.0,26.0,25.63,9.0,0.0
1.0,1.0,1.0,0.0,11.0,1.0,242.0,0.0,2.0,92.84,9.0,27.0,26.62,10.0,0.0
1.0,1.0,1.0,0.0,3.0,1.0,35.0,0.0,2.0,12.01,3.0,29.0,28.61,12.0,0.0
1.0,1.0,1.0,0.0,12.0,40.0,288.0,0.0,6.0,12.06,18.0,30.0,29.61,13.0,0.0
1.0,2.0,2.0,0.76794,98.0,9.0,90.0,1.0,5.0,4.63,3.0,32.0,31.54,14.0,0.0
1.0,1.0,1.0,0.0,5.0,7.0,147.0,0.0,5.0,5.92,9.0,33.0,32.53,15.0,0.0
1.0,2.0,8.0,2.97221,20.0,8.0,93.25,0.0,5.0,1.38,2.63,34.0,33.53,16.0,0.0
1.0,2.0,7.0,1.43871,113.0,5.0,58.14,1.0,3.0,0.07,1.57,35.0,34.52,17.0,1.0
1.0,1.0,1.0,0.0,4.0,7.0,224.0,0.0,4.0,7.62,49.0,37.0,36.47,15.0,0.0
1.0,1.0,1.0,0.0,3.0,2.0,853.0,0.0,4.0,2.97,22.0,1022.0,645.37,399.0,0.0
1.0,1.0,1.0,0.0,6.0,3.0,80.0,0.0,6.0,0.01,35.0,118.0,107.74,72.0,0.0
1.0,1.0,1.0,0.0,4.0,4.0,87.0,0.0,2.0,0.11,2.0,38.0,37.42,18.0,0.0
1.0,1.0,1.0,0.0,0.0,10.0,87.0,0.0,2.0,0.02,3.0,39.0,38.42,19.0,0.0
1.0,1.0,1.0,0.0,1.0,1.0,1325.0,0.0,5.0,3.39,152.0,40.0,39.42,0.0,0.0
2.0,3.0,3.0,0.716726,28.0,1.0,497.0,0.0,6.0,13.22,52.33,41.0,40.42,21.0,0.0
1.0,1.0,1.0,0.0,1.0,1.0,1325.0,0.0,6.0,0.01,154.0,42.0,41.41,2.0,0.0
2.0,2.0,2.0,0.970951,3.0,2.0,72.0,0.0,6.0,14.43,18.5,119.0,108.63,79.0,0.0
1.0,2.0,2.0,0.970951,2.0,3.0,67.5,0.0,6.0,1.93,26.0,120.0,109.58,74.0,0.0
2.0,3.0,4.0,1.04945,67.0,25.0,282.75,0.0,6.0,10.91,16.75,1024.0,646.07,931.0,1.0
2.0,2.0,4.0,1.7982900000000002,14.0,23.0,469.5,0.0,6.0,3.49,47.5,121.0,110.34,83.0,0.0
1.0,1.0,1.0,0.0,4.0,4.0,200.0,0.0,1.0,0.51,1.0,44.0,42.97,5.0,0.0
2.0,3.0,3.0,1.42405,116.0,1.0,93.33,1.0,3.0,16.04,4.0,45.0,43.89,37.0,0.0
1.0,1.0,5.0,1.24799,24.0,21.0,150.4,0.0,5.0,13.14,2.4,47.0,45.89,22.0,1.0
1.0,2.0,10.0,2.68166,89.0,83.0,109.8,0.0,7.0,21.83,3.7,49.0,47.85,19.0,1.0
1.0,1.0,1.0,0.0,78.0,0.0,0.0,0.0,0.0,0.0,0.0,50.0,48.85,20.0,0.0
1.0,1.0,1.0,0.0,36.0,0.0,0.0,0.0,0.0,0.0,0.0,52.0,50.85,25.0,0.0
1.0,2.0,2.0,0.644837,401.0,49.0,293.0,0.0,5.0,2.1,23.5,65.0,55.55,12.0,0.0
1.0,5.0,5.0,1.15917,30.0,31.0,77.6,0.0,1.0,1.99,0.4,53.0,51.77,6.0,0.0
1.0,1.0,1.0,0.0,34.0,0.0,0.0,0.0,0.0,0.0,0.0,54.0,52.76,21.0,0.0
1.0,2.0,2.0,0.99403,12.0,10.0,769.0,1.0,6.0,1.26,26.5,56.0,54.64,23.0,1.0
1.0,1.0,3.0,1.54198,0.0,18.0,97.0,0.0,5.0,80.99,2.0,57.0,55.63,26.0,1.0
3.0,15.0,19.0,3.32657,174.0,170.0,101.37,0.0,7.0,26.67,3.89,122.0,109.92,110.0,1.0
1.0,7.0,20.0,4.04542,1068.0,1.0,4.15,0.0,6.0,0.29,1.95,123.0,110.79,77.0,1.0
1.0,20.0,40.0,4.47877,1594.0,1594.0,65.75,0.0,5.0,9.42,0.75,125.0,112.79,28.0,0.0
1.0,1.0,1.0,0.0,15.0,87.0,376.0,0.0,1.0,1.75,1.0,68.0,58.31,13.0,0.0
1.0,2.0,2.0,0.8904920000000001,11.0,2.0,38.5,0.0,2.0,3.6,3.0,59.0,57.54,8.0,0.0
1.0,3.0,4.0,1.30948,243.0,6.0,56.75,0.0,3.0,4.57,2.5,60.0,58.54,28.0,1.0
1.0,1.0,3.0,0.902249,12.0,24.0,59.33,0.0,1.0,21.38,1.67,69.0,59.3,40.0,0.0
1.0,2.0,3.0,0.978016,32.0,2.0,75.67,0.0,2.0,16.35,1.0,18.0,15.59,5.0,0.0
1.0,1.0,1.0,0.0,2.0,3.0,285.0,0.0,2.0,154.68,21.0,61.0,59.16,25.0,0.0
1.0,2.0,3.0,1.37095,6.0,9.0,94.33,0.0,4.0,174.83,4.0,62.0,60.16,26.0,0.0
1.0,1.0,1.0,0.0,0.0,2.0,137.0,0.0,2.0,250.51,7.0,63.0,61.16,29.0,0.0
2.0,4.0,11.0,2.24418,389.0,101.0,245.45,0.0,5.0,44.14,8.27,70.0,59.89,63.0,1.0
1.0,1.0,1.0,0.0,73.0,0.0,0.0,0.0,0.0,0.0,0.0,1025.0,635.92,531.0,0.0
2.0,2.0,2.0,0.496622,303.0,0.0,0.0,0.0,0.0,0.0,0.0,71.0,60.76,65.0,0.0
1.0,1.0,1.0,0.0,1.0,1.0,103.0,0.0,1.0,4.91,1.0,130.0,116.37,81.0,0.0
1.0,2.0,12.0,3.4111,660.0,29.0,140.75,0.0,6.0,1.1,5.67,1026.0,633.3,402.0,1.0
1.0,1.0,1.0,0.0,5.0,3.0,451.0,0.0,5.0,0.54,38.0,73.0,62.23,44.0,0.0
1.0,2.0,4.0,1.58496,3.0,3.0,35.75,0.0,1.0,7.61,0.25,133.0,118.59,83.0,0.0
1.0,1.0,1.0,0.0,3.0,5.0,453.0,0.0,5.0,0.35,39.0,74.0,63.17,45.0,0.0
2.0,5.0,8.0,2.60346,317.0,12.0,110.0,0.0,5.0,45.97,5.0,135.0,119.98,114.0,1.0
1.0,2.0,10.0,3.09395,26.0,33.0,162.5,0.0,5.0,2.71,3.1,136.0,120.98,85.0,0.0
1.0,4.0,6.0,2.30036,293.0,36.0,48.5,0.0,6.0,12.68,4.17,137.0,121.94,86.0,1.0
2.0,2.0,2.0,0.8112779999999999,1.0,3.0,764.0,0.0,6.0,10.23,91.0,76.0,64.79,41.0,0.0
1.0,1.0,1.0,0.0,1.0,0.0,1293.0,0.0,6.0,0.51,159.0,1027.0,629.96,104.0,0.0
1.0,1.0,1.0,0.0,2.0,1.0,103.0,0.0,1.0,7.71,2.0,65.0,61.52,31.0,0.0
1.0,2.0,6.0,1.36011,79.0,2.0,122.67,0.0,4.0,10.63,4.17,67.0,63.48,33.0,0.0
1.0,1.0,1.0,0.0,2.0,2.0,61.0,0.0,1.0,0.02,1.0,69.0,65.48,35.0,0.0
1.0,1.0,1.0,0.0,9.0,0.0,156.0,0.0,6.0,13.04,32.0,138.0,121.85,87.0,0.0
1.0,2.0,2.0,0.08888,88.0,1.0,72.5,0.0,4.0,0.28,6.0,71.0,67.37,37.0,0.0
1.0,2.0,2.0,0.684038,2.0,9.0,231.5,0.0,6.0,18.86,23.5,139.0,122.27,88.0,0.0
1.0,1.0,3.0,1.3093,11.0,11.0,169.67,0.0,4.0,2.48,6.0,140.0,123.27,89.0,0.0
2.0,9.0,11.0,3.14158,323.0,7.0,185.27,0.0,7.0,7.39,6.36,78.0,66.0,73.0,1.0
2.0,11.0,18.0,3.50354,224.0,47.0,76.72,0.0,5.0,17.75,3.94,141.0,124.26,121.0,1.0
1.0,3.0,3.0,1.33667,9.0,11.0,93.0,0.0,5.0,13.09,6.67,79.0,66.92,8.0,0.0
2.0,4.0,10.0,2.85373,1169.0,5.0,129.4,0.0,6.0,0.56,16.0,143.0,125.96,9.0,0.0
3.0,6.0,7.0,1.52663,131.0,0.0,334.0,0.0,7.0,13.86,29.14,1028.0,624.46,543.0,0.0
2.0,2.0,3.0,0.957639,43.0,23.0,222.0,0.0,6.0,13.0,15.33,1029.0,624.14,936.0,1.0
1.0,2.0,2.0,0.577004,50.0,1.0,31.5,0.0,1.0,0.65,0.5,1030.0,625.06,405.0,0.0
2.0,6.0,18.0,3.22645,1042.0,92.0,221.67,0.0,6.0,14.24,7.11,144.0,126.27,125.0,1.0
1.0,2.0,17.0,2.96746,197.0,117.0,95.35,0.0,4.0,56.01,2.59,73.0,68.43,39.0,1.0
1.0,2.0,5.0,1.50925,145.0,27.0,130.8,0.0,4.0,7.7,4.4,74.0,69.42,40.0,1.0
1.0,1.0,1.0,0.0,1.0,1.0,81.0,0.0,1.0,0.13,1.0,77.0,72.39,42.0,0.0
1.0,1.0,2.0,0.675191,41.0,4.0,230.0,0.0,4.0,0.05,12.5,80.0,75.21,45.0,1.0
1.0,1.0,3.0,1.27994,20.0,3.0,51.67,0.0,4.0,67.68,3.67,147.0,128.43,95.0,0.0
1.0,1.0,1.0,0.0,1.0,1.0,681.0,0.0,5.0,33.58,36.0,81.0,75.91,28.0,0.0
1.0,1.0,1.0,0.0,18.0,0.0,82.0,0.0,2.0,40.41,4.0,1031.0,622.09,406.0,0.0
1.0,1.0,1.0,0.0,27.0,1.0,66.0,0.0,5.0,27.8,18.0,1032.0,622.96,48.0,0.0
1.0,1.0,1.0,0.0,4.0,4.0,66.0,0.0,2.0,43.99,4.0,149.0,130.03,97.0,0.0
1.0,2.0,2.0,0.485461,19.0,19.0,43.5,0.0,1.0,0.59,0.5,84.0,78.6,47.0,0.0
1.0,1.0,1.0,0.0,1.0,1.0,1358.0,0.0,6.0,6.3,162.0,85.0,79.59,4.0,0.0
1.0,2.0,5.0,2.30429,0.0,182.0,36.4,0.0,4.0,4.73,1.4,87.0,81.5,49.0,0.0
1.0,1.0,1.0,0.0,1.0,1.0,1358.0,0.0,6.0,0.53,163.0,1033.0,622.1,106.0,0.0
1.0,1.0,1.0,0.0,88.0,0.0,0.0,0.0,0.0,0.0,0.0,1035.0,624.07,534.0,0.0
1.0,2.0,2.0,0.309543,22.0,32.0,198.0,1.0,7.0,0.27,11.5,1038.0,626.72,536.0,0.0
1.0,2.0,4.0,1.02737,62.0,1.0,62.0,0.0,4.0,4.25,4.75,88.0,82.3,50.0,0.0
1.0,1.0,1.0,0.0,7.0,6.0,1530.0,1.0,7.0,5.01,57.0,90.0,84.29,30.0,0.0
1.0,1.0,1.0,0.0,0.0,5.0,35.0,0.0,2.0,36.08,3.0,1040.0,628.03,55.0,0.0
1.0,1.0,1.0,0.0,35.0,26.0,92.0,0.0,5.0,2.91,19.0,1041.0,628.82,50.0,0.0
1.0,2.0,3.0,1.45502,181.0,3.0,113.67,0.0,4.0,0.06,7.33,92.0,86.0,53.0,1.0
1.0,1.0,1.0,0.0,8.0,2.0,318.0,0.0,5.0,45.21,25.0,93.0,87.0,54.0,0.0
1.0,1.0,1.0,0.0,1.0,1.0,1358.0,0.0,6.0,2.25,164.0,94.0,88.0,5.0,0.0
1.0,2.0,2.0,0.468996,19.0,1.0,252.0,0.0,4.0,1.45,15.0,95.0,88.82,55.0,0.0
1.0,2.0,9.0,2.65394,41.0,44.0,277.89,0.0,5.0,73.92,11.67,96.0,89.81,31.0,1.0
3.0,10.0,16.0,3.11862,48.0,48.0,137.88,0.0,7.0,19.68,6.81,153.0,132.75,140.0,0.0
1.0,1.0,10.0,2.74422,80.0,204.0,59.0,0.0,2.0,45.64,0.2,97.0,90.74,56.0,1.0
1.0,1.0,1.0,0.0,14.0,0.0,324.0,0.0,5.0,1.13,26.0,98.0,91.74,57.0,0.0
1.0,1.0,1.0,0.0,1.0,1.0,109.0,0.0,4.0,77.47,4.0,99.0,92.74,58.0,0.0
1.0,5.0,5.0,1.62669,103.0,4.0,130.2,0.0,6.0,71.87,6.6,100.0,93.73,32.0,1.0
1.0,6.0,6.0,1.84806,122.0,33.0,74.17,0.0,6.0,65.54,8.33,101.0,94.57,33.0,1.0
1.0,2.0,2.0,0.947877,28.0,103.0,193.0,0.0,5.0,17.28,14.0,102.0,95.55,59.0,1.0
1.0,1.0,1.0,0.0,4.0,5.0,446.0,0.0,5.0,9.16,41.0,105.0,98.54,62.0,0.0
2.0,38.0,52.0,5.28976,328.0,85.0,127.06,0.0,8.0,39.59,5.1,1042.0,626.42,945.0,1.0
1.0,1.0,1.0,0.0,2.0,13.0,87.0,0.0,3.0,33.96,7.0,107.0,100.48,63.0,0.0
1.0,2.0,3.0,1.33057,57.0,18.0,87.33,0.0,3.0,23.45,1.67,19.0,15.59,6.0,1.0
1.0,2.0,2.0,0.952859,118.0,0.0,0.0,0.0,0.0,0.0,0.0,1043.0,626.71,539.0,0.0
1.0,2.0,2.0,0.961237,10.0,3.0,36.5,1.0,2.0,29.51,1.5,157.0,136.11,103.0,0.0
1.0,1.0,1.0,0.0,2.0,2.0,363.0,0.0,4.0,49.9,26.0,1045.0,628.45,541.0,0.0
1.0,1.0,1.0,0.0,3.0,0.0,81.0,0.0,2.0,50.18,4.0,34.0,21.23,17.0,0.0
1.0,1.0,1.0,0.0,2.0,2.0,63.0,0.0,1.0,0.78,1.0,1047.0,629.55,409.0,0.0
1.0,2.0,2.0,0.979869,11.0,1.0,296.5,0.0,6.0,0.5,35.5,35.0,22.21,17.0,0.0
1.0,1.0,1.0,0.0,6.0,0.0,64.0,0.0,3.0,1.17,5.0,20.0,16.55,7.0,0.0
1.0,1.0,3.0,1.56565,7.0,10.0,65.0,0.0,3.0,10.73,2.33,21.0,17.5,8.0,1.0
1.0,2.0,2.0,0.964079,17.0,1.0,72.0,1.0,4.0,7.06,4.5,112.0,104.55,67.0,0.0
1.0,1.0,1.0,0.0,28.0,16.0,1358.0,0.0,6.0,5.72,165.0,113.0,105.54,6.0,0.0
1.0,1.0,1.0,0.0,2.0,2.0,57.0,0.0,2.0,0.75,2.0,115.0,107.53,68.0,0.0
1.0,1.0,1.0,0.0,8.0,1.0,45.0,0.0,3.0,52.75,6.0,117.0,109.51,37.0,0.0
2.0,3.0,5.0,1.6748299999999998,71.0,13.0,180.8,0.0,5.0,21.97,9.6,161.0,139.06,147.0,1.0
2.0,3.0,4.0,1.30474,66.0,52.0,181.5,0.0,2.0,0.38,0.75,162.0,140.06,116.0,0.0
2.0,3.0,3.0,1.37878,3.0,4.0,242.0,0.0,6.0,12.9,21.0,83.0,68.43,23.0,0.0
1.0,1.0,1.0,0.0,48.0,0.0,0.0,0.0,0.0,0.0,0.0,118.0,110.26,38.0,0.0
1.0,5.0,10.0,2.97048,256.0,110.0,265.1,1.0,7.0,41.78,7.5,163.0,140.84,41.0,1.0
2.0,4.0,4.0,1.85123,12.0,5.0,408.0,0.0,6.0,60.63,44.0,164.0,140.83,119.0,0.0
2.0,3.0,3.0,1.31057,15.0,12.0,203.67,0.0,5.0,25.31,19.0,165.0,141.81,152.0,1.0
1.0,1.0,1.0,0.0,1.0,1.0,65.0,0.0,3.0,0.58,5.0,1050.0,626.04,545.0,0.0
1.0,1.0,1.0,0.0,26.0,14.0,201.0,0.0,2.0,57.0,4.0,184.0,97.67,84.0,0.0
2.0,6.0,11.0,2.94716,377.0,14.0,308.73,0.0,7.0,1.8,15.27,1052.0,627.63,959.0,1.0
1.0,4.0,6.0,1.72902,64.0,5.0,38.5,0.0,4.0,1.25,0.67,4.0,3.99,2.0,0.0
0.0,0.0,0.0,0.0,0.0,0.0,0.0,0.0,0.0,0.0,0.0,5.0,4.99,0.0,0.0
2.0,4.0,5.0,2.06124,187.0,14.0,141.4,0.0,4.0,0.4,4.4,1054.0,628.73,962.0,1.0
2.0,4.0,6.0,2.19751,131.0,9.0,305.83,0.0,7.0,28.71,11.17,84.0,68.63,78.0,1.0
1.0,1.0,1.0,0.0,0.0,1.0,73.0,0.0,2.0,0.01,8.0,169.0,145.23,114.0,0.0
1.0,1.0,1.0,0.0,2.0,0.0,92.0,0.0,2.0,12.97,3.0,120.0,110.87,70.0,0.0
1.0,1.0,1.0,0.0,5.0,0.0,43.0,0.0,2.0,38.19,2.0,6.0,5.96,3.0,0.0
1.0,2.0,2.0,0.6136189999999999,21.0,12.0,307.5,0.0,4.0,1.31,11.0,1055.0,628.31,414.0,0.0
1.0,2.0,11.0,1.32679,87.0,276.0,117.73,1.0,6.0,122.89,3.91,123.0,113.57,41.0,0.0
1.0,1.0,1.0,0.0,5.0,3.0,1371.0,0.0,6.0,3.31,168.0,86.0,70.34,18.0,0.0
1.0,1.0,1.0,0.0,15.0,19.0,337.0,0.0,7.0,0.18,25.0,87.0,71.33,29.0,0.0
3.0,26.0,35.0,4.84425,44.0,35.0,139.11,0.0,8.0,58.05,5.71,89.0,73.27,93.0,0.0
1.0,1.0,1.0,0.0,1.0,1.0,94.0,0.0,3.0,45.54,3.0,125.0,115.25,0.0,0.0
1.0,5.0,14.0,3.11148,77.0,54.0,122.29,1.0,5.0,101.01,5.93,128.0,118.2,45.0,1.0
1.0,2.0,8.0,2.6279,53.0,67.0,149.75,1.0,5.0,23.14,4.13,129.0,119.15,46.0,1.0
1.0,18.0,33.0,4.82453,1.0,61.0,104.48,1.0,8.0,76.24,4.21,130.0,120.15,47.0,0.0
1.0,18.0,21.0,3.70445,56.0,62.0,299.14,1.0,8.0,50.67,11.38,131.0,121.14,48.0,1.0
2.0,2.0,2.0,0.439497,42.0,2.0,149.5,1.0,4.0,6.63,9.5,132.0,122.13,121.0,0.0
1.0,1.0,1.0,0.0,9.0,9.0,333.0,0.0,7.0,0.58,29.0,173.0,148.11,45.0,0.0
1.0,3.0,3.0,1.15674,171.0,12.0,126.0,1.0,7.0,18.3,9.0,133.0,122.88,50.0,1.0
1.0,1.0,1.0,0.0,69.0,0.0,0.0,0.0,0.0,0.0,0.0,134.0,123.86,51.0,0.0
1.0,1.0,2.0,1.0,4.0,4.0,89.0,1.0,4.0,0.97,3.0,135.0,124.85,52.0,0.0
1.0,2.0,3.0,0.935909,103.0,5.0,41.33,1.0,3.0,61.39,1.0,136.0,125.67,53.0,1.0
1.0,8.0,10.0,3.00672,58.0,31.0,358.9,1.0,8.0,7.34,16.1,174.0,148.63,46.0,1.0
2.0,3.0,3.0,0.346935,129.0,2.0,85.33,0.0,5.0,0.94,10.33,176.0,150.48,166.0,0.0
1.0,1.0,1.0,0.0,1.0,1.0,133.0,0.0,2.0,17.03,4.0,177.0,151.44,119.0,0.0
1.0,1.0,1.0,0.0,1.0,1.0,130.0,0.0,4.0,1.72,7.0,178.0,152.39,49.0,0.0
1.0,2.0,2.0,0.426229,12.0,11.0,161.5,0.0,4.0,1.22,10.0,179.0,153.09,50.0,1.0
1.0,1.0,1.0,0.0,22.0,11.0,107.0,0.0,4.0,1.4,5.0,142.0,131.0,58.0,0.0
1.0,1.0,1.0,0.0,11.0,22.0,118.0,0.0,4.0,0.1,6.0,181.0,155.03,51.0,0.0
1.0,2.0,2.0,0.468996,13.0,7.0,135.5,0.0,2.0,9.76,2.5,182.0,155.99,121.0,0.0
1.0,1.0,1.0,0.0,5.0,6.0,356.0,0.0,6.0,14.81,51.0,143.0,131.67,74.0,0.0
1.0,1.0,1.0,0.0,49.0,0.0,0.0,0.0,0.0,0.0,0.0,144.0,132.67,59.0,0.0
1.0,4.0,7.0,1.79552,135.0,8.0,42.71,0.0,5.0,9.87,1.14,7.0,6.85,4.0,0.0
1.0,2.0,2.0,1.0,2.0,2.0,54.5,0.0,1.0,0.0,0.5,8.0,7.85,5.0,0.0
1.0,2.0,2.0,0.721928,8.0,2.0,54.5,0.0,1.0,0.0,1.0,9.0,8.85,6.0,0.0
1.0,2.0,4.0,1.49394,68.0,25.0,37.0,0.0,3.0,16.89,0.75,183.0,156.66,18.0,0.0
1.0,5.0,13.0,3.43016,587.0,1.0,7.15,0.0,4.0,2.21,1.46,184.0,157.65,19.0,1.0
1.0,1.0,2.0,1.0,0.0,44.0,22.0,0.0,1.0,0.01,0.5,185.0,158.64,20.0,0.0
1.0,1.0,1.0,0.0,1.0,0.0,1373.0,0.0,6.0,6.16,169.0,185.0,97.35,27.0,0.0
1.0,1.0,1.0,0.0,1.0,1.0,52.0,0.0,3.0,42.97,5.0,90.0,73.23,32.0,0.0
1.0,1.0,1.0,0.0,1.0,1.0,528.0,0.0,2.0,6.51,4.0,186.0,159.27,10.0,0.0
1.0,2.0,2.0,0.566509,77.0,43.0,45.5,0.0,1.0,1.25,1.0,91.0,74.08,10.0,0.0
0.0,0.0,0.0,0.0,0.0,0.0,0.0,0.0,0.0,0.0,0.0,92.0,75.08,0.0,0.0
1.0,1.0,1.0,0.0,1.0,1.0,94.0,0.0,3.0,22.7,5.0,146.0,133.95,10.0,0.0
2.0,4.0,4.0,1.6667599999999998,139.0,7.0,62.5,1.0,5.0,2.64,5.75,148.0,135.84,137.0,0.0
2.0,2.0,2.0,0.954434,2.0,6.0,985.0,0.0,6.0,8.16,94.5,149.0,136.83,8.0,0.0
1.0,1.0,1.0,0.0,1.0,1.0,126.0,0.0,4.0,53.69,6.0,151.0,138.55,78.0,0.0
1.0,1.0,1.0,0.0,1.0,1.0,55.0,0.0,2.0,21.1,2.0,153.0,140.52,79.0,0.0
2.0,2.0,2.0,0.979869,16.0,8.0,981.0,0.0,6.0,0.11,96.0,189.0,161.41,17.0,0.0
1.0,1.0,4.0,1.66173,23.0,27.0,524.25,0.0,6.0,23.08,7.75,154.0,141.5,3.0,0.0
1.0,6.0,6.0,2.25648,315.0,2.0,77.17,1.0,6.0,5.12,7.67,190.0,162.4,124.0,1.0
1.0,2.0,2.0,0.721928,9.0,1.0,112.5,1.0,5.0,0.04,10.5,191.0,163.38,125.0,0.0
1.0,9.0,9.0,3.06332,73.0,0.0,40.22,0.0,3.0,45.58,1.78,155.0,142.3,13.0,0.0
1.0,1.0,1.0,0.0,1.0,1.0,314.0,0.0,7.0,6.52,26.0,156.0,143.3,62.0,0.0
1.0,5.0,7.0,2.44584,4.0,45.0,128.14,0.0,6.0,52.14,4.29,157.0,144.28,80.0,0.0
1.0,8.0,9.0,2.46246,109.0,71.0,149.44,0.0,6.0,47.79,9.11,93.0,75.53,33.0,1.0
1.0,3.0,4.0,1.16514,34.0,4.0,250.25,0.0,5.0,33.13,27.0,94.0,76.51,34.0,0.0
1.0,1.0,1.0,0.0,1.0,1.0,620.0,1.0,5.0,0.48,47.0,159.0,145.71,63.0,0.0
1.0,1.0,1.0,0.0,6.0,6.0,248.0,1.0,5.0,10.38,14.0,195.0,166.44,53.0,0.0
1.0,6.0,6.0,2.35724,21.0,11.0,192.67,0.0,7.0,3.66,12.33,196.0,167.4,54.0,0.0
1.0,1.0,1.0,0.0,71.0,0.0,0.0,0.0,0.0,0.0,0.0,160.0,146.56,64.0,0.0
1.0,1.0,1.0,0.0,0.0,1.0,71.0,1.0,1.0,0.0,1.0,161.0,147.56,65.0,0.0
1.0,2.0,3.0,1.09712,22.0,3.0,111.0,0.0,5.0,5.3,8.33,197.0,168.35,128.0,0.0
2.0,9.0,9.0,2.52881,32.0,33.0,254.67,0.0,7.0,8.15,17.22,200.0,171.29,186.0,0.0
1.0,1.0,1.0,0.0,2.0,4.0,52.0,0.0,2.0,70.67,4.0,201.0,172.05,131.0,0.0
1.0,3.0,3.0,1.56784,93.0,11.0,134.0,0.0,5.0,0.31,14.0,163.0,149.15,82.0,0.0
1.0,1.0,1.0,0.0,0.0,35.0,35.0,0.0,3.0,102.06,3.0,164.0,150.15,67.0,0.0
1.0,2.0,2.0,0.764205,27.0,0.0,118.0,0.0,4.0,40.84,6.0,95.0,77.11,35.0,0.0
1.0,1.0,2.0,0.8112779999999999,4.0,4.0,78.5,0.0,4.0,5.19,3.0,96.0,78.06,36.0,0.0
3.0,23.0,32.0,2.92991,135.0,429.0,123.0,0.0,8.0,10.21,5.13,97.0,79.05,102.0,1.0
1.0,1.0,1.0,0.0,55.0,0.0,67.0,0.0,3.0,23.83,5.0,165.0,150.8,83.0,0.0
1.0,6.0,9.0,2.7197400000000003,307.0,9.0,22.33,0.0,2.0,13.49,0.89,166.0,151.8,84.0,1.0
1.0,8.0,8.0,2.89546,16.0,4.0,47.0,0.0,3.0,66.36,1.13,167.0,152.8,85.0,0.0
1.0,2.0,2.0,0.918296,2.0,1.0,261.5,1.0,3.0,7.42,6.0,168.0,153.79,68.0,0.0
1.0,2.0,3.0,1.55666,7.0,7.0,105.0,0.0,5.0,0.38,5.0,169.0,154.78,69.0,0.0
1.0,1.0,1.0,0.0,65.0,0.0,0.0,0.0,0.0,0.0,0.0,171.0,156.76,70.0,0.0
1.0,1.0,1.0,0.0,1.0,1.0,65.0,0.0,1.0,0.0,1.0,172.0,157.76,71.0,0.0
1.0,4.0,7.0,1.89892,60.0,17.0,33.57,1.0,3.0,133.52,1.0,173.0,158.72,87.0,0.0
1.0,2.0,2.0,0.084996,94.0,0.0,17.5,0.0,3.0,31.04,3.5,175.0,160.69,73.0,0.0
1.0,1.0,3.0,1.295,96.0,3.0,74.33,0.0,2.0,2.99,1.67,1056.0,614.03,550.0,1.0
1.0,3.0,8.0,1.97796,53.0,23.0,50.38,0.0,1.0,3.4,0.13,205.0,175.42,24.0,0.0
1.0,1.0,2.0,1.0,10.0,2.0,170.5,0.0,4.0,36.09,17.0,1057.0,614.96,36.0,0.0
1.0,2.0,2.0,0.384312,80.0,0.0,54.5,0.0,3.0,1.73,2.5,207.0,177.39,26.0,0.0
3.0,10.0,14.0,3.44016,66.0,39.0,109.86,0.0,5.0,0.88,3.64,208.0,178.19,218.0,1.0
1.0,2.0,2.0,0.977418,13.0,4.0,85.5,1.0,3.0,37.74,2.5,177.0,162.23,88.0,0.0
2.0,8.0,9.0,2.62042,180.0,9.0,234.22,0.0,7.0,16.71,9.78,210.0,179.72,194.0,1.0
1.0,2.0,3.0,1.19818,10.0,3.0,219.33,0.0,5.0,3.39,12.67,211.0,180.7,6.0,0.0
1.0,1.0,1.0,0.0,5.0,0.0,1390.0,0.0,6.0,6.73,174.0,212.0,181.67,13.0,0.0
1.0,4.0,8.0,2.28543,36.0,24.0,137.75,1.0,6.0,44.96,6.25,213.0,182.65,137.0,1.0
1.0,1.0,1.0,0.0,10.0,10.0,1395.0,0.0,6.0,0.1,175.0,178.0,162.89,10.0,0.0
1.0,5.0,14.0,3.24288,296.0,354.0,44.14,0.0,3.0,19.23,0.79,179.0,163.81,15.0,1.0
1.0,7.0,9.0,2.51234,54.0,30.0,240.0,0.0,7.0,26.96,11.67,214.0,183.29,59.0,1.0
1.0,2.0,2.0,0.975313,93.0,10.0,38.0,0.0,3.0,6.94,2.0,1059.0,613.78,552.0,1.0
1.0,4.0,4.0,1.98523,12.0,2.0,46.25,0.0,3.0,5.58,3.0,182.0,166.33,17.0,0.0
1.0,1.0,1.0,0.0,1.0,1.0,445.0,0.0,6.0,28.26,42.0,183.0,167.33,90.0,0.0
1.0,1.0,1.0,0.0,6.0,5.0,102.0,1.0,2.0,28.15,9.0,184.0,168.32,91.0,0.0
1.0,1.0,1.0,0.0,7.0,1.0,121.0,0.0,4.0,0.67,9.0,185.0,169.29,75.0,0.0
1.0,1.0,1.0,0.0,0.0,1.0,103.0,0.0,1.0,0.16,4.0,217.0,185.79,139.0,0.0
1.0,1.0,1.0,0.0,2.0,4.0,1395.0,0.0,6.0,2.07,176.0,186.0,170.02,11.0,0.0
1.0,1.0,1.0,0.0,5.0,0.0,39.0,0.0,2.0,56.73,4.0,1060.0,613.91,56.0,0.0
1.0,1.0,1.0,0.0,3.0,1.0,64.0,0.0,3.0,107.34,3.0,1061.0,614.89,415.0,0.0
1.0,1.0,2.0,1.0,4.0,0.0,176.5,0.0,4.0,2.49,18.0,1063.0,616.71,37.0,0.0
1.0,1.0,1.0,0.0,13.0,0.0,1393.0,0.0,6.0,0.27,177.0,1065.0,618.69,107.0,0.0
1.0,2.0,2.0,0.918296,13.0,2.0,86.5,0.0,1.0,3.89,3.0,218.0,186.44,140.0,0.0
1.0,2.0,5.0,2.24195,22.0,8.0,51.2,0.0,2.0,29.98,1.0,219.0,187.42,141.0,0.0
1.0,1.0,1.0,0.0,18.0,24.0,102.0,0.0,4.0,7.78,10.0,190.0,173.28,77.0,0.0
1.0,1.0,1.0,0.0,2.0,1.0,61.0,0.0,2.0,59.68,4.0,192.0,174.77,92.0,0.0
1.0,4.0,5.0,2.11808,4.0,7.0,129.0,0.0,3.0,57.12,2.6,193.0,175.76,93.0,0.0
1.0,1.0,1.0,0.0,10.0,0.0,213.0,0.0,5.0,74.94,31.0,1066.0,616.81,553.0,0.0
1.0,1.0,1.0,0.0,89.0,63.0,78.0,0.0,2.0,68.26,2.0,220.0,186.27,5.0,0.0
1.0,2.0,2.0,0.8812909999999999,6.0,4.0,275.0,0.0,4.0,2.06,8.0,221.0,187.25,60.0,0.0
1.0,4.0,4.0,1.90875,31.0,22.0,192.75,0.0,5.0,4.95,5.0,222.0,188.17,61.0,0.0
1.0,1.0,1.0,0.0,1.0,0.0,36.0,0.0,3.0,83.68,6.0,195.0,176.48,80.0,0.0
1.0,3.0,3.0,0.437806,11.0,256.0,108.67,0.0,3.0,41.72,7.67,196.0,177.47,94.0,0.0
1.0,2.0,2.0,0.129234,56.0,0.0,159.5,0.0,7.0,2.07,25.5,197.0,178.45,81.0,0.0
1.0,2.0,2.0,0.529361,65.0,60.0,187.5,0.0,7.0,0.32,26.0,198.0,179.31,82.0,0.0
1.0,2.0,2.0,0.33729000000000003,10.0,6.0,206.5,0.0,7.0,11.81,31.0,199.0,180.25,83.0,1.0
1.0,5.0,7.0,2.03915,2.0,26.0,69.29,0.0,5.0,105.45,2.29,200.0,181.24,95.0,0.0
1.0,11.0,15.0,3.3516,50.0,63.0,73.2,0.0,5.0,109.9,3.27,201.0,182.08,96.0,1.0
1.0,3.0,6.0,2.37434,162.0,19.0,106.17,0.0,5.0,20.72,8.5,223.0,188.66,142.0,1.0
1.0,3.0,6.0,2.30603,170.0,1.0,18.5,0.0,3.0,1.98,1.33,224.0,189.35,143.0,1.0
1.0,1.0,1.0,0.0,6.0,0.0,83.0,0.0,4.0,64.4,6.0,225.0,190.31,144.0,0.0
1.0,1.0,1.0,0.0,2.0,2.0,77.0,0.0,2.0,64.56,4.0,226.0,191.29,62.0,0.0
1.0,2.0,2.0,0.561753,34.0,4.0,63.5,0.0,4.0,2.92,3.5,228.0,193.26,145.0,1.0
1.0,1.0,1.0,0.0,2.0,2.0,50.0,0.0,3.0,0.2,6.0,230.0,195.14,147.0,0.0
1.0,2.0,4.0,1.63729,56.0,15.0,480.5,1.0,7.0,30.37,20.0,98.0,77.75,38.0,1.0
1.0,1.0,1.0,0.0,0.0,1.0,325.0,0.0,7.0,0.75,55.0,99.0,78.75,39.0,0.0
1.0,1.0,1.0,0.0,7.0,2.0,50.0,0.0,3.0,0.51,7.0,231.0,195.91,148.0,0.0
1.0,2.0,2.0,0.684038,5.0,6.0,208.5,0.0,7.0,1.25,32.5,202.0,182.17,84.0,1.0
1.0,1.0,1.0,0.0,44.0,43.0,71.0,0.0,2.0,71.43,4.0,203.0,183.16,97.0,0.0
1.0,1.0,1.0,0.0,4.0,2.0,285.0,1.0,5.0,47.35,25.0,100.0,79.64,55.0,0.0
1.0,6.0,10.0,2.76318,453.0,10.0,65.6,0.0,5.0,45.7,5.9,1067.0,611.48,554.0,1.0
2.0,31.0,56.0,5.0944699999999985,1405.0,524.0,136.2,0.0,8.0,37.89,6.02,233.0,197.46,215.0,1.0
1.0,1.0,3.0,1.32943,16.0,0.0,204.0,0.0,5.0,2.98,17.0,235.0,199.3,151.0,0.0
1.0,1.0,1.0,0.0,0.0,0.0,0.0,0.0,2.0,0.36,5.0,236.0,200.29,152.0,0.0
1.0,1.0,1.0,0.0,54.0,0.0,0.0,1.0,0.0,0.0,0.0,1068.0,611.77,555.0,0.0
1.0,3.0,3.0,1.46048,19.0,7.0,80.0,0.0,4.0,8.9,4.0,1069.0,612.58,556.0,0.0
2.0,4.0,4.0,1.08106,15.0,12.0,56.5,0.0,3.0,5.88,2.75,239.0,202.0,185.0,1.0
3.0,3.0,3.0,1.43552,3.0,6.0,592.33,0.0,6.0,10.85,66.67,207.0,185.35,133.0,0.0
1.0,1.0,1.0,0.0,7.0,4.0,1407.0,0.0,6.0,0.02,180.0,208.0,186.34,14.0,0.0
2.0,4.0,4.0,1.52104,136.0,0.0,92.0,0.0,7.0,5.11,9.75,209.0,187.3,187.0,0.0
2.0,4.0,4.0,1.5848799999999998,150.0,45.0,242.5,0.0,6.0,1.82,25.75,1070.0,610.56,974.0,1.0
1.0,2.0,3.0,1.49492,6.0,5.0,653.33,1.0,7.0,3.17,28.67,242.0,204.62,68.0,0.0
1.0,2.0,3.0,1.21849,92.0,20.0,120.33,1.0,5.0,138.94,8.0,210.0,187.88,87.0,0.0
1.0,1.0,1.0,0.0,2.0,4.0,54.0,0.0,1.0,0.51,1.0,211.0,188.87,88.0,0.0
1.0,2.0,2.0,0.918296,3.0,3.0,208.5,0.0,4.0,1.31,7.5,243.0,205.39,69.0,0.0
1.0,1.0,1.0,0.0,38.0,0.0,0.0,0.0,0.0,0.0,0.0,244.0,206.34,70.0,0.0
1.0,1.0,1.0,0.0,9.0,9.0,81.0,0.0,1.0,4.48,2.0,245.0,207.33,155.0,0.0
1.0,5.0,6.0,2.00436,22.0,7.0,70.17,0.0,5.0,27.19,4.33,246.0,208.33,156.0,0.0
1.0,1.0,1.0,0.0,15.0,1.0,383.0,0.0,6.0,0.9,45.0,101.0,79.77,56.0,0.0
1.0,1.0,1.0,0.0,1.0,20.0,58.0,0.0,4.0,21.49,12.0,1071.0,610.57,57.0,0.0
1.0,3.0,3.0,0.8622549999999999,47.0,16.0,315.33,0.0,6.0,1.16,32.0,247.0,209.01,71.0,0.0
1.0,1.0,1.0,0.0,1.0,1.0,207.0,0.0,4.0,0.97,14.0,214.0,191.4,90.0,0.0
1.0,1.0,1.0,0.0,3.0,0.0,500.0,0.0,5.0,7.0,13.0,215.0,191.95,91.0,0.0
1.0,3.0,6.0,1.60727,73.0,12.0,70.83,0.0,4.0,2.69,3.17,216.0,192.92,92.0,1.0
1.0,1.0,2.0,0.99403,10.0,1.0,57.5,0.0,3.0,0.01,2.0,217.0,193.92,93.0,0.0
1.0,1.0,1.0,0.0,12.0,1.0,115.0,0.0,3.0,0.39,4.0,1073.0,610.64,559.0,0.0
1.0,1.0,36.0,4.8852,214.0,3.0,103.94,0.0,8.0,26.88,2.83,1074.0,611.62,560.0,1.0
1.0,1.0,1.0,0.0,8.0,5.0,1628.0,0.0,7.0,0.24,75.0,103.0,81.34,41.0,0.0
9.0,77.0,77.0,6.23176,81.0,81.0,138.39,0.0,10.0,36.44,6.3,104.0,82.33,168.0,0.0
1.0,1.0,4.0,1.62115,18.0,7.0,67.75,1.0,2.0,20.95,1.25,249.0,209.86,33.0,0.0
1.0,1.0,1.0,0.0,3.0,3.0,128.0,0.0,2.0,0.01,3.0,250.0,210.86,158.0,0.0
1.0,3.0,3.0,1.57965,99.0,19.0,136.67,0.0,6.0,0.35,16.0,105.0,83.21,58.0,0.0
4.0,4.0,4.0,1.60045,14.0,7.0,513.25,0.0,6.0,4.47,51.25,219.0,194.91,236.0,0.0
1.0,2.0,2.0,0.970951,3.0,2.0,64.0,1.0,2.0,14.12,2.0,222.0,196.97,25.0,0.0
1.0,1.0,2.0,0.791858,18.0,3.0,258.0,1.0,4.0,29.06,12.5,223.0,197.95,95.0,0.0
1.0,1.0,1.0,0.0,8.0,6.0,36.0,0.0,2.0,356.89,4.0,225.0,199.95,105.0,0.0
1.0,1.0,1.0,0.0,2.0,2.0,1410.0,0.0,6.0,0.48,183.0,226.0,200.72,18.0,0.0
1.0,1.0,1.0,0.0,2.0,3.0,324.0,0.0,7.0,7.91,59.0,227.0,201.53,96.0,0.0
1.0,1.0,1.0,0.0,1.0,1.0,146.0,0.0,4.0,0.05,4.0,229.0,203.47,107.0,0.0
2.0,2.0,2.0,0.951763,29.0,6.0,861.0,0.0,6.0,11.87,93.5,255.0,213.95,21.0,0.0
1.0,1.0,1.0,0.0,1.0,1.0,532.0,0.0,3.0,92.94,11.0,1076.0,608.62,420.0,0.0
2.0,3.0,3.0,1.21017,75.0,1.0,155.67,0.0,7.0,28.13,17.33,0.0,0.0,0.0,0.0
1.0,1.0,1.0,0.0,3.0,20.0,53.0,0.0,2.0,230.87,7.0,230.0,204.28,108.0,0.0
1.0,2.0,2.0,0.7382850000000001,21.0,3.0,114.0,0.0,7.0,0.44,9.5,257.0,215.58,161.0,0.0
2.0,5.0,7.0,2.58538,50.0,9.0,429.29,1.0,7.0,8.32,23.43,258.0,216.45,237.0,1.0
1.0,1.0,1.0,0.0,7.0,0.0,532.0,0.0,3.0,1.07,12.0,1.0,1.0,1.0,0.0
1.0,2.0,3.0,1.54148,198.0,26.0,60.0,0.0,7.0,0.21,6.67,2.0,2.0,2.0,0.0
1.0,2.0,4.0,1.57287,246.0,8.0,127.25,1.0,6.0,18.37,10.25,231.0,204.74,109.0,1.0
1.0,1.0,1.0,0.0,1.0,1.0,112.0,1.0,2.0,100.17,4.0,232.0,205.73,110.0,0.0
3.0,6.0,6.0,2.21885,17.0,1.0,128.67,0.0,6.0,26.74,5.83,260.0,218.11,178.0,0.0
1.0,1.0,1.0,0.0,1.0,1.0,129.0,1.0,2.0,0.72,5.0,261.0,219.08,164.0,0.0
1.0,1.0,1.0,0.0,1.0,1.0,36.0,0.0,3.0,1.49,8.0,234.0,207.53,112.0,0.0
1.0,1.0,1.0,0.0,81.0,0.0,0.0,0.0,0.0,0.0,0.0,236.0,209.51,114.0,0.0
1.0,1.0,1.0,0.0,1.0,1.0,30.0,0.0,2.0,0.0,3.0,264.0,221.96,167.0,0.0
1.0,2.0,3.0,1.43537,6.0,5.0,227.67,1.0,5.0,0.03,6.0,265.0,222.95,168.0,0.0
1.0,1.0,1.0,0.0,3.0,0.0,635.0,0.0,5.0,26.99,52.0,266.0,223.93,76.0,0.0
1.0,1.0,1.0,0.0,12.0,8.0,93.0,0.0,1.0,25.26,3.0,267.0,224.93,169.0,0.0
1.0,2.0,2.0,0.15374200000000002,45.0,0.0,29.0,0.0,5.0,12.85,11.5,1077.0,607.37,562.0,0.0
2.0,10.0,18.0,3.47114,344.0,16.0,252.78,0.0,8.0,29.41,13.11,1078.0,608.37,984.0,1.0
1.0,1.0,1.0,0.0,1.0,0.0,195.0,0.0,5.0,23.86,26.0,268.0,225.61,170.0,0.0
2.0,3.0,3.0,1.36057,147.0,7.0,97.33,1.0,4.0,1.09,9.0,239.0,211.84,215.0,1.0
1.0,1.0,1.0,0.0,3.0,1.0,65.0,0.0,1.0,0.01,1.0,240.0,212.84,117.0,0.0
1.0,1.0,1.0,0.0,0.0,9.0,317.0,0.0,3.0,0.07,11.0,1082.0,611.7,567.0,0.0
1.0,1.0,1.0,0.0,1.0,1.0,94.0,0.0,5.0,14.55,15.0,13.0,11.89,9.0,0.0
2.0,2.0,2.0,0.485461,7.0,12.0,786.5,0.0,7.0,4.47,97.0,241.0,213.71,137.0,0.0
0.0,0.0,0.0,0.0,0.0,0.0,0.0,0.0,0.0,0.0,0.0,243.0,215.66,0.0,0.0
1.0,1.0,1.0,0.0,21.0,6.0,74.0,0.0,4.0,0.01,18.0,245.0,217.32,121.0,0.0
1.0,2.0,2.0,0.951123,170.0,0.0,0.0,0.0,0.0,0.0,0.0,246.0,218.3,122.0,0.0
2.0,2.0,3.0,1.43863,53.0,5.0,546.0,0.0,7.0,18.63,13.33,248.0,220.26,128.0,0.0
1.0,2.0,2.0,0.17466800000000002,152.0,1.0,48.5,1.0,2.0,166.81,4.5,249.0,220.84,101.0,0.0
1.0,1.0,1.0,0.0,2.0,2.0,99.0,1.0,3.0,0.0,10.0,250.0,221.84,102.0,0.0
1.0,3.0,5.0,1.67438,24.0,6.0,86.4,0.0,6.0,20.6,4.8,251.0,222.78,103.0,0.0
1.0,1.0,1.0,0.0,91.0,0.0,0.0,0.0,0.0,0.0,0.0,252.0,223.72,125.0,0.0
2.0,9.0,17.0,3.70061,34.0,43.0,179.47,0.0,8.0,2.6,9.12,272.0,227.98,253.0,0.0
1.0,3.0,3.0,0.99176,24.0,56.0,103.33,0.0,6.0,33.21,6.33,273.0,228.97,8.0,0.0
1.0,1.0,1.0,0.0,0.0,3.0,145.0,0.0,2.0,0.0,5.0,274.0,229.97,9.0,0.0
1.0,2.0,3.0,1.37432,21.0,12.0,54.67,0.0,2.0,47.49,1.0,276.0,231.87,176.0,0.0
1.0,1.0,1.0,0.0,1.0,1.0,31.0,0.0,1.0,28.77,1.0,279.0,234.83,40.0,0.0
2.0,2.0,2.0,0.33729000000000003,7.0,9.0,904.0,0.0,6.0,2.44,97.5,14.0,12.79,10.0,0.0
1.0,2.0,3.0,1.5802,201.0,12.0,105.0,1.0,5.0,1.91,9.0,254.0,224.69,127.0,1.0
1.0,2.0,2.0,0.952266,86.0,0.0,0.0,0.0,0.0,0.0,0.0,257.0,227.59,128.0,0.0
1.0,1.0,1.0,0.0,6.0,2.0,88.0,0.0,1.0,0.01,1.0,259.0,229.57,130.0,0.0
1.0,3.0,4.0,1.8305,21.0,24.0,172.5,1.0,5.0,88.3,5.0,280.0,234.9,177.0,0.0
2.0,3.0,3.0,1.40984,14.0,9.0,205.67,0.0,6.0,43.07,10.67,16.0,14.73,12.0,1.0
1.0,7.0,9.0,1.84237,7.0,7.0,76.44,0.0,6.0,0.93,2.33,284.0,238.34,12.0,0.0
1.0,1.0,1.0,0.0,5.0,3.0,170.0,0.0,6.0,5.17,16.0,261.0,230.67,131.0,0.0
2.0,12.0,17.0,3.59247,119.0,36.0,119.47,1.0,6.0,44.97,4.35,286.0,240.2,260.0,1.0
1.0,2.0,2.0,0.522559,13.0,4.0,128.5,1.0,4.0,0.33,7.0,262.0,231.66,107.0,0.0
1.0,2.0,2.0,0.712064,80.0,2.0,90.0,1.0,5.0,0.05,10.5,263.0,232.61,108.0,1.0
2.0,2.0,2.0,0.8904920000000001,20.0,6.0,782.5,0.0,7.0,2.66,98.5,289.0,242.67,199.0,0.0
1.0,1.0,2.0,0.998116,137.0,0.0,0.0,0.0,0.0,0.0,0.0,265.0,234.12,110.0,0.0
1.0,1.0,1.0,0.0,7.0,0.0,39.0,0.0,2.0,15.17,3.0,266.0,235.06,111.0,0.0
1.0,2.0,2.0,0.426229,90.0,2.0,215.5,1.0,4.0,0.9,7.5,268.0,237.06,132.0,1.0
1.0,1.0,1.0,0.0,84.0,84.0,84.0,0.0,1.0,0.0,1.0,269.0,238.06,133.0,0.0
1.0,1.0,1.0,0.0,28.0,6.0,321.0,1.0,1.0,35.25,2.0,270.0,239.01,113.0,0.0
1.0,1.0,1.0,0.0,73.0,0.0,0.0,0.0,0.0,0.0,0.0,271.0,240.01,114.0,0.0
1.0,2.0,2.0,0.6006090000000001,81.0,1.0,189.0,1.0,4.0,5.6,12.0,272.0,240.98,115.0,1.0
1.0,4.0,2.0,0.0,0.0,0.0,25.5,0.0,2.0,131.79,1.0,107.0,82.68,60.0,0.0
2.0,4.0,4.0,1.5804200000000002,27.0,10.0,79.75,1.0,5.0,161.11,6.75,273.0,241.88,160.0,0.0
1.0,1.0,1.0,0.0,9.0,3.0,34.0,0.0,2.0,0.0,7.0,274.0,242.88,135.0,0.0
9.0,77.0,77.0,6.23176,81.0,81.0,139.75,0.0,11.0,35.36,6.7,108.0,83.6,180.0,0.0
1.0,1.0,1.0,0.0,4.0,2.0,54.0,0.0,2.0,339.27,4.0,109.0,84.59,62.0,0.0
1.0,1.0,1.0,0.0,6.0,5.0,92.0,0.0,2.0,339.31,6.0,110.0,85.58,63.0,0.0
1.0,2.0,3.0,1.09786,22.0,42.0,190.67,1.0,4.0,3.84,9.0,276.0,244.48,116.0,1.0
1.0,2.0,2.0,0.99403,10.0,1.0,64.5,0.0,3.0,26.22,6.5,277.0,245.45,27.0,0.0
1.0,1.0,1.0,0.0,1.0,3.0,96.0,0.0,3.0,0.0,8.0,112.0,87.48,65.0,0.0
1.0,1.0,1.0,0.0,4.0,7.0,252.0,1.0,4.0,0.06,12.0,278.0,246.21,136.0,0.0
1.0,1.0,1.0,0.0,0.0,2.0,91.0,1.0,2.0,339.96,6.0,113.0,88.46,66.0,0.0
1.0,3.0,3.0,0.801191,102.0,1.0,12.0,0.0,2.0,12.39,0.67,280.0,247.88,137.0,0.0
1.0,1.0,1.0,0.0,3.0,2.0,58.0,1.0,5.0,0.01,11.0,282.0,249.78,119.0,0.0
1.0,1.0,1.0,0.0,1.0,2.0,91.0,0.0,3.0,0.14,4.0,283.0,250.7,120.0,0.0
2.0,2.0,2.0,0.77935,25.0,1.0,126.0,0.0,6.0,45.08,10.5,291.0,243.04,267.0,0.0
2.0,2.0,2.0,0.985228,3.0,4.0,75.0,0.0,1.0,3.24,1.5,292.0,244.04,269.0,0.0
1.0,1.0,1.0,0.0,2.0,1.0,87.0,0.0,1.0,21.01,1.0,293.0,244.95,186.0,0.0
1.0,1.0,1.0,0.0,0.0,9.0,80.0,1.0,1.0,0.0,1.0,286.0,253.25,140.0,0.0
1.0,1.0,1.0,0.0,3.0,0.0,115.0,0.0,3.0,141.21,4.0,288.0,255.22,121.0,0.0
1.0,1.0,2.0,0.684038,11.0,11.0,79.0,1.0,1.0,0.0,2.0,290.0,257.2,143.0,0.0
1.0,1.0,1.0,0.0,84.0,0.0,0.0,0.0,0.0,0.0,0.0,291.0,258.13,122.0,0.0
1.0,1.0,1.0,0.0,1.0,1.0,164.0,0.0,4.0,55.25,22.0,292.0,259.11,123.0,0.0
9.0,77.0,77.0,6.23176,81.0,81.0,139.75,0.0,11.0,37.91,6.7,114.0,89.11,194.0,0.0
1.0,1.0,1.0,0.0,13.0,9.0,138.0,0.0,5.0,0.56,12.0,1083.0,602.8,568.0,0.0
1.0,11.0,20.0,3.65275,887.0,0.0,4.25,0.0,6.0,3.71,2.05,1084.0,603.79,423.0,1.0
1.0,4.0,6.0,1.73097,127.0,6.0,31.5,0.0,1.0,0.02,0.17,1085.0,604.77,424.0,0.0
1.0,1.0,3.0,1.1515799999999998,22.0,27.0,148.33,1.0,5.0,14.69,10.33,294.0,245.41,187.0,1.0
1.0,1.0,1.0,0.0,4.0,8.0,61.0,0.0,2.0,106.12,2.0,17.0,15.5,5.0,0.0
1.0,5.0,6.0,1.45114,267.0,2.0,117.5,0.0,6.0,24.76,7.33,293.0,259.61,124.0,1.0
1.0,2.0,2.0,0.468996,10.0,0.0,64.5,0.0,2.0,78.27,2.0,294.0,260.56,125.0,0.0
1.0,1.0,1.0,0.0,1.0,1.0,1490.0,0.0,7.0,0.71,191.0,295.0,261.55,20.0,0.0
1.0,2.0,3.0,1.06128,10.0,6.0,68.33,1.0,5.0,83.12,3.67,298.0,248.91,191.0,1.0
1.0,1.0,2.0,0.954434,5.0,3.0,177.5,0.0,5.0,1.42,20.0,299.0,249.86,10.0,0.0
1.0,2.0,3.0,1.50656,44.0,32.0,65.67,0.0,1.0,6.36,0.67,300.0,250.86,13.0,0.0
1.0,3.0,3.0,1.33468,11.0,2.0,68.0,0.0,2.0,64.16,2.0,301.0,251.79,192.0,0.0
1.0,1.0,1.0,0.0,1.0,1.0,166.0,0.0,6.0,10.79,14.0,296.0,261.99,144.0,0.0
1.0,1.0,1.0,0.0,1.0,1.0,192.0,0.0,5.0,95.26,7.0,297.0,262.8,145.0,0.0
1.0,1.0,1.0,0.0,75.0,0.0,0.0,0.0,0.0,0.0,0.0,298.0,263.45,126.0,0.0
1.0,1.0,1.0,0.0,11.0,11.0,36.0,0.0,1.0,2.67,1.0,299.0,264.34,146.0,0.0
1.0,1.0,1.0,0.0,18.0,1.0,647.0,0.0,5.0,13.53,75.0,301.0,266.3,128.0,0.0
1.0,2.0,2.0,0.534944,41.0,0.0,45.5,0.0,6.0,6.17,8.5,302.0,267.27,147.0,0.0
9.0,78.0,78.0,6.250780000000002,82.0,82.0,139.41,0.0,11.0,38.67,6.69,115.0,89.53,203.0,0.0
1.0,1.0,1.0,0.0,5.0,2.0,184.0,1.0,5.0,96.31,9.0,116.0,90.51,69.0,0.0
1.0,8.0,33.0,4.16367,86.0,48.0,45.58,0.0,5.0,66.95,0.39,18.0,16.38,13.0,0.0
1.0,5.0,10.0,3.15021,646.0,0.0,0.0,0.0,0.0,0.0,0.0,19.0,17.37,14.0,1.0
1.0,2.0,2.0,0.918296,2.0,1.0,81.5,0.0,7.0,1.84,21.5,20.0,18.37,15.0,0.0
1.0,1.0,1.0,0.0,1.0,1.0,89.0,0.0,5.0,30.34,7.0,303.0,267.57,148.0,0.0
1.0,4.0,4.0,0.941858,42.0,3.0,242.75,1.0,5.0,2.02,21.0,304.0,268.43,129.0,0.0
1.0,2.0,3.0,1.34243,51.0,10.0,84.67,0.0,5.0,66.91,7.33,305.0,269.42,149.0,1.0
1.0,3.0,3.0,0.07584199999999999,108.0,0.0,62.33,0.0,5.0,0.8,3.33,302.0,250.58,193.0,0.0
1.0,2.0,4.0,1.84673,19.0,6.0,138.75,1.0,5.0,2.03,4.0,306.0,269.43,150.0,1.0
1.0,2.0,2.0,0.0,109.0,0.0,0.0,1.0,0.0,0.0,0.0,307.0,270.42,151.0,0.0
1.0,1.0,1.0,0.0,1.0,1.0,89.0,0.0,2.0,4.23,5.0,309.0,272.39,153.0,0.0
2.0,3.0,6.0,2.35981,15.0,4.0,136.67,0.0,6.0,26.57,5.33,303.0,250.85,208.0,1.0
1.0,1.0,1.0,0.0,3.0,2.0,221.0,1.0,5.0,1.14,21.0,304.0,251.2,195.0,0.0
1.0,3.0,6.0,2.00267,281.0,0.0,22.17,0.0,1.0,0.38,0.67,305.0,252.2,15.0,0.0
9.0,79.0,79.0,6.26956,83.0,83.0,138.63,0.0,11.0,43.02,6.65,117.0,90.49,213.0,0.0
1.0,1.0,1.0,0.0,80.0,0.0,0.0,0.0,0.0,0.0,0.0,310.0,271.49,130.0,0.0
1.0,2.0,2.0,0.99718,96.0,0.0,0.0,0.0,0.0,0.0,0.0,311.0,272.47,154.0,0.0
2.0,3.0,3.0,1.56565,14.0,20.0,79.67,1.0,4.0,19.73,2.67,312.0,273.1,286.0,1.0
1.0,1.0,1.0,0.0,1.0,1.0,93.0,0.0,1.0,0.01,1.0,308.0,254.2,88.0,0.0
1.0,3.0,3.0,0.689665,79.0,4.0,48.33,0.0,5.0,12.81,2.67,313.0,273.81,156.0,0.0
1.0,4.0,4.0,1.61352,17.0,2.0,257.75,0.0,5.0,9.22,15.75,314.0,274.81,132.0,0.0
1.0,3.0,3.0,1.44009,27.0,9.0,226.0,0.0,6.0,41.41,24.33,309.0,255.13,89.0,0.0
1.0,1.0,1.0,0.0,1.0,1.0,57.0,0.0,1.0,0.0,1.0,312.0,258.04,198.0,0.0
1.0,3.0,3.0,1.51615,26.0,24.0,90.33,1.0,5.0,123.21,3.67,316.0,276.46,158.0,0.0
1.0,2.0,2.0,0.0,0.0,48.0,24.0,0.0,3.0,28.89,4.0,317.0,277.06,159.0,0.0
1.0,2.0,2.0,0.23349,104.0,1.0,156.0,0.0,5.0,32.97,14.5,319.0,278.47,161.0,0.0
1.0,2.0,3.0,1.06128,3.0,13.0,348.33,0.0,6.0,24.86,29.0,321.0,280.39,163.0,0.0
1.0,3.0,5.0,1.75964,258.0,56.0,101.6,0.0,5.0,41.11,4.0,323.0,282.26,165.0,1.0
1.0,1.0,2.0,0.716962,68.0,13.0,45.0,0.0,1.0,0.03,0.5,325.0,284.22,167.0,0.0
2.0,3.0,7.0,2.15096,187.0,16.0,143.43,0.0,7.0,0.07,6.29,326.0,285.18,305.0,1.0
1.0,1.0,1.0,0.0,1.0,1.0,80.0,0.0,1.0,0.0,3.0,327.0,286.18,169.0,0.0
2.0,4.0,16.0,3.13238,380.0,144.0,102.81,0.0,7.0,45.57,4.19,328.0,286.71,308.0,1.0
1.0,1.0,3.0,1.55666,3.0,4.0,68.67,0.0,5.0,0.02,6.67,330.0,288.67,172.0,0.0
1.0,1.0,1.0,0.0,2.0,1.0,94.0,0.0,1.0,0.82,1.0,331.0,289.66,139.0,0.0
2.0,3.0,3.0,1.48548,6.0,4.0,179.33,0.0,7.0,0.05,12.33,333.0,291.59,314.0,0.0
1.0,3.0,8.0,2.63185,32.0,37.0,148.13,0.0,5.0,1.15,3.38,315.0,258.87,199.0,0.0
2.0,7.0,8.0,2.27816,56.0,12.0,279.13,1.0,7.0,9.32,12.75,316.0,259.85,294.0,1.0
1.0,2.0,7.0,2.69071,378.0,45.0,80.0,0.0,5.0,0.03,3.57,337.0,295.08,177.0,1.0
1.0,2.0,2.0,0.175565,75.0,1.0,47.0,1.0,4.0,16.53,5.0,318.0,261.19,95.0,0.0
1.0,2.0,3.0,1.41388,82.0,12.0,26.67,0.0,1.0,0.14,0.33,23.0,20.84,18.0,0.0
2.0,14.0,35.0,4.35939,1040.0,186.0,126.89,0.0,9.0,54.15,5.86,319.0,262.14,298.0,1.0
1.0,1.0,1.0,0.0,2.0,2.0,90.0,0.0,3.0,0.53,8.0,24.0,21.83,19.0,0.0
1.0,1.0,1.0,0.0,93.0,0.0,0.0,0.0,0.0,0.0,0.0,338.0,295.08,178.0,0.0
1.0,1.0,3.0,1.50088,132.0,67.0,143.33,0.0,5.0,0.98,7.33,339.0,296.06,179.0,1.0
1.0,1.0,1.0,0.0,22.0,5.0,540.0,1.0,5.0,18.57,17.0,341.0,298.01,143.0,0.0
1.0,1.0,1.0,0.0,14.0,1.0,587.0,0.0,5.0,4.06,31.0,1089.0,593.79,427.0,0.0
1.0,1.0,1.0,0.0,1.0,1.0,666.0,1.0,5.0,6.2,78.0,118.0,89.97,47.0,0.0
1.0,2.0,4.0,1.08245,65.0,4.0,203.25,0.0,7.0,43.17,14.75,345.0,300.93,147.0,0.0
1.0,2.0,4.0,1.77391,14.0,11.0,49.75,0.0,3.0,55.1,1.25,25.0,22.72,20.0,0.0
1.0,1.0,1.0,0.0,1.0,1.0,69.0,0.0,3.0,128.76,5.0,322.0,263.51,203.0,0.0
1.0,1.0,4.0,1.82036,86.0,86.0,191.25,0.0,5.0,2.23,8.0,325.0,266.44,205.0,1.0
1.0,1.0,1.0,0.0,65.0,20.0,557.0,1.0,5.0,0.26,19.0,347.0,302.16,149.0,0.0
1.0,1.0,1.0,0.0,9.0,2.0,107.0,0.0,3.0,7.79,5.0,327.0,268.21,206.0,0.0
1.0,1.0,1.0,0.0,0.0,2.0,114.0,0.0,3.0,2.5,6.0,328.0,267.69,207.0,0.0
1.0,1.0,1.0,0.0,4.0,4.0,55.0,0.0,2.0,3.09,2.0,330.0,269.62,102.0,0.0
1.0,1.0,2.0,0.918296,46.0,5.0,135.5,0.0,3.0,48.53,4.5,331.0,270.61,103.0,1.0
1.0,2.0,12.0,2.20206,193.0,8.0,110.08,0.0,4.0,60.6,4.42,349.0,301.33,184.0,1.0
2.0,11.0,27.0,4.2377699999999985,260.0,102.0,157.0,0.0,9.0,22.53,7.78,332.0,270.95,312.0,1.0
1.0,1.0,1.0,0.0,6.0,2.0,61.0,0.0,2.0,131.3,3.0,334.0,272.9,210.0,0.0
1.0,1.0,1.0,0.0,3.0,6.0,65.0,0.0,2.0,0.05,4.0,335.0,273.87,211.0,0.0
1.0,1.0,1.0,0.0,59.0,0.0,0.0,1.0,0.0,0.0,0.0,350.0,301.64,185.0,0.0
1.0,2.0,2.0,0.578795,54.0,4.0,63.5,0.0,4.0,66.51,6.5,352.0,303.6,187.0,0.0
1.0,1.0,1.0,0.0,4.0,0.0,189.0,0.0,5.0,7.9,27.0,336.0,274.33,212.0,0.0
2.0,2.0,2.0,0.443458,72.0,4.0,21.0,0.0,5.0,7.2,5.5,338.0,276.33,30.0,0.0
1.0,1.0,1.0,0.0,1.0,2.0,41.0,0.0,6.0,0.0,12.0,339.0,277.33,14.0,0.0
1.0,1.0,2.0,0.920517,149.0,149.0,75.0,0.0,2.0,15.79,3.5,340.0,278.29,105.0,0.0
1.0,4.0,14.0,3.45852,21.0,21.0,62.64,0.0,2.0,20.02,0.43,342.0,280.29,214.0,0.0
0.0,0.0,0.0,0.0,0.0,0.0,0.0,0.0,0.0,0.0,0.0,343.0,281.29,0.0,0.0
0.0,0.0,0.0,0.0,0.0,0.0,0.0,0.0,0.0,0.0,0.0,346.0,284.29,0.0,0.0
1.0,1.0,3.0,1.58496,9.0,9.0,67.33,0.0,2.0,5.31,1.33,347.0,285.12,217.0,0.0
3.0,5.0,5.0,1.77496,66.0,6.0,515.0,0.0,7.0,44.19,19.0,119.0,89.62,134.0,1.0
1.0,1.0,1.0,0.0,129.0,0.0,0.0,0.0,0.0,0.0,0.0,120.0,90.61,72.0,0.0
1.0,1.0,1.0,0.0,1.0,1.0,198.0,0.0,4.0,5.67,7.0,353.0,304.22,188.0,0.0
1.0,1.0,1.0,0.0,7.0,3.0,58.0,0.0,1.0,122.38,3.0,348.0,285.8,218.0,0.0
3.0,13.0,16.0,3.11524,934.0,6.0,175.5,0.0,8.0,6.38,15.69,354.0,304.87,215.0,1.0
1.0,6.0,4.0,1.25914,42.0,15.0,132.75,0.0,1.0,0.12,0.25,355.0,305.78,190.0,1.0
1.0,2.0,7.0,2.34827,72.0,31.0,106.0,0.0,6.0,71.46,4.14,349.0,286.41,219.0,1.0
1.0,1.0,1.0,0.0,3.0,1.0,395.0,1.0,4.0,1.96,28.0,358.0,308.19,193.0,0.0
1.0,14.0,33.0,4.98701,72.0,46.0,60.61,0.0,5.0,99.57,2.27,359.0,309.19,194.0,0.0
2.0,3.0,3.0,1.53049,4.0,5.0,64.33,0.0,4.0,0.44,5.0,360.0,310.18,347.0,0.0
1.0,2.0,3.0,1.50459,39.0,10.0,223.67,1.0,4.0,2.04,15.33,362.0,312.14,196.0,0.0
1.0,2.0,2.0,0.970951,5.0,5.0,42.5,1.0,3.0,7.44,2.5,121.0,91.32,73.0,0.0
1.0,1.0,1.0,0.0,2.0,0.0,111.0,0.0,4.0,16.67,6.0,26.0,23.24,21.0,0.0
0.0,0.0,0.0,0.0,0.0,0.0,0.0,0.0,0.0,0.0,0.0,122.0,92.25,0.0,0.0
0.0,0.0,0.0,0.0,0.0,0.0,0.0,0.0,0.0,0.0,0.0,123.0,93.25,0.0,0.0
1.0,2.0,2.0,0.986126,65.0,0.0,0.0,0.0,0.0,0.0,0.0,125.0,95.21,75.0,0.0
1.0,2.0,8.0,2.53708,113.0,68.0,140.38,0.0,5.0,79.29,6.13,126.0,96.21,76.0,1.0
1.0,1.0,2.0,0.954434,5.0,3.0,111.5,0.0,5.0,18.61,6.0,363.0,312.31,197.0,0.0
1.0,1.0,2.0,1.0,104.0,0.0,0.0,0.0,0.0,0.0,0.0,364.0,313.23,154.0,0.0
1.0,4.0,5.0,1.53482,121.0,48.0,58.6,1.0,4.0,64.31,2.8,367.0,316.03,157.0,1.0
1.0,1.0,1.0,0.0,3.0,1.0,196.0,0.0,1.0,0.0,1.0,369.0,317.48,199.0,0.0
1.0,1.0,1.0,0.0,6.0,3.0,198.0,0.0,1.0,0.01,2.0,370.0,318.47,200.0,0.0
1.0,1.0,1.0,0.0,1.0,1.0,201.0,0.0,1.0,0.0,3.0,371.0,319.47,201.0,0.0
1.0,1.0,1.0,0.0,1.0,1.0,1401.0,0.0,7.0,2.81,196.0,373.0,321.4,24.0,0.0
1.0,1.0,1.0,0.0,80.0,0.0,0.0,0.0,0.0,0.0,0.0,376.0,323.79,204.0,0.0
1.0,2.0,3.0,1.48749,125.0,0.0,0.0,0.0,0.0,0.0,0.0,1091.0,584.62,429.0,0.0
1.0,1.0,1.0,0.0,16.0,28.0,86.0,0.0,1.0,0.13,2.0,1093.0,586.47,571.0,0.0
1.0,1.0,1.0,0.0,3.0,0.0,64.0,0.0,1.0,0.18,1.0,1094.0,587.46,430.0,0.0
1.0,6.0,12.0,3.18939,51.0,57.0,103.25,0.0,5.0,1.62,3.58,352.0,286.42,107.0,0.0
1.0,2.0,4.0,1.73728,21.0,16.0,57.25,0.0,2.0,0.89,1.0,353.0,287.42,222.0,0.0
1.0,1.0,1.0,0.0,4.0,2.0,112.0,0.0,3.0,8.24,7.0,354.0,288.38,223.0,0.0
1.0,2.0,5.0,1.74541,279.0,44.0,77.6,0.0,5.0,2.93,7.0,377.0,323.9,205.0,1.0
1.0,1.0,1.0,0.0,0.0,74.0,74.0,0.0,2.0,0.39,4.0,1096.0,588.71,573.0,0.0
2.0,4.0,7.0,2.67679,293.0,36.0,39.57,0.0,5.0,9.22,3.43,1097.0,589.64,1006.0,1.0
1.0,3.0,3.0,1.22518,76.0,6.0,304.33,0.0,6.0,58.21,16.33,357.0,290.56,109.0,0.0
1.0,2.0,2.0,0.538738,142.0,4.0,68.5,1.0,3.0,40.56,4.0,378.0,323.93,160.0,1.0
1.0,1.0,1.0,0.0,0.0,1.0,37.0,0.0,1.0,0.93,1.0,1099.0,589.99,434.0,0.0
1.0,1.0,1.0,0.0,2.0,2.0,90.0,0.0,8.0,0.99,46.0,1101.0,591.94,436.0,0.0
1.0,4.0,11.0,2.84041,146.0,36.0,80.55,1.0,7.0,42.65,5.55,128.0,96.93,51.0,1.0
1.0,5.0,7.0,2.29592,36.0,32.0,221.86,0.0,7.0,2.05,11.86,359.0,291.43,111.0,0.0
2.0,6.0,8.0,2.27885,67.0,26.0,230.63,0.0,7.0,13.77,19.25,364.0,296.38,341.0,1.0
1.0,1.0,1.0,0.0,57.0,0.0,0.0,0.0,0.0,0.0,0.0,380.0,323.97,162.0,0.0
1.0,1.0,1.0,0.0,1.0,0.0,25.0,0.0,1.0,263.98,5.0,382.0,325.88,164.0,0.0
1.0,1.0,1.0,0.0,3.0,0.0,423.0,0.0,5.0,15.57,31.0,383.0,326.71,207.0,0.0
1.0,3.0,3.0,1.58496,3.0,3.0,109.67,0.0,6.0,1.54,9.67,365.0,295.9,113.0,0.0
3.0,6.0,7.0,2.15682,99.0,17.0,92.0,0.0,4.0,24.02,6.71,366.0,296.89,289.0,1.0
1.0,3.0,6.0,1.91779,145.0,3.0,47.5,0.0,3.0,5.66,0.83,385.0,327.97,209.0,1.0
1.0,1.0,1.0,0.0,1.0,1.0,1406.0,0.0,7.0,4.67,198.0,386.0,328.48,25.0,0.0
1.0,45.0,44.0,3.88168,1111.0,4.0,28.0,0.0,6.0,103.98,0.52,129.0,97.19,16.0,0.0
1.0,1.0,1.0,0.0,1.0,1.0,61.0,0.0,3.0,0.01,5.0,130.0,98.19,17.0,0.0
2.0,2.0,2.0,1.0,2.0,2.0,755.5,0.0,7.0,63.39,103.0,369.0,298.87,250.0,0.0
1.0,1.0,2.0,0.07470399999999999,109.0,1.0,25.5,1.0,5.0,3.54,8.5,387.0,328.77,210.0,0.0
1.0,2.0,2.0,0.297472,37.0,1.0,44.5,0.0,4.0,13.84,5.0,388.0,329.48,211.0,0.0
1.0,1.0,1.0,0.0,1.0,1.0,198.0,0.0,4.0,13.4,8.0,390.0,331.0,213.0,0.0
1.0,1.0,1.0,0.0,14.0,12.0,81.0,0.0,1.0,35.05,2.0,370.0,299.07,20.0,0.0
1.0,1.0,1.0,0.0,1.0,0.0,105.0,0.0,2.0,1.21,8.0,371.0,300.06,233.0,0.0
2.0,4.0,13.0,3.32187,387.0,60.0,156.54,0.0,8.0,23.39,8.0,372.0,301.04,348.0,1.0
1.0,1.0,1.0,0.0,2.0,3.0,68.0,0.0,1.0,1.93,1.0,374.0,303.03,235.0,0.0
2.0,11.0,26.0,3.91414,251.0,61.0,132.31,0.0,8.0,100.78,6.08,131.0,98.68,130.0,1.0
2.0,10.0,27.0,3.73599,918.0,119.0,97.78,0.0,7.0,40.23,4.78,392.0,331.94,381.0,1.0
1.0,1.0,2.0,0.764205,6.0,3.0,52.5,0.0,4.0,0.0,3.5,393.0,332.93,168.0,0.0
1.0,1.0,1.0,0.0,8.0,0.0,59.0,0.0,1.0,0.12,1.0,394.0,333.85,169.0,0.0
1.0,1.0,1.0,0.0,1.0,1.0,1406.0,0.0,7.0,3.58,200.0,396.0,335.07,26.0,0.0
1.0,1.0,1.0,0.0,7.0,2.0,304.0,0.0,5.0,0.08,27.0,398.0,336.45,172.0,0.0
1.0,1.0,1.0,0.0,6.0,4.0,309.0,0.0,5.0,0.04,28.0,399.0,337.42,173.0,0.0
1.0,2.0,2.0,0.208181,57.0,4.0,199.0,0.0,5.0,40.38,28.0,400.0,338.35,174.0,0.0
1.0,3.0,5.0,1.97725,95.0,10.0,140.6,0.0,5.0,25.51,7.8,401.0,339.27,175.0,1.0
1.0,10.0,21.0,3.74159,110.0,113.0,74.9,0.0,5.0,74.66,1.14,378.0,303.75,238.0,1.0
1.0,4.0,5.0,2.00888,44.0,25.0,87.2,0.0,4.0,0.02,2.2,379.0,304.73,239.0,1.0
1.0,2.0,2.0,0.970951,3.0,2.0,179.0,0.0,4.0,1.42,10.5,382.0,307.04,118.0,0.0
1.0,2.0,2.0,0.6892020000000001,34.0,4.0,66.0,0.0,4.0,144.25,7.5,383.0,308.03,119.0,1.0
1.0,2.0,2.0,0.8812909999999999,8.0,2.0,73.0,0.0,4.0,0.24,7.0,403.0,339.28,177.0,0.0
1.0,2.0,11.0,2.3958,182.0,50.0,119.45,0.0,5.0,119.75,4.55,404.0,340.24,215.0,1.0
1.0,2.0,2.0,0.6962119999999999,11.0,5.0,167.0,1.0,6.0,152.86,10.5,384.0,308.83,120.0,0.0
1.0,1.0,1.0,0.0,0.0,1.0,239.0,1.0,4.0,0.01,10.0,385.0,309.82,121.0,0.0
1.0,1.0,1.0,0.0,1.0,1.0,93.0,0.0,2.0,5.25,7.0,405.0,340.79,178.0,0.0
2.0,9.0,13.0,3.14315,670.0,17.0,119.31,0.0,8.0,25.13,17.69,134.0,100.4,103.0,1.0
1.0,7.0,7.0,2.52164,8.0,6.0,76.0,0.0,1.0,0.02,0.14,135.0,101.39,80.0,0.0
2.0,3.0,3.0,1.02093,58.0,1.0,32.67,1.0,3.0,32.21,2.67,386.0,310.4,364.0,0.0
1.0,1.0,3.0,1.45915,6.0,6.0,103.0,0.0,2.0,15.0,2.67,387.0,311.37,243.0,0.0
0.0,0.0,0.0,0.0,0.0,0.0,0.0,0.0,0.0,0.0,0.0,388.0,312.36,0.0,0.0
1.0,4.0,5.0,2.32193,5.0,5.0,76.2,0.0,3.0,13.03,1.4,389.0,313.36,123.0,0.0
1.0,8.0,28.0,4.80735,28.0,28.0,76.43,0.0,2.0,12.28,0.18,390.0,314.36,244.0,0.0
1.0,2.0,3.0,1.37095,11.0,4.0,144.0,0.0,7.0,6.0,12.67,392.0,316.16,245.0,0.0
1.0,2.0,2.0,0.985228,4.0,3.0,84.5,0.0,1.0,0.48,1.0,136.0,102.29,81.0,0.0
1.0,1.0,1.0,0.0,1.0,1.0,1408.0,0.0,7.0,0.8,202.0,408.0,342.99,27.0,0.0
1.0,1.0,1.0,0.0,2.0,1.0,74.0,0.0,1.0,154.46,2.0,409.0,343.99,217.0,0.0
1.0,2.0,2.0,0.869893,50.0,5.0,76.5,0.0,1.0,83.12,2.5,393.0,316.66,246.0,0.0
1.0,1.0,1.0,0.0,61.0,0.0,0.0,0.0,0.0,0.0,0.0,410.0,344.68,218.0,0.0
1.0,1.0,1.0,0.0,8.0,8.0,128.0,1.0,1.0,0.96,1.0,411.0,345.65,180.0,0.0
2.0,2.0,3.0,1.16486,156.0,2.0,469.33,0.0,7.0,0.17,67.67,395.0,318.51,20.0,0.0
1.0,2.0,2.0,0.7837770000000001,90.0,0.0,152.5,0.0,5.0,0.49,16.0,398.0,320.83,126.0,0.0
1.0,6.0,7.0,2.27474,97.0,34.0,130.29,1.0,5.0,64.8,6.57,399.0,321.71,127.0,1.0
1.0,5.0,6.0,2.16459,42.0,41.0,150.0,1.0,5.0,0.75,8.5,400.0,322.67,128.0,1.0
1.0,3.0,5.0,1.18715,115.0,0.0,40.2,0.0,3.0,19.4,1.8,27.0,23.0,22.0,0.0
1.0,1.0,1.0,0.0,11.0,10.0,100.0,1.0,4.0,147.03,13.0,413.0,345.85,182.0,0.0
1.0,2.0,2.0,0.427398,117.0,9.0,555.5,0.0,5.0,59.18,14.5,414.0,346.76,219.0,0.0
2.0,3.0,4.0,1.4089200000000002,115.0,2.0,53.5,1.0,3.0,19.54,3.5,415.0,347.68,403.0,0.0
1.0,3.0,5.0,2.06724,369.0,10.0,42.6,0.0,4.0,10.72,1.2,417.0,348.98,222.0,1.0
2.0,3.0,4.0,0.852136,45.0,1.0,102.25,0.0,3.0,0.46,5.0,418.0,349.95,407.0,0.0
1.0,2.0,2.0,1.0,2.0,2.0,125.0,0.0,3.0,0.48,3.5,419.0,350.93,224.0,0.0
1.0,1.0,1.0,0.0,5.0,5.0,128.0,1.0,2.0,3.3,3.0,420.0,351.92,185.0,0.0
1.0,1.0,1.0,0.0,1.0,2.0,1420.0,0.0,7.0,3.44,204.0,421.0,352.81,28.0,0.0
1.0,1.0,1.0,0.0,1.0,2.0,1419.0,0.0,7.0,0.4,205.0,401.0,321.73,20.0,0.0
2.0,4.0,13.0,3.12922,136.0,33.0,149.77,1.0,7.0,81.85,7.62,403.0,323.55,379.0,1.0
1.0,3.0,4.0,1.97494,5.0,4.0,68.75,0.0,3.0,2.01,2.5,28.0,23.89,23.0,0.0
1.0,2.0,3.0,1.23992,9.0,25.0,129.33,1.0,5.0,63.41,6.33,404.0,324.54,251.0,0.0
1.0,1.0,2.0,0.958712,40.0,2.0,379.5,1.0,5.0,74.79,11.0,422.0,353.27,6.0,0.0
1.0,2.0,2.0,0.997503,14.0,3.0,93.0,1.0,4.0,79.62,9.0,405.0,325.47,252.0,0.0
1.0,1.0,1.0,0.0,1.0,1.0,145.0,1.0,2.0,159.16,9.0,406.0,326.46,253.0,0.0
1.0,3.0,3.0,1.54198,9.0,9.0,85.67,0.0,5.0,8.81,5.33,30.0,25.83,25.0,0.0
1.0,2.0,3.0,1.44179,24.0,12.0,161.0,0.0,5.0,3.02,6.67,407.0,326.84,254.0,0.0
1.0,1.0,2.0,0.503258,9.0,9.0,108.5,0.0,2.0,1.24,3.0,409.0,328.26,256.0,0.0
1.0,1.0,1.0,0.0,2.0,2.0,142.0,0.0,1.0,0.36,6.0,410.0,328.99,257.0,0.0
2.0,5.0,5.0,1.86514,130.0,2.0,476.4,0.0,7.0,11.7,30.4,411.0,329.98,388.0,1.0
1.0,3.0,13.0,3.1006400000000003,194.0,89.0,90.62,0.0,6.0,71.71,3.38,426.0,355.35,227.0,1.0
1.0,1.0,1.0,0.0,2.0,0.0,62.0,0.0,1.0,0.01,1.0,427.0,356.34,228.0,0.0
1.0,3.0,3.0,0.961949,91.0,19.0,349.67,0.0,6.0,140.28,18.33,428.0,356.95,187.0,0.0
1.0,1.0,1.0,0.0,0.0,4.0,40.0,0.0,1.0,0.48,2.0,414.0,331.85,260.0,0.0
1.0,2.0,3.0,1.04085,8.0,4.0,221.33,1.0,5.0,41.79,6.67,417.0,334.05,262.0,0.0
1.0,3.0,3.0,1.43537,7.0,15.0,78.33,0.0,7.0,45.82,8.0,429.0,355.93,7.0,0.0
1.0,9.0,9.0,2.4705,9.0,34.0,57.0,0.0,6.0,64.99,2.22,430.0,356.9,229.0,0.0
1.0,1.0,2.0,0.292322,214.0,0.0,0.0,0.0,0.0,0.0,0.0,433.0,359.31,30.0,0.0
1.0,2.0,4.0,1.35779,22.0,11.0,175.5,1.0,5.0,62.79,8.75,434.0,360.2,231.0,0.0
1.0,1.0,1.0,0.0,1.0,1.0,80.0,1.0,5.0,43.48,8.0,418.0,333.61,263.0,0.0
2.0,3.0,5.0,1.82273,229.0,19.0,166.0,0.0,6.0,6.33,11.0,436.0,361.17,421.0,1.0
1.0,1.0,1.0,0.0,4.0,0.0,46.0,0.0,3.0,66.9,6.0,437.0,362.17,190.0,0.0
1.0,1.0,2.0,0.961237,11.0,2.0,48.0,0.0,4.0,31.87,6.0,438.0,363.16,191.0,1.0
1.0,3.0,3.0,1.3466,29.0,1.0,85.67,0.0,6.0,2.25,7.33,32.0,27.39,7.0,0.0
1.0,4.0,5.0,2.04477,118.0,16.0,181.6,0.0,8.0,60.05,13.4,33.0,28.38,8.0,1.0
3.0,11.0,17.0,3.22276,836.0,0.0,144.71,0.0,8.0,6.36,15.47,1103.0,570.08,589.0,1.0
1.0,2.0,2.0,1.0,3.0,1.0,386.5,0.0,6.0,0.08,36.5,1104.0,571.01,42.0,0.0
1.0,1.0,3.0,1.58465,168.0,255.0,121.0,0.0,5.0,0.07,15.0,1.0,1.0,0.0,0.0
1.0,2.0,2.0,0.566509,11.0,4.0,62.0,0.0,5.0,209.42,4.5,439.0,362.54,233.0,0.0
1.0,1.0,2.0,0.591673,7.0,7.0,756.5,0.0,7.0,36.36,106.0,440.0,363.54,29.0,0.0
1.0,1.0,3.0,1.56997,8.0,22.0,92.0,0.0,6.0,0.07,15.33,2.0,2.0,1.0,0.0
1.0,1.0,1.0,0.0,4.0,10.0,108.0,0.0,1.0,67.24,2.0,442.0,365.5,235.0,0.0
1.0,1.0,1.0,0.0,52.0,0.0,0.0,0.0,0.0,0.0,0.0,443.0,366.11,193.0,0.0
1.0,1.0,1.0,0.0,4.0,0.0,52.0,0.0,1.0,0.04,1.0,444.0,367.08,194.0,0.0
1.0,11.0,16.0,3.46241,505.0,29.0,38.88,0.0,1.0,0.39,0.13,1106.0,572.25,440.0,0.0
1.0,1.0,1.0,0.0,62.0,0.0,0.0,0.0,0.0,0.0,0.0,4.0,3.99,2.0,0.0
1.0,2.0,4.0,1.9864,74.0,9.0,48.75,0.0,1.0,4.6,0.25,419.0,331.66,42.0,0.0
1.0,2.0,5.0,1.79347,137.0,3.0,18.0,0.0,1.0,6.44,0.4,420.0,332.38,22.0,0.0
2.0,3.0,3.0,1.18973,12.0,7.0,541.67,0.0,7.0,7.02,70.0,448.0,369.3,269.0,0.0
1.0,3.0,3.0,1.43963,23.0,2.0,76.67,0.0,6.0,19.37,11.33,449.0,370.07,240.0,0.0
1.0,3.0,10.0,2.62969,239.0,39.0,100.0,1.0,5.0,29.47,4.2,450.0,370.92,241.0,1.0
1.0,2.0,3.0,1.53013,18.0,12.0,199.0,0.0,5.0,5.33,11.0,423.0,334.11,265.0,0.0
1.0,1.0,3.0,1.52193,5.0,5.0,64.33,0.0,2.0,17.62,1.33,424.0,335.11,266.0,0.0
1.0,6.0,11.0,3.4029300000000005,58.0,83.0,66.09,0.0,1.0,2.74,0.45,425.0,336.11,267.0,0.0
1.0,3.0,3.0,1.5,4.0,4.0,142.33,0.0,5.0,2.09,7.67,426.0,337.11,268.0,0.0
1.0,1.0,2.0,1.0,2.0,2.0,140.5,0.0,5.0,0.04,5.5,452.0,372.46,243.0,0.0
1.0,2.0,3.0,1.04186,112.0,7.0,108.33,0.0,5.0,81.01,12.33,453.0,373.39,244.0,1.0
1.0,1.0,1.0,0.0,14.0,12.0,71.0,0.0,1.0,12.93,2.0,429.0,339.26,271.0,0.0
1.0,3.0,3.0,1.31943,248.0,10.0,81.67,0.0,6.0,1.97,6.0,34.0,28.98,9.0,0.0
1.0,2.0,2.0,0.591673,10.0,4.0,75.0,1.0,3.0,75.44,5.0,430.0,340.25,134.0,0.0
1.0,3.0,4.0,1.66882,107.0,26.0,138.75,0.0,6.0,2.02,8.5,35.0,29.95,10.0,1.0
2.0,15.0,23.0,3.97876,134.0,91.0,211.57,0.0,9.0,70.41,12.78,454.0,373.4,442.0,1.0
1.0,2.0,2.0,1.0,1.0,3.0,154.0,0.0,6.0,0.04,10.0,36.0,30.95,11.0,0.0
1.0,1.0,1.0,0.0,1.0,1.0,73.0,1.0,3.0,103.64,8.0,7.0,6.93,2.0,0.0
1.0,1.0,1.0,0.0,3.0,4.0,130.0,0.0,1.0,0.88,1.0,432.0,341.59,136.0,0.0
1.0,1.0,1.0,0.0,6.0,61.0,228.0,0.0,7.0,12.74,25.0,433.0,342.45,273.0,0.0
1.0,1.0,1.0,0.0,1.0,1.0,46.0,0.0,1.0,0.72,1.0,8.0,7.92,5.0,0.0
1.0,2.0,2.0,0.228538,24.0,3.0,333.5,0.0,7.0,47.99,23.5,457.0,375.53,198.0,0.0
1.0,1.0,5.0,1.94553,18.0,18.0,64.6,0.0,2.0,82.8,1.6,435.0,343.93,43.0,0.0
1.0,1.0,1.0,0.0,2.0,1.0,147.0,0.0,1.0,102.5,2.0,437.0,345.91,45.0,0.0
1.0,1.0,1.0,0.0,7.0,0.0,101.0,0.0,2.0,56.74,6.0,9.0,8.89,6.0,0.0
1.0,1.0,1.0,0.0,11.0,24.0,871.0,1.0,6.0,42.03,18.0,458.0,375.62,8.0,1.0
1.0,4.0,11.0,1.99324,151.0,126.0,130.55,0.0,6.0,78.08,6.91,438.0,346.09,275.0,1.0
1.0,2.0,2.0,0.8112779999999999,3.0,1.0,82.0,0.0,5.0,144.89,6.5,439.0,347.06,276.0,0.0
1.0,1.0,1.0,0.0,14.0,15.0,858.0,1.0,6.0,0.53,19.0,459.0,376.16,9.0,1.0
2.0,7.0,10.0,2.85822,311.0,15.0,143.5,0.0,7.0,15.35,13.6,460.0,377.07,447.0,1.0
1.0,1.0,1.0,0.0,66.0,66.0,66.0,0.0,1.0,0.0,1.0,461.0,378.07,200.0,0.0
1.0,2.0,3.0,1.38152,119.0,3.0,44.33,0.0,3.0,41.89,3.0,11.0,10.85,3.0,0.0
1.0,1.0,1.0,0.0,6.0,1.0,58.0,0.0,1.0,5.3,1.0,137.0,98.56,82.0,0.0
1.0,1.0,1.0,0.0,2.0,0.0,1423.0,0.0,7.0,5.84,209.0,138.0,99.54,25.0,0.0
1.0,3.0,3.0,1.22439,8.0,10.0,208.67,0.0,7.0,1.49,21.0,440.0,347.12,277.0,0.0
2.0,5.0,6.0,2.32611,31.0,19.0,358.0,1.0,7.0,103.74,38.17,139.0,100.45,109.0,0.0
2.0,5.0,6.0,2.0831,215.0,3.0,288.0,0.0,7.0,4.07,16.83,12.0,11.83,12.0,0.0
2.0,3.0,3.0,1.18185,141.0,0.0,149.67,1.0,7.0,1.03,13.67,462.0,377.87,450.0,0.0
1.0,2.0,5.0,1.83615,105.0,49.0,70.4,1.0,5.0,36.2,2.6,464.0,378.43,203.0,0.0
2.0,6.0,8.0,2.51633,54.0,23.0,211.25,1.0,6.0,40.24,19.0,465.0,379.37,454.0,1.0
1.0,2.0,2.0,0.326259,67.0,0.0,96.0,0.0,7.0,0.01,13.5,467.0,381.15,252.0,0.0
1.0,3.0,3.0,0.866944,49.0,0.0,170.33,0.0,4.0,80.06,5.67,468.0,382.14,205.0,0.0
1.0,2.0,3.0,1.58496,6.0,6.0,76.0,0.0,5.0,2.42,3.33,442.0,347.01,278.0,0.0
1.0,1.0,1.0,0.0,5.0,3.0,229.0,1.0,5.0,0.73,54.0,469.0,382.74,206.0,0.0
1.0,1.0,1.0,0.0,1.0,3.0,129.0,0.0,2.0,6.11,2.0,37.0,31.45,12.0,0.0
2.0,3.0,3.0,0.92847,25.0,25.0,207.67,0.0,5.0,39.79,17.67,443.0,347.91,184.0,0.0
1.0,2.0,2.0,0.805805,59.0,14.0,187.0,0.0,5.0,9.07,14.5,470.0,383.64,207.0,0.0
1.0,7.0,23.0,3.66384,882.0,318.0,85.87,0.0,6.0,148.94,1.57,38.0,32.44,13.0,1.0
1.0,1.0,1.0,0.0,1.0,1.0,196.0,0.0,7.0,0.61,28.0,471.0,384.61,253.0,0.0
2.0,4.0,6.0,2.31204,16.0,13.0,103.0,0.0,7.0,41.43,9.5,444.0,348.81,186.0,0.0
1.0,3.0,3.0,1.2143,67.0,2.0,21.0,1.0,1.0,0.77,0.33,445.0,348.52,279.0,0.0
1.0,1.0,1.0,0.0,5.0,8.0,153.0,0.0,6.0,20.42,18.0,141.0,101.53,84.0,0.0
1.0,2.0,3.0,1.10561,16.0,10.0,225.0,0.0,4.0,49.09,12.33,472.0,383.95,254.0,0.0
1.0,2.0,3.0,1.1485299999999998,0.0,94.0,669.0,0.0,8.0,10.15,32.0,14.0,13.66,6.0,0.0
1.0,1.0,1.0,0.0,0.0,1.0,65.0,0.0,6.0,0.81,28.0,15.0,14.66,7.0,0.0
1.0,2.0,2.0,0.058428,51.0,97.0,214.0,0.0,8.0,1.16,18.5,142.0,102.44,56.0,0.0
1.0,2.0,2.0,0.173781,41.0,36.0,86.5,0.0,6.0,217.88,11.0,144.0,104.43,12.0,0.0
2.0,4.0,4.0,1.5192,115.0,1.0,31.75,0.0,2.0,0.34,0.5,145.0,105.42,143.0,0.0
2.0,3.0,4.0,1.80093,112.0,6.0,52.25,0.0,2.0,0.05,0.75,146.0,106.41,145.0,0.0
1.0,1.0,1.0,0.0,1.0,0.0,24.0,0.0,5.0,136.33,9.0,147.0,107.41,87.0,0.0
3.0,3.0,3.0,1.57511,6.0,15.0,167.67,0.0,7.0,10.33,8.67,148.0,108.41,90.0,0.0
2.0,9.0,15.0,3.75486,155.0,82.0,184.53,0.0,8.0,41.6,11.4,149.0,109.3,149.0,1.0
2.0,3.0,3.0,1.32353,6.0,13.0,204.0,0.0,6.0,45.43,13.0,150.0,110.29,151.0,1.0
2.0,7.0,10.0,2.67669,112.0,72.0,232.4,0.0,8.0,22.74,11.6,473.0,384.08,463.0,1.0
1.0,2.0,2.0,0.8739809999999999,32.0,19.0,107.0,1.0,6.0,52.06,11.0,448.0,350.52,281.0,0.0
1.0,1.0,1.0,0.0,6.0,2.0,50.0,0.0,4.0,33.27,6.0,154.0,114.21,64.0,0.0
1.0,1.0,1.0,0.0,2.0,2.0,104.0,0.0,2.0,1.09,4.0,156.0,116.15,66.0,0.0
1.0,1.0,1.0,0.0,4.0,4.0,84.0,0.0,1.0,1.1,2.0,157.0,117.15,91.0,0.0
1.0,5.0,14.0,2.92398,18.0,781.0,82.86,0.0,6.0,62.33,1.93,449.0,350.91,23.0,0.0
2.0,2.0,2.0,1.0,6.0,2.0,878.5,0.0,8.0,83.62,48.0,16.0,15.58,18.0,0.0
1.0,1.0,1.0,0.0,1.0,1.0,321.0,1.0,7.0,1.73,17.0,17.0,16.58,9.0,0.0
1.0,1.0,1.0,0.0,1.0,1.0,533.0,1.0,7.0,7.13,62.0,18.0,17.58,11.0,0.0
1.0,1.0,2.0,0.697341,114.0,3.0,40.0,1.0,2.0,83.05,3.0,474.0,383.35,256.0,0.0
1.0,3.0,4.0,1.42786,81.0,70.0,113.25,0.0,5.0,43.58,3.5,475.0,384.21,209.0,1.0
1.0,3.0,12.0,2.69155,324.0,27.0,151.25,0.0,6.0,87.94,5.08,476.0,385.06,257.0,1.0
1.0,2.0,3.0,1.58311,140.0,30.0,75.67,0.0,6.0,1.85,7.67,454.0,354.38,283.0,1.0
1.0,1.0,1.0,0.0,1.0,1.0,65.0,1.0,2.0,0.0,3.0,480.0,388.46,213.0,0.0
1.0,8.0,12.0,2.59247,195.0,94.0,96.83,0.0,6.0,52.62,4.92,482.0,390.1,215.0,1.0
1.0,2.0,3.0,1.1348200000000002,86.0,1.0,14.33,0.0,1.0,5.87,0.33,483.0,390.59,258.0,0.0
1.0,2.0,3.0,1.25163,76.0,2.0,90.67,0.0,3.0,0.5,3.33,484.0,391.45,216.0,0.0
1.0,1.0,1.0,0.0,10.0,10.0,97.0,1.0,4.0,127.86,11.0,19.0,18.43,10.0,0.0
1.0,2.0,2.0,0.957554,25.0,4.0,964.5,0.0,8.0,5.15,69.5,20.0,19.43,11.0,0.0
1.0,2.0,2.0,0.468996,81.0,9.0,274.5,0.0,3.0,94.52,7.5,21.0,20.42,12.0,0.0
2.0,3.0,4.0,1.64115,11.0,10.0,97.0,0.0,3.0,0.27,3.0,485.0,392.24,476.0,0.0
1.0,1.0,1.0,0.0,0.0,6.0,235.0,0.0,5.0,54.05,20.0,486.0,393.22,218.0,0.0
1.0,2.0,6.0,2.58387,231.0,0.0,0.0,0.0,0.0,0.0,0.0,487.0,394.21,260.0,0.0
1.0,1.0,1.0,0.0,20.0,0.0,331.0,0.0,7.0,33.39,39.0,23.0,22.42,13.0,0.0
1.0,3.0,3.0,1.54113,77.0,22.0,7.33,0.0,1.0,127.13,0.33,489.0,396.19,262.0,0.0
1.0,1.0,1.0,0.0,5.0,1.0,108.0,1.0,3.0,182.62,8.0,24.0,23.41,14.0,0.0
1.0,1.0,1.0,0.0,53.0,0.0,0.0,0.0,0.0,0.0,0.0,25.0,24.4,13.0,0.0
1.0,1.0,2.0,0.097941,79.0,0.0,18.0,0.0,2.0,84.25,1.5,490.0,396.83,219.0,0.0
1.0,1.0,1.0,0.0,5.0,2.0,53.0,0.0,2.0,15.29,6.0,26.0,25.36,14.0,0.0
2.0,3.0,5.0,2.05881,9.0,0.0,239.8,0.0,5.0,86.03,7.2,492.0,398.42,484.0,0.0
3.0,4.0,4.0,1.97095,4.0,6.0,44.75,0.0,2.0,2.11,2.0,494.0,400.34,518.0,0.0
1.0,2.0,3.0,1.54647,122.0,0.0,0.0,0.0,0.0,0.0,0.0,1113.0,562.48,445.0,0.0
1.0,3.0,3.0,1.31242,164.0,103.0,271.33,0.0,9.0,19.32,36.0,27.0,26.28,15.0,0.0
1.0,4.0,4.0,2.0,4.0,0.0,63.5,0.0,6.0,44.17,2.5,28.0,27.28,0.0,0.0
1.0,2.0,2.0,0.8112779999999999,54.0,10.0,504.5,0.0,6.0,13.46,51.5,158.0,116.62,67.0,0.0
1.0,1.0,1.0,0.0,24.0,24.0,752.0,0.0,6.0,0.03,85.0,159.0,117.61,68.0,0.0
3.0,6.0,12.0,2.32555,29.0,140.0,108.42,0.0,7.0,113.92,5.92,160.0,118.56,179.0,1.0
1.0,2.0,3.0,1.19146,14.0,29.0,322.0,0.0,5.0,54.46,18.33,1114.0,562.87,446.0,0.0
1.0,3.0,3.0,1.08564,48.0,26.0,146.33,0.0,7.0,173.24,20.33,1115.0,563.86,447.0,0.0
1.0,1.0,1.0,0.0,1.0,0.0,436.0,0.0,7.0,0.03,60.0,1118.0,566.83,449.0,0.0
1.0,3.0,3.0,1.58496,3.0,3.0,65.33,0.0,6.0,0.75,3.0,29.0,28.23,1.0,0.0
1.0,2.0,2.0,0.999711,199.0,101.0,416.0,0.0,7.0,0.48,33.5,30.0,29.22,16.0,0.0
1.0,3.0,3.0,1.1928299999999998,61.0,13.0,411.33,0.0,6.0,13.61,37.67,161.0,119.48,70.0,1.0
1.0,4.0,6.0,2.28521,18.0,19.0,155.33,0.0,6.0,3.34,13.17,458.0,353.81,144.0,0.0
2.0,8.0,12.0,3.24769,33.0,36.0,111.25,0.0,5.0,15.22,2.67,460.0,355.8,302.0,0.0
1.0,1.0,1.0,0.0,6.0,6.0,64.0,0.0,2.0,29.62,3.0,462.0,357.73,288.0,0.0
1.0,3.0,5.0,1.63727,169.0,0.0,0.0,0.0,0.0,0.0,0.0,463.0,356.87,25.0,0.0
1.0,7.0,14.0,3.14476,625.0,136.0,246.86,0.0,11.0,46.44,15.07,497.0,397.9,225.0,1.0
1.0,2.0,3.0,1.56128,9.0,7.0,131.0,0.0,5.0,0.46,5.0,498.0,398.49,226.0,0.0
1.0,1.0,1.0,0.0,9.0,3.0,71.0,0.0,2.0,124.13,2.0,31.0,29.81,17.0,0.0
1.0,1.0,1.0,0.0,7.0,7.0,154.0,0.0,1.0,0.91,1.0,499.0,399.1,227.0,0.0
1.0,1.0,1.0,0.0,3.0,1.0,50.0,1.0,4.0,176.54,4.0,38.0,19.89,19.0,0.0
2.0,2.0,9.0,1.86901,28.0,176.0,331.44,0.0,8.0,132.78,24.78,162.0,119.07,120.0,0.0
1.0,1.0,1.0,0.0,1.0,1.0,198.0,0.0,4.0,0.78,8.0,466.0,358.37,146.0,0.0
1.0,1.0,1.0,0.0,5.0,6.0,148.0,1.0,2.0,70.55,5.0,163.0,119.94,94.0,0.0
1.0,4.0,4.0,1.91405,28.0,6.0,161.25,0.0,7.0,53.47,12.0,501.0,400.17,229.0,0.0
1.0,1.0,1.0,0.0,6.0,1.0,324.0,1.0,6.0,4.72,53.0,503.0,402.15,231.0,0.0
1.0,1.0,1.0,0.0,1.0,0.0,486.0,0.0,7.0,6.44,62.0,32.0,30.71,18.0,0.0
1.0,3.0,3.0,1.1405299999999998,23.0,12.0,140.67,0.0,5.0,40.61,8.67,504.0,402.54,232.0,0.0
1.0,4.0,6.0,1.92546,185.0,40.0,189.33,0.0,7.0,22.9,14.5,168.0,124.34,75.0,1.0
1.0,1.0,1.0,0.0,30.0,1.0,72.0,0.0,4.0,165.23,6.0,507.0,402.94,268.0,0.0
1.0,2.0,3.0,1.50222,21.0,1.0,119.0,0.0,4.0,26.86,3.67,508.0,403.89,235.0,0.0
1.0,1.0,1.0,0.0,1.0,1.0,125.0,1.0,4.0,0.01,7.0,44.0,36.77,17.0,0.0
1.0,5.0,7.0,1.50888,109.0,2.0,46.0,0.0,5.0,21.09,2.57,45.0,37.76,28.0,0.0
1.0,2.0,4.0,1.39769,10.0,12.0,241.25,0.0,5.0,45.69,13.75,510.0,404.95,236.0,0.0
1.0,1.0,1.0,0.0,32.0,15.0,169.0,0.0,2.0,5.65,4.0,511.0,405.74,237.0,0.0
1.0,3.0,4.0,1.0823,181.0,9.0,173.25,1.0,6.0,26.01,10.75,512.0,405.79,238.0,1.0
1.0,1.0,1.0,0.0,75.0,0.0,0.0,0.0,0.0,0.0,0.0,46.0,38.64,18.0,0.0
1.0,2.0,2.0,0.918296,9.0,0.0,392.5,0.0,6.0,3.42,29.0,513.0,406.75,239.0,0.0
1.0,1.0,1.0,0.0,3.0,2.0,462.0,1.0,4.0,0.61,29.0,514.0,407.24,240.0,0.0
2.0,6.0,6.0,1.5838299999999998,683.0,466.0,187.5,0.0,7.0,50.12,11.33,1123.0,560.96,1033.0,1.0
1.0,2.0,2.0,0.905928,84.0,0.0,0.0,0.0,0.0,0.0,0.0,1124.0,561.95,453.0,0.0
1.0,1.0,1.0,0.0,4.0,2.0,463.0,1.0,4.0,0.33,30.0,515.0,407.94,241.0,0.0
1.0,2.0,2.0,0.362051,18.0,11.0,385.0,1.0,7.0,0.07,48.5,516.0,408.92,242.0,1.0
1.0,1.0,1.0,0.0,10.0,2.0,180.0,0.0,6.0,32.16,18.0,517.0,409.85,270.0,0.0
1.0,2.0,2.0,0.991076,28.0,8.0,68.0,0.0,5.0,298.12,4.5,518.0,410.84,271.0,0.0
1.0,5.0,6.0,2.40372,24.0,14.0,244.33,0.0,6.0,3.61,14.33,467.0,353.57,147.0,0.0
1.0,1.0,1.0,0.0,0.0,1.0,120.0,0.0,6.0,0.44,10.0,519.0,411.44,272.0,0.0
1.0,1.0,2.0,0.929364,28.0,1.0,399.5,0.0,5.0,39.61,12.0,34.0,32.07,2.0,0.0
1.0,1.0,1.0,0.0,18.0,0.0,0.0,0.0,0.0,0.0,0.0,520.0,412.09,273.0,0.0
2.0,2.0,2.0,0.956889,41.0,33.0,764.5,0.0,8.0,5.35,107.0,1126.0,563.12,565.0,0.0
1.0,3.0,3.0,1.40052,67.0,20.0,76.0,1.0,5.0,37.47,4.67,521.0,412.96,274.0,0.0
2.0,5.0,5.0,1.95693,39.0,11.0,120.0,1.0,5.0,94.37,5.6,522.0,413.93,518.0,0.0
1.0,1.0,1.0,0.0,52.0,0.0,0.0,0.0,0.0,0.0,0.0,525.0,415.42,244.0,0.0
1.0,2.0,29.0,4.40207,56.0,41.0,129.28,0.0,9.0,68.35,4.34,526.0,416.41,245.0,1.0
1.0,1.0,1.0,0.0,1.0,1.0,1468.0,0.0,7.0,1.57,214.0,527.0,416.62,31.0,0.0
1.0,1.0,2.0,0.918296,5.0,1.0,82.0,0.0,1.0,3.32,0.5,470.0,352.84,50.0,0.0
1.0,1.0,1.0,0.0,2.0,2.0,1470.0,0.0,7.0,1.34,216.0,530.0,417.96,32.0,0.0
1.0,3.0,3.0,1.28389,13.0,15.0,44.33,0.0,2.0,1.72,1.0,1128.0,561.29,61.0,0.0
1.0,1.0,1.0,0.0,1.0,1.0,37.0,0.0,4.0,29.79,6.0,36.0,33.64,21.0,0.0
1.0,1.0,1.0,0.0,3.0,2.0,173.0,0.0,4.0,240.37,18.0,1130.0,563.15,582.0,0.0
1.0,1.0,2.0,0.957863,8.0,71.0,413.5,0.0,1.0,0.02,0.5,1131.0,564.15,53.0,0.0
1.0,2.0,2.0,0.475432,98.0,0.0,43.5,0.0,5.0,75.1,9.5,532.0,419.59,248.0,0.0
1.0,1.0,1.0,0.0,5.0,0.0,28.0,0.0,2.0,1.51,2.0,1134.0,567.12,63.0,0.0
1.0,1.0,4.0,1.73062,25.0,13.0,61.0,0.0,2.0,3.28,1.75,1135.0,568.07,457.0,0.0
1.0,1.0,1.0,0.0,1.0,1.0,97.0,1.0,5.0,0.12,20.0,533.0,420.47,249.0,0.0
1.0,1.0,1.0,0.0,5.0,5.0,184.0,1.0,4.0,3.22,10.0,535.0,422.45,251.0,0.0
2.0,2.0,2.0,0.918296,9.0,3.0,119.0,0.0,5.0,5.99,4.5,38.0,35.6,40.0,0.0
2.0,2.0,2.0,1.0,2.0,2.0,536.5,1.0,6.0,19.83,24.5,39.0,36.6,27.0,0.0
1.0,1.0,1.0,0.0,2.0,3.0,184.0,1.0,4.0,0.42,11.0,471.0,353.08,149.0,0.0
1.0,2.0,3.0,1.21712,54.0,29.0,197.33,1.0,6.0,7.73,17.67,169.0,122.47,76.0,1.0
1.0,1.0,2.0,0.286397,23.0,17.0,86.0,0.0,5.0,81.7,23.5,1138.0,570.49,586.0,1.0
1.0,1.0,1.0,0.0,1.0,1.0,70.0,0.0,1.0,0.45,1.0,40.0,37.56,18.0,0.0
1.0,1.0,1.0,0.0,1.0,1.0,70.0,0.0,1.0,0.01,2.0,41.0,38.56,19.0,0.0
1.0,1.0,1.0,0.0,1.0,1.0,294.0,0.0,6.0,0.01,20.0,43.0,40.55,21.0,0.0
1.0,2.0,2.0,0.97887,38.0,3.0,398.0,0.0,6.0,30.87,18.0,170.0,123.2,77.0,0.0
1.0,1.0,1.0,0.0,15.0,5.0,617.0,0.0,6.0,0.02,22.0,171.0,124.2,78.0,0.0
1.0,1.0,1.0,0.0,24.0,0.0,109.0,0.0,3.0,1.95,5.0,1141.0,572.49,462.0,0.0
9.0,90.0,90.0,6.47464,93.0,93.0,140.83,0.0,12.0,60.23,6.89,173.0,126.1,294.0,0.0
1.0,2.0,4.0,1.89592,61.0,9.0,92.5,0.0,3.0,31.76,3.75,474.0,354.6,52.0,1.0
1.0,1.0,1.0,0.0,8.0,3.0,150.0,0.0,3.0,93.4,9.0,538.0,423.12,33.0,0.0
1.0,1.0,1.0,0.0,2.0,2.0,155.0,0.0,3.0,0.0,10.0,539.0,424.11,34.0,0.0
1.0,2.0,2.0,1.0,6.0,0.0,46.5,0.0,3.0,144.12,2.5,475.0,355.51,53.0,0.0
1.0,1.0,1.0,0.0,1.0,1.0,62.0,0.0,2.0,111.95,2.0,541.0,426.09,36.0,0.0
1.0,1.0,1.0,0.0,22.0,3.0,207.0,0.0,5.0,1.48,17.0,45.0,42.3,22.0,0.0
1.0,1.0,1.0,0.0,15.0,8.0,477.0,0.0,4.0,9.92,33.0,46.0,43.16,23.0,0.0
2.0,4.0,10.0,3.13208,38.0,30.0,81.7,0.0,5.0,3.41,3.9,476.0,354.4,445.0,0.0
1.0,1.0,1.0,0.0,10.0,2.0,101.0,0.0,5.0,62.06,15.0,542.0,424.11,253.0,0.0
1.0,2.0,2.0,0.8812909999999999,48.0,2.0,117.0,0.0,8.0,17.01,16.5,47.0,43.98,26.0,0.0
1.0,1.0,1.0,0.0,13.0,15.0,147.0,0.0,6.0,31.64,25.0,48.0,44.96,0.0,0.0
2.0,2.0,2.0,0.702467,20.0,1.0,776.5,1.0,7.0,125.62,111.0,49.0,45.95,27.0,0.0
1.0,1.0,1.0,0.0,0.0,2.0,80.0,0.0,3.0,0.08,3.0,50.0,46.94,28.0,0.0
9.0,90.0,90.0,6.47464,93.0,93.0,141.7,0.0,12.0,62.39,6.96,174.0,125.91,303.0,0.0
1.0,1.0,1.0,0.0,3.0,3.0,98.0,0.0,4.0,39.61,8.0,51.0,47.88,29.0,0.0
1.0,2.0,2.0,0.8453510000000001,32.0,12.0,48.0,0.0,3.0,155.28,2.5,49.0,40.35,31.0,0.0
1.0,1.0,1.0,0.0,0.0,3.0,51.0,0.0,2.0,24.52,2.0,175.0,126.8,99.0,0.0
1.0,9.0,22.0,2.35956,344.0,16.0,155.77,0.0,7.0,52.07,9.36,52.0,48.62,24.0,1.0
1.0,2.0,2.0,0.684038,4.0,7.0,250.0,1.0,4.0,30.22,3.5,53.0,49.62,25.0,1.0
1.0,1.0,2.0,0.468996,3.0,7.0,941.0,0.0,9.0,7.77,52.5,543.0,422.15,254.0,0.0
9.0,90.0,90.0,6.47464,93.0,93.0,141.7,0.0,12.0,65.85,6.96,177.0,128.0,313.0,0.0
2.0,40.0,80.0,4.94958,479.0,499.0,157.26,0.0,10.0,127.59,5.55,178.0,128.91,184.0,1.0
9.0,90.0,90.0,6.4391300000000005,96.0,96.0,141.7,0.0,12.0,6.44,6.97,59.0,55.06,69.0,0.0
0.0,0.0,0.0,0.0,0.0,0.0,0.0,0.0,0.0,0.0,0.0,61.0,57.06,0.0,0.0
2.0,19.0,45.0,4.38446,971.0,115.0,155.29,0.0,9.0,46.05,6.69,62.0,58.04,63.0,1.0
1.0,1.0,1.0,0.0,2.0,2.0,1492.0,0.0,8.0,3.65,222.0,546.0,420.98,33.0,0.0
1.0,1.0,1.0,0.0,2.0,2.0,1492.0,0.0,8.0,0.67,223.0,547.0,421.98,34.0,0.0
1.0,3.0,5.0,2.1737900000000003,13.0,3.0,73.8,0.0,5.0,75.56,5.4,485.0,357.23,157.0,0.0
1.0,10.0,22.0,3.51893,231.0,194.0,75.36,1.0,5.0,85.85,1.36,487.0,358.62,299.0,1.0
1.0,4.0,8.0,2.46323,13.0,46.0,311.25,0.0,6.0,154.11,11.25,549.0,422.77,284.0,0.0
2.0,2.0,3.0,1.58496,3.0,3.0,79.67,0.0,5.0,50.97,4.67,65.0,60.74,69.0,0.0
1.0,1.0,1.0,0.0,3.0,1.0,75.0,0.0,1.0,0.0,1.0,67.0,62.74,35.0,0.0
1.0,1.0,1.0,0.0,3.0,3.0,42.0,0.0,1.0,140.71,1.0,69.0,64.73,39.0,0.0
1.0,5.0,8.0,2.24304,111.0,21.0,65.0,0.0,4.0,128.09,2.0,491.0,362.02,303.0,1.0
2.0,2.0,4.0,1.61401,10.0,2.0,79.0,0.0,4.0,13.06,2.5,495.0,365.66,467.0,0.0
2.0,2.0,4.0,1.61401,10.0,2.0,79.0,0.0,4.0,13.08,2.5,496.0,366.65,469.0,0.0
1.0,1.0,1.0,0.0,1.0,0.0,27.0,0.0,3.0,51.92,7.0,497.0,367.63,162.0,0.0
1.0,1.0,1.0,0.0,1.0,0.0,27.0,0.0,3.0,51.93,7.0,498.0,368.63,163.0,0.0
1.0,1.0,1.0,0.0,1.0,1.0,83.0,0.0,4.0,6.19,9.0,550.0,422.67,285.0,0.0
1.0,1.0,1.0,0.0,1.0,1.0,83.0,0.0,5.0,3.21,10.0,551.0,423.67,286.0,0.0
1.0,1.0,2.0,0.8112779999999999,1.0,3.0,229.0,0.0,5.0,115.21,19.0,553.0,425.66,288.0,0.0
1.0,1.0,1.0,0.0,3.0,2.0,89.0,1.0,2.0,2.89,4.0,499.0,369.17,164.0,0.0
1.0,1.0,1.0,0.0,3.0,2.0,89.0,1.0,2.0,2.78,4.0,500.0,370.15,165.0,0.0
1.0,1.0,1.0,0.0,3.0,2.0,469.0,1.0,6.0,6.53,23.0,555.0,427.04,290.0,0.0
1.0,1.0,1.0,0.0,3.0,2.0,469.0,1.0,6.0,40.89,22.0,556.0,428.03,291.0,0.0
1.0,2.0,2.0,0.991076,5.0,4.0,192.5,0.0,5.0,42.66,14.5,72.0,67.42,41.0,1.0
2.0,5.0,6.0,2.1603,14.0,13.0,97.33,0.0,6.0,68.94,5.0,73.0,68.41,81.0,0.0
1.0,1.0,1.0,0.0,3.0,3.0,84.0,1.0,2.0,115.5,2.0,181.0,130.09,85.0,0.0
1.0,1.0,1.0,0.0,2.0,2.0,84.0,1.0,2.0,115.56,2.0,182.0,131.08,86.0,0.0
1.0,1.0,1.0,0.0,0.0,1.0,92.0,0.0,3.0,154.99,6.0,75.0,70.35,1.0,0.0
1.0,1.0,1.0,0.0,2.0,2.0,385.0,0.0,6.0,0.99,23.0,76.0,71.25,41.0,0.0
1.0,3.0,3.0,0.597345,54.0,1.0,107.33,0.0,5.0,6.22,7.0,557.0,427.77,256.0,0.0
1.0,2.0,3.0,0.675304,50.0,5.0,54.0,0.0,4.0,111.84,5.33,558.0,428.39,257.0,0.0
1.0,1.0,1.0,0.0,59.0,0.0,0.0,0.0,0.0,0.0,0.0,559.0,429.29,258.0,0.0
1.0,3.0,4.0,1.72725,6.0,7.0,158.75,0.0,6.0,76.77,12.25,561.0,431.19,260.0,0.0
1.0,1.0,1.0,0.0,1.0,1.0,232.0,0.0,8.0,8.91,32.0,562.0,432.18,292.0,0.0
2.0,30.0,41.0,5.29875,47.0,48.0,149.8,0.0,10.0,63.04,7.44,185.0,133.48,195.0,0.0
2.0,17.0,19.0,4.01219,26.0,30.0,103.63,0.0,7.0,96.19,6.89,186.0,134.46,197.0,1.0
2.0,36.0,41.0,5.1818300000000015,46.0,62.0,114.24,0.0,10.0,127.17,7.93,188.0,136.42,201.0,1.0
2.0,21.0,22.0,4.3829400000000005,24.0,29.0,146.68,0.0,9.0,66.43,9.41,189.0,137.41,203.0,1.0
1.0,1.0,1.0,0.0,6.0,1.0,217.0,0.0,6.0,18.28,25.0,503.0,370.57,311.0,0.0
1.0,2.0,2.0,0.94566,44.0,0.0,300.0,0.0,6.0,152.16,25.5,504.0,371.56,312.0,0.0
1.0,2.0,3.0,1.22439,6.0,3.0,37.67,0.0,4.0,173.49,2.0,563.0,432.17,293.0,0.0
1.0,2.0,2.0,0.8631209999999999,3.0,4.0,75.5,0.0,4.0,214.21,19.5,564.0,433.17,261.0,0.0
2.0,2.0,2.0,0.999762,27.0,28.0,796.0,0.0,8.0,7.2,113.0,77.0,71.86,46.0,0.0
1.0,1.0,1.0,0.0,3.0,0.0,173.0,0.0,5.0,81.69,15.0,565.0,434.13,262.0,0.0
1.0,1.0,1.0,0.0,3.0,0.0,173.0,0.0,5.0,81.7,15.0,566.0,435.13,263.0,0.0
2.0,5.0,7.0,2.33957,15.0,15.0,129.71,0.0,8.0,13.04,9.57,190.0,138.31,205.0,0.0
2.0,3.0,4.0,1.8827,201.0,0.0,0.0,0.0,0.0,0.0,0.0,79.0,73.85,88.0,0.0
2.0,3.0,4.0,1.8827,201.0,0.0,0.0,0.0,0.0,0.0,0.0,80.0,74.85,90.0,0.0
2.0,2.0,2.0,0.867282,15.0,30.0,68.0,0.0,1.0,0.09,0.5,82.0,76.83,93.0,0.0
3.0,13.0,20.0,2.98036,86.0,91.0,205.95,0.0,9.0,51.35,11.3,192.0,140.25,227.0,1.0
1.0,1.0,2.0,0.981941,4.0,15.0,211.0,1.0,5.0,72.41,23.0,506.0,373.15,314.0,1.0
1.0,1.0,1.0,0.0,2.0,1.0,472.0,0.0,6.0,0.26,50.0,507.0,373.93,315.0,0.0
1.0,1.0,1.0,0.0,2.0,1.0,477.0,0.0,6.0,0.9,46.0,508.0,374.86,316.0,0.0
1.0,2.0,2.0,0.964079,12.0,6.0,277.5,0.0,8.0,0.35,34.0,509.0,375.86,317.0,0.0
1.0,3.0,6.0,1.97152,39.0,37.0,101.0,0.0,4.0,3.8,2.0,510.0,376.86,318.0,0.0
1.0,1.0,1.0,0.0,3.0,3.0,67.0,0.0,3.0,5.03,4.0,568.0,436.12,295.0,0.0
1.0,1.0,1.0,0.0,4.0,2.0,112.0,0.0,5.0,0.6,13.0,569.0,437.12,296.0,0.0
1.0,1.0,1.0,0.0,4.0,2.0,112.0,0.0,5.0,94.95,11.0,570.0,438.11,297.0,0.0
2.0,3.0,6.0,2.29103,0.0,173.0,214.5,0.0,8.0,36.36,18.33,83.0,77.64,95.0,0.0
1.0,2.0,2.0,0.795679,90.0,14.0,365.5,0.0,5.0,0.78,9.5,571.0,439.08,264.0,0.0
1.0,2.0,3.0,0.357429,0.0,37.0,86.67,0.0,6.0,143.9,4.67,194.0,141.92,115.0,0.0
1.0,1.0,3.0,1.00921,9.0,46.0,110.0,0.0,4.0,139.07,3.67,196.0,143.91,117.0,0.0
1.0,1.0,2.0,0.485461,4.0,53.0,58.5,0.0,4.0,131.86,9.0,197.0,144.88,98.0,0.0
1.0,1.0,2.0,0.970951,5.0,5.0,122.5,0.0,5.0,1.48,10.0,198.0,145.88,118.0,0.0
1.0,1.0,3.0,1.19353,11.0,43.0,82.33,0.0,6.0,133.11,4.67,199.0,146.87,99.0,0.0
1.0,1.0,8.0,2.13502,108.0,59.0,53.38,0.0,4.0,186.4,2.0,512.0,378.27,320.0,0.0
1.0,1.0,8.0,2.13502,108.0,59.0,53.38,0.0,4.0,186.43,2.0,513.0,379.25,321.0,0.0
1.0,1.0,1.0,0.0,1.0,1.0,109.0,1.0,1.0,0.01,2.0,574.0,441.6,300.0,0.0
1.0,2.0,3.0,1.45058,16.0,8.0,65.0,1.0,6.0,123.46,5.0,575.0,442.59,301.0,0.0
1.0,1.0,1.0,0.0,3.0,3.0,54.0,1.0,3.0,2.1,5.0,516.0,382.22,167.0,0.0
1.0,1.0,1.0,0.0,3.0,3.0,55.0,1.0,2.0,52.81,4.0,517.0,383.21,168.0,0.0
1.0,2.0,2.0,0.4894439999999999,111.0,11.0,36.5,1.0,2.0,90.44,2.5,576.0,443.55,302.0,0.0
1.0,1.0,1.0,0.0,17.0,2.0,132.0,0.0,7.0,1.56,36.0,577.0,444.21,265.0,0.0
1.0,1.0,1.0,0.0,3.0,2.0,57.0,0.0,3.0,0.46,5.0,85.0,79.44,51.0,0.0
1.0,1.0,1.0,0.0,1.0,3.0,58.0,0.0,4.0,0.01,9.0,580.0,447.12,305.0,0.0
1.0,1.0,1.0,0.0,23.0,1.0,31.0,0.0,2.0,0.87,3.0,518.0,383.57,324.0,0.0
1.0,1.0,1.0,0.0,1.0,1.0,397.0,0.0,4.0,1.61,11.0,582.0,448.55,267.0,0.0
1.0,1.0,1.0,0.0,5.0,6.0,114.0,0.0,5.0,7.23,11.0,87.0,81.28,53.0,0.0
1.0,1.0,1.0,0.0,5.0,6.0,114.0,0.0,6.0,7.24,12.0,88.0,82.28,54.0,0.0
1.0,1.0,1.0,0.0,0.0,1.0,64.0,0.0,2.0,142.18,2.0,89.0,83.25,55.0,0.0
1.0,1.0,1.0,0.0,15.0,4.0,45.0,0.0,2.0,6.8,2.0,585.0,450.48,307.0,0.0
1.0,4.0,11.0,3.13964,16.0,291.0,145.45,0.0,8.0,31.12,8.36,91.0,85.05,57.0,0.0
1.0,2.0,2.0,0.422001,34.0,1.0,70.0,1.0,4.0,5.43,3.0,525.0,389.36,169.0,0.0
1.0,1.0,1.0,0.0,0.0,18.0,18.0,0.0,1.0,494.24,3.0,93.0,87.04,49.0,0.0
0.0,0.0,0.0,0.0,0.0,0.0,0.0,0.0,0.0,0.0,0.0,94.0,88.03,0.0,0.0
1.0,1.0,1.0,0.0,1.0,1.0,1477.0,0.0,8.0,5.65,225.0,586.0,449.74,35.0,0.0
1.0,1.0,1.0,0.0,1.0,1.0,1505.0,0.0,8.0,10.01,225.0,587.0,450.74,36.0,0.0
1.0,2.0,2.0,1.0,2.0,2.0,52.0,0.0,4.0,135.87,6.5,528.0,390.81,332.0,0.0
1.0,1.0,1.0,0.0,1.0,1.0,98.0,0.0,4.0,19.05,9.0,529.0,391.81,333.0,0.0
1.0,2.0,3.0,1.4178,101.0,0.0,157.67,0.0,6.0,2.53,13.33,588.0,451.46,308.0,0.0
1.0,1.0,1.0,0.0,41.0,6.0,1730.0,0.0,8.0,2.95,105.0,589.0,451.8,270.0,0.0
1.0,2.0,3.0,1.12019,121.0,31.0,123.0,1.0,5.0,49.89,5.0,24.0,14.59,10.0,1.0
1.0,1.0,1.0,0.0,2.0,0.0,25.0,0.0,5.0,53.93,10.0,591.0,453.41,309.0,0.0
1.0,1.0,1.0,0.0,2.0,0.0,25.0,0.0,5.0,53.93,10.0,592.0,454.41,310.0,0.0
1.0,1.0,1.0,0.0,20.0,14.0,74.0,1.0,1.0,0.17,1.0,95.0,88.34,58.0,0.0
1.0,3.0,3.0,1.50548,124.0,13.0,719.33,0.0,8.0,3.34,52.0,593.0,455.37,272.0,0.0
1.0,1.0,1.0,0.0,3.0,4.0,80.0,1.0,2.0,0.04,2.0,25.0,15.59,11.0,0.0
1.0,1.0,1.0,0.0,58.0,4.0,79.0,1.0,2.0,0.03,3.0,26.0,16.59,12.0,0.0
1.0,1.0,1.0,0.0,1.0,1.0,133.0,1.0,2.0,0.01,4.0,27.0,17.59,13.0,0.0
1.0,1.0,1.0,0.0,16.0,0.0,107.0,0.0,3.0,0.0,6.0,531.0,392.39,335.0,0.0
1.0,1.0,1.0,0.0,52.0,9.0,80.0,1.0,2.0,0.58,2.0,533.0,394.37,337.0,0.0
1.0,5.0,5.0,1.94293,33.0,13.0,102.8,0.0,6.0,97.41,10.4,534.0,395.36,338.0,0.0
1.0,1.0,1.0,0.0,2.0,1.0,92.0,1.0,6.0,32.3,10.0,98.0,90.86,51.0,0.0
1.0,6.0,7.0,2.70689,7.0,8.0,85.71,0.0,8.0,5.53,5.0,535.0,394.85,170.0,0.0
1.0,4.0,4.0,1.89682,9.0,10.0,80.75,0.0,6.0,7.84,6.0,536.0,395.84,339.0,0.0
1.0,4.0,7.0,2.32789,15.0,7.0,319.29,0.0,6.0,95.53,12.14,539.0,398.7,342.0,0.0
1.0,1.0,1.0,0.0,4.0,1.0,87.0,0.0,3.0,0.51,3.0,99.0,91.66,52.0,0.0
1.0,1.0,1.0,0.0,39.0,38.0,1477.0,0.0,8.0,4.45,226.0,100.0,92.64,3.0,0.0
1.0,1.0,1.0,0.0,40.0,39.0,1505.0,0.0,8.0,4.46,226.0,102.0,94.64,5.0,0.0
1.0,2.0,2.0,0.900903,101.0,0.0,0.0,0.0,0.0,0.0,0.0,596.0,455.38,311.0,0.0
1.0,1.0,1.0,0.0,1.0,1.0,276.0,0.0,6.0,0.11,24.0,50.0,39.25,19.0,0.0
1.0,1.0,1.0,0.0,9.0,9.0,532.0,0.0,1.0,30.33,2.0,51.0,40.25,1.0,0.0
1.0,3.0,4.0,1.3944299999999998,70.0,2.0,57.5,0.0,4.0,22.49,4.5,52.0,41.25,32.0,0.0
1.0,3.0,5.0,2.12311,238.0,12.0,26.6,0.0,1.0,3.46,0.2,540.0,399.06,343.0,0.0
1.0,3.0,3.0,1.5,28.0,0.0,214.67,0.0,8.0,142.92,25.67,542.0,400.9,345.0,0.0
1.0,4.0,14.0,3.17992,701.0,174.0,75.79,1.0,7.0,8.87,5.29,599.0,457.46,313.0,1.0
1.0,4.0,14.0,3.11482,704.0,220.0,79.79,1.0,6.0,18.75,4.5,600.0,458.43,314.0,1.0
1.0,2.0,5.0,2.30868,60.0,14.0,104.6,0.0,6.0,0.81,7.6,545.0,402.82,348.0,0.0
1.0,4.0,11.0,2.63888,381.0,34.0,110.91,0.0,8.0,78.43,7.64,604.0,460.78,276.0,1.0
1.0,1.0,1.0,0.0,10.0,2.0,113.0,0.0,6.0,11.15,12.0,104.0,95.68,60.0,0.0
1.0,1.0,1.0,0.0,10.0,2.0,113.0,0.0,6.0,11.18,13.0,105.0,96.67,61.0,0.0
1.0,2.0,16.0,3.4476,511.0,85.0,312.38,0.0,9.0,38.12,11.88,607.0,462.46,279.0,1.0
1.0,1.0,1.0,0.0,5.0,4.0,1483.0,0.0,8.0,2.0,230.0,550.0,405.5,24.0,0.0
1.0,1.0,1.0,0.0,1.0,0.0,1484.0,0.0,8.0,0.01,231.0,551.0,406.5,25.0,0.0
1.0,1.0,1.0,0.0,6.0,4.0,1506.0,0.0,8.0,4.56,227.0,552.0,407.5,26.0,0.0
0.0,0.0,0.0,0.0,0.0,0.0,0.0,0.0,0.0,0.0,0.0,553.0,408.49,0.0,0.0
1.0,2.0,2.0,0.071124,199.0,268.0,1061.5,0.0,8.0,7.57,57.5,609.0,463.7,281.0,0.0
1.0,1.0,1.0,0.0,6.0,14.0,155.0,0.0,4.0,0.03,8.0,106.0,97.46,54.0,0.0
1.0,2.0,3.0,1.53976,39.0,2.0,126.0,1.0,5.0,100.04,5.67,107.0,98.43,62.0,0.0
1.0,2.0,3.0,1.53976,39.0,2.0,126.0,1.0,5.0,99.39,5.67,108.0,99.43,63.0,0.0
1.0,4.0,10.0,2.49985,164.0,50.0,426.2,0.0,9.0,11.64,22.2,610.0,464.44,282.0,1.0
1.0,1.0,1.0,0.0,5.0,0.0,1816.0,0.0,8.0,20.15,101.0,611.0,465.44,283.0,0.0
1.0,1.0,1.0,0.0,57.0,0.0,0.0,0.0,0.0,0.0,0.0,613.0,466.84,285.0,0.0
1.0,1.0,2.0,0.721928,4.0,1.0,134.5,0.0,6.0,103.17,12.0,614.0,467.83,286.0,0.0
1.0,1.0,2.0,0.210842,0.0,60.0,153.0,0.0,6.0,92.15,13.0,615.0,468.83,287.0,0.0
1.0,2.0,3.0,1.2646700000000002,16.0,7.0,124.0,0.0,7.0,4.17,11.67,616.0,469.82,316.0,1.0
1.0,2.0,3.0,1.2646700000000002,16.0,7.0,127.0,0.0,6.0,4.14,9.33,617.0,470.81,317.0,1.0
1.0,3.0,4.0,1.811,216.0,52.0,268.5,0.0,8.0,5.44,18.5,619.0,471.83,289.0,1.0
1.0,1.0,1.0,0.0,4.0,10.0,119.0,0.0,3.0,26.9,8.0,111.0,101.96,64.0,0.0
1.0,1.0,1.0,0.0,4.0,10.0,119.0,0.0,4.0,23.93,9.0,112.0,102.96,65.0,0.0
1.0,1.0,1.0,0.0,1.0,1.0,276.0,1.0,6.0,56.46,22.0,621.0,473.41,291.0,0.0
1.0,1.0,1.0,0.0,1.0,1.0,276.0,1.0,6.0,56.46,22.0,622.0,474.4,292.0,0.0
1.0,1.0,1.0,0.0,8.0,4.0,90.0,0.0,2.0,20.7,5.0,113.0,103.86,57.0,0.0
1.0,1.0,1.0,0.0,8.0,4.0,90.0,0.0,2.0,20.68,5.0,114.0,104.86,58.0,0.0
1.0,3.0,5.0,2.0815900000000003,135.0,1.0,45.0,0.0,2.0,42.95,2.4,557.0,410.11,356.0,0.0
1.0,1.0,2.0,0.979869,10.0,2.0,92.5,0.0,2.0,0.02,5.0,559.0,412.09,358.0,0.0
1.0,1.0,1.0,0.0,4.0,4.0,148.0,0.0,2.0,0.0,11.0,560.0,413.09,359.0,0.0
1.0,1.0,2.0,0.8960379999999999,12.0,4.0,92.5,0.0,2.0,0.02,5.0,561.0,414.08,360.0,0.0
1.0,2.0,2.0,1.0,2.0,2.0,473.0,1.0,7.0,22.2,32.0,562.0,414.98,175.0,0.0
1.0,1.0,1.0,0.0,21.0,1.0,158.0,0.0,4.0,23.15,13.0,1144.0,546.73,465.0,0.0
2.0,2.0,2.0,0.991076,30.0,24.0,831.5,0.0,8.0,1.74,121.5,1145.0,547.59,581.0,0.0
1.0,1.0,2.0,0.989993,33.0,1.0,145.0,0.0,6.0,3.78,8.0,626.0,476.73,320.0,0.0
1.0,1.0,2.0,0.977418,14.0,3.0,205.5,1.0,6.0,38.4,16.0,627.0,477.6,295.0,0.0
1.0,2.0,3.0,1.34021,26.0,15.0,473.0,0.0,6.0,81.62,33.67,0.0,0.0,0.0,1.0
1.0,2.0,3.0,1.34021,26.0,15.0,465.67,0.0,6.0,89.69,32.33,1.0,1.0,1.0,1.0
1.0,2.0,2.0,0.419921,35.0,12.0,99.0,0.0,1.0,0.31,1.0,632.0,481.73,300.0,0.0
1.0,2.0,2.0,0.35335900000000003,75.0,0.0,75.0,0.0,7.0,3.97,14.0,633.0,482.69,4.0,0.0
1.0,2.0,2.0,0.721928,10.0,10.0,68.0,1.0,2.0,4.12,2.5,634.0,483.64,321.0,0.0
1.0,2.0,2.0,0.721928,10.0,10.0,68.0,1.0,2.0,4.12,2.5,635.0,484.63,322.0,0.0
1.0,1.0,3.0,1.57334,49.0,20.0,67.67,0.0,1.0,0.14,0.67,637.0,486.55,302.0,0.0
1.0,2.0,2.0,0.8798809999999999,45.0,42.0,195.0,0.0,4.0,41.83,9.0,567.0,417.32,180.0,1.0
1.0,4.0,5.0,1.88943,22.0,3.0,100.8,0.0,4.0,32.45,6.0,568.0,418.31,181.0,0.0
1.0,1.0,2.0,1.0,4.0,4.0,43.5,0.0,1.0,138.77,0.5,571.0,421.16,362.0,0.0
1.0,1.0,1.0,0.0,3.0,2.0,106.0,0.0,2.0,249.52,3.0,572.0,422.15,363.0,0.0
1.0,1.0,1.0,0.0,3.0,2.0,106.0,0.0,2.0,249.52,3.0,573.0,423.14,364.0,0.0
1.0,1.0,4.0,1.95476,148.0,0.0,0.0,0.0,0.0,0.0,0.0,1147.0,547.34,468.0,0.0
2.0,10.0,15.0,3.14921,176.0,144.0,266.93,0.0,9.0,69.25,16.8,638.0,486.55,626.0,1.0
1.0,1.0,1.0,0.0,5.0,0.0,310.0,0.0,4.0,0.29,18.0,2.0,1.99,2.0,0.0
1.0,1.0,3.0,1.50524,16.0,16.0,67.67,0.0,2.0,105.19,1.0,115.0,104.85,5.0,0.0
1.0,1.0,1.0,0.0,5.0,0.0,310.0,0.0,4.0,0.37,18.0,3.0,2.99,3.0,0.0
1.0,1.0,2.0,0.292322,214.0,0.0,0.0,0.0,0.0,0.0,0.0,1149.0,549.17,470.0,0.0
1.0,2.0,2.0,0.619382,8.0,5.0,147.5,0.0,9.0,35.33,43.0,1150.0,550.17,471.0,0.0
1.0,1.0,1.0,0.0,1.0,8.0,1513.0,0.0,8.0,3.19,233.0,116.0,105.83,6.0,0.0
1.0,1.0,1.0,0.0,3.0,2.0,158.0,0.0,5.0,1.78,12.0,117.0,106.78,59.0,0.0
1.0,1.0,1.0,0.0,3.0,2.0,158.0,0.0,5.0,1.75,12.0,118.0,107.77,60.0,0.0
1.0,1.0,1.0,0.0,3.0,0.0,487.0,0.0,7.0,31.62,64.0,640.0,487.87,324.0,0.0
1.0,1.0,1.0,0.0,17.0,1.0,35.0,0.0,4.0,22.12,5.0,1152.0,551.69,589.0,0.0
1.0,2.0,3.0,1.52193,5.0,5.0,49.67,0.0,1.0,83.54,1.0,574.0,423.37,365.0,0.0
1.0,1.0,1.0,0.0,5.0,0.0,315.0,0.0,5.0,0.83,19.0,576.0,425.32,184.0,0.0
1.0,1.0,1.0,0.0,17.0,1.0,37.0,0.0,3.0,240.91,4.0,642.0,489.59,306.0,0.0
1.0,6.0,12.0,2.93695,1025.0,0.0,0.0,0.0,0.0,0.0,0.0,119.0,108.59,66.0,1.0
1.0,2.0,8.0,2.83435,15.0,33.0,59.63,0.0,1.0,0.02,0.13,120.0,109.59,67.0,0.0
1.0,1.0,1.0,0.0,117.0,117.0,117.0,0.0,1.0,0.0,1.0,644.0,491.37,327.0,0.0
2.0,3.0,3.0,1.32486,70.0,72.0,589.0,0.0,8.0,3.06,82.0,1154.0,553.43,590.0,0.0
1.0,6.0,14.0,2.57133,288.0,181.0,60.07,0.0,6.0,62.8,2.29,121.0,110.57,68.0,1.0
1.0,2.0,3.0,1.4784,124.0,0.0,0.0,0.0,0.0,0.0,0.0,1157.0,556.38,477.0,0.0
1.0,1.0,1.0,0.0,2.0,2.0,70.0,0.0,1.0,2.52,1.0,577.0,425.84,28.0,0.0
1.0,1.0,1.0,0.0,2.0,2.0,70.0,0.0,2.0,0.08,2.0,579.0,427.77,29.0,0.0
1.0,1.0,1.0,0.0,5.0,0.0,315.0,0.0,5.0,1.39,19.0,580.0,428.75,186.0,0.0
2.0,8.0,17.0,3.3776900000000003,1073.0,0.0,92.71,0.0,9.0,0.11,15.65,200.0,141.58,150.0,1.0
1.0,5.0,6.0,2.42549,23.0,24.0,53.0,0.0,4.0,180.38,2.33,645.0,491.76,308.0,0.0
1.0,1.0,1.0,0.0,3.0,2.0,454.0,1.0,7.0,74.57,42.0,646.0,492.74,309.0,0.0
1.0,1.0,1.0,0.0,2.0,2.0,155.0,0.0,3.0,32.71,12.0,647.0,493.72,38.0,0.0
1.0,1.0,1.0,0.0,0.0,4.0,42.0,0.0,1.0,0.58,1.0,1159.0,557.93,479.0,0.0
1.0,2.0,8.0,1.4656,138.0,12.0,73.38,1.0,5.0,126.19,3.5,651.0,497.53,330.0,1.0
1.0,1.0,2.0,0.529361,2.0,23.0,69.5,0.0,2.0,2.85,1.5,1160.0,558.81,480.0,0.0
1.0,2.0,9.0,1.56757,140.0,15.0,72.67,1.0,5.0,148.0,3.33,652.0,498.49,331.0,1.0
1.0,2.0,2.0,0.8631209999999999,3.0,4.0,174.5,1.0,5.0,0.04,9.5,653.0,499.49,332.0,0.0
2.0,4.0,4.0,1.26514,94.0,0.0,393.25,0.0,8.0,8.35,60.0,1161.0,559.74,598.0,0.0
1.0,1.0,1.0,0.0,1.0,1.0,216.0,0.0,2.0,0.52,7.0,123.0,112.27,61.0,0.0
2.0,9.0,14.0,2.9899,298.0,10.0,57.93,0.0,4.0,1.21,2.5,124.0,113.27,132.0,1.0
1.0,3.0,7.0,2.75444,6.0,16.0,71.86,0.0,5.0,56.1,3.43,583.0,430.62,367.0,0.0
1.0,2.0,3.0,1.12458,331.0,3.0,28.33,0.0,1.0,0.92,0.33,654.0,499.62,311.0,0.0
2.0,3.0,4.0,1.64746,198.0,29.0,78.0,0.0,1.0,0.04,0.5,655.0,500.53,645.0,1.0
1.0,1.0,1.0,0.0,71.0,13.0,150.0,1.0,2.0,11.07,5.0,657.0,502.44,314.0,0.0
1.0,1.0,1.0,0.0,1.0,1.0,160.0,1.0,5.0,0.0,21.0,586.0,433.45,370.0,0.0
1.0,1.0,1.0,0.0,10.0,0.0,130.0,0.0,6.0,33.99,25.0,126.0,115.04,72.0,0.0
1.0,1.0,1.0,0.0,10.0,0.0,130.0,0.0,7.0,31.01,26.0,127.0,116.04,73.0,0.0
1.0,1.0,1.0,0.0,2.0,2.0,46.0,0.0,3.0,206.08,7.0,128.0,117.02,74.0,0.0
3.0,5.0,5.0,2.06625,15.0,0.0,523.6,0.0,9.0,28.06,58.6,129.0,118.0,85.0,0.0
1.0,1.0,1.0,0.0,23.0,14.0,208.0,1.0,2.0,0.27,7.0,658.0,503.16,315.0,0.0
1.0,1.0,1.0,0.0,19.0,10.0,208.0,1.0,2.0,0.26,6.0,659.0,504.16,316.0,0.0
1.0,2.0,2.0,0.799049,65.0,1.0,77.5,0.0,1.0,0.93,1.0,130.0,118.98,76.0,0.0
1.0,1.0,1.0,0.0,6.0,4.0,217.0,0.0,2.0,0.54,8.0,660.0,504.58,317.0,0.0
1.0,3.0,3.0,1.38192,97.0,11.0,666.67,1.0,8.0,86.65,38.67,664.0,507.41,321.0,0.0
1.0,2.0,2.0,0.591673,10.0,11.0,988.0,1.0,8.0,0.02,57.5,666.0,509.39,323.0,0.0
1.0,2.0,2.0,0.970951,9.0,1.0,409.5,0.0,7.0,28.4,34.5,667.0,509.27,324.0,0.0
1.0,2.0,2.0,0.970951,9.0,1.0,404.5,0.0,6.0,47.58,33.5,668.0,510.26,325.0,0.0
1.0,2.0,2.0,0.16866099999999998,28.0,52.0,230.5,0.0,5.0,64.92,12.5,669.0,510.35,326.0,1.0
1.0,1.0,1.0,0.0,1.0,1.0,532.0,0.0,2.0,17.44,3.0,589.0,433.02,19.0,0.0
1.0,18.0,33.0,3.3355,576.0,589.0,85.39,0.0,7.0,18.89,1.73,591.0,435.02,373.0,1.0
0.0,0.0,0.0,0.0,0.0,0.0,0.0,0.0,0.0,0.0,0.0,593.0,437.0,0.0,0.0
1.0,1.0,1.0,0.0,1.0,1.0,44.0,0.0,1.0,4.01,1.0,671.0,512.16,334.0,0.0
1.0,1.0,1.0,0.0,1.0,1.0,117.0,0.0,1.0,5.75,2.0,672.0,513.15,335.0,0.0
1.0,1.0,1.0,0.0,2.0,4.0,32.0,0.0,1.0,2.76,1.0,132.0,119.85,78.0,0.0
1.0,1.0,1.0,0.0,4.0,6.0,351.0,0.0,7.0,0.63,38.0,594.0,437.32,191.0,0.0
2.0,5.0,11.0,2.9837,296.0,223.0,304.0,1.0,9.0,19.53,15.09,4.0,3.91,4.0,1.0
1.0,12.0,34.0,4.79896,78.0,76.0,245.76,0.0,11.0,91.23,12.35,673.0,513.28,328.0,1.0
2.0,5.0,11.0,2.97673,296.0,220.0,281.64,1.0,9.0,52.59,13.0,5.0,4.91,6.0,1.0
1.0,2.0,6.0,1.87905,77.0,3.0,66.83,0.0,4.0,195.3,2.67,595.0,437.94,192.0,0.0
1.0,2.0,6.0,1.87905,77.0,3.0,66.83,0.0,4.0,228.08,2.5,596.0,438.92,193.0,0.0
1.0,1.0,1.0,0.0,1.0,1.0,50.0,0.0,1.0,4.71,1.0,135.0,122.55,81.0,0.0
0.0,0.0,0.0,0.0,0.0,0.0,0.0,0.0,0.0,0.0,0.0,597.0,439.92,0.0,0.0
2.0,12.0,37.0,5.20945,72.0,2.0,40.43,0.0,9.0,230.18,2.68,1164.0,558.01,1075.0,0.0
1.0,2.0,3.0,1.4505,174.0,0.0,0.0,0.0,0.0,0.0,0.0,136.0,123.51,82.0,0.0
1.0,1.0,1.0,0.0,2.0,0.0,93.0,0.0,1.0,0.02,1.0,137.0,124.51,83.0,0.0
1.0,1.0,1.0,0.0,85.0,0.0,0.0,0.0,0.0,0.0,0.0,141.0,128.48,64.0,0.0
1.0,1.0,1.0,0.0,5.0,5.0,634.0,0.0,2.0,434.38,6.0,142.0,129.39,6.0,0.0
2.0,14.0,23.0,3.51445,102.0,56.0,197.61,0.0,11.0,55.28,11.83,675.0,513.96,666.0,1.0
1.0,1.0,1.0,0.0,36.0,0.0,0.0,0.0,0.0,0.0,0.0,1165.0,558.3,485.0,0.0
1.0,1.0,1.0,0.0,23.0,34.0,101.0,0.0,5.0,39.9,22.0,144.0,131.23,7.0,0.0
1.0,1.0,1.0,0.0,23.0,34.0,101.0,0.0,6.0,36.93,23.0,145.0,132.23,8.0,0.0
1.0,2.0,2.0,0.77935,26.0,0.0,196.5,0.0,7.0,126.16,16.0,147.0,134.21,10.0,0.0
1.0,2.0,2.0,0.77935,26.0,0.0,196.5,0.0,7.0,126.16,16.5,148.0,135.21,11.0,0.0
1.0,1.0,4.0,1.99414,15.0,69.0,92.5,0.0,5.0,0.0,5.0,1167.0,560.22,593.0,0.0
1.0,1.0,1.0,0.0,2.0,1.0,78.0,0.0,5.0,0.02,21.0,1168.0,561.2,594.0,0.0
1.0,1.0,1.0,0.0,14.0,0.0,734.0,0.0,6.0,3.22,61.0,676.0,514.72,331.0,0.0
1.0,3.0,3.0,0.436825,36.0,6.0,336.0,0.0,9.0,1.78,29.33,677.0,515.71,332.0,0.0
1.0,1.0,1.0,0.0,72.0,7.0,748.0,0.0,6.0,0.02,62.0,678.0,516.7,333.0,0.0
1.0,2.0,3.0,0.49715,17.0,31.0,697.67,0.0,9.0,0.24,46.0,1170.0,563.16,596.0,0.0
1.0,1.0,1.0,0.0,123.0,0.0,0.0,0.0,0.0,0.0,0.0,680.0,518.57,338.0,0.0
1.0,1.0,1.0,0.0,123.0,0.0,0.0,0.0,0.0,0.0,0.0,681.0,519.56,339.0,0.0
1.0,3.0,4.0,1.85205,22.0,14.0,119.5,0.0,7.0,10.5,13.75,602.0,443.5,379.0,0.0
1.0,1.0,1.0,0.0,33.0,0.0,0.0,0.0,0.0,0.0,0.0,603.0,444.49,380.0,0.0
2.0,2.0,2.0,0.981941,12.0,7.0,68.5,0.0,1.0,0.02,1.5,605.0,446.43,580.0,0.0
1.0,1.0,1.0,0.0,7.0,0.0,163.0,0.0,7.0,13.78,40.0,609.0,450.31,385.0,0.0
1.0,1.0,1.0,0.0,52.0,37.0,87.0,0.0,2.0,0.12,4.0,1172.0,564.58,598.0,0.0
1.0,2.0,3.0,0.262834,222.0,86.0,691.0,0.0,9.0,0.24,38.0,610.0,451.09,202.0,0.0
2.0,2.0,2.0,0.88345,105.0,64.0,71.0,0.0,1.0,0.13,1.5,611.0,452.08,589.0,0.0
1.0,1.0,1.0,0.0,9.0,9.0,109.0,0.0,1.0,0.03,4.0,612.0,453.05,204.0,0.0
1.0,1.0,1.0,0.0,9.0,9.0,109.0,0.0,2.0,0.12,6.0,149.0,135.88,65.0,0.0
1.0,1.0,2.0,0.292322,214.0,0.0,0.0,0.0,0.0,0.0,0.0,151.0,137.86,89.0,0.0
1.0,1.0,1.0,0.0,2.0,1.0,81.0,0.0,4.0,5.85,9.0,684.0,521.64,334.0,0.0
1.0,11.0,19.0,3.6938,43.0,50.0,95.63,0.0,6.0,65.3,3.89,613.0,453.55,387.0,0.0
1.0,1.0,1.0,0.0,8.0,1.0,634.0,0.0,3.0,2.73,7.0,153.0,139.45,12.0,0.0
1.0,1.0,1.0,0.0,8.0,1.0,634.0,0.0,3.0,2.2,7.0,154.0,140.45,13.0,0.0
1.0,1.0,1.0,0.0,17.0,1.0,554.0,0.0,5.0,53.41,22.0,155.0,140.42,14.0,0.0
1.0,1.0,1.0,0.0,17.0,1.0,554.0,0.0,5.0,53.41,22.0,156.0,141.42,15.0,0.0
2.0,3.0,4.0,1.8518,83.0,37.0,116.5,0.0,7.0,32.93,8.25,7.0,6.8,10.0,1.0
1.0,4.0,4.0,0.6938409999999999,117.0,3.0,242.5,1.0,7.0,15.23,17.25,689.0,520.96,336.0,0.0
1.0,1.0,1.0,0.0,0.0,1.0,123.0,1.0,2.0,32.59,4.0,158.0,143.01,92.0,0.0
1.0,2.0,2.0,0.985228,7.0,0.0,310.5,0.0,4.0,26.36,14.0,690.0,521.46,337.0,0.0
1.0,1.0,1.0,0.0,5.0,0.0,1502.0,0.0,8.0,5.94,240.0,159.0,143.76,9.0,0.0
1.0,1.0,1.0,0.0,4.0,6.0,89.0,0.0,5.0,46.95,10.0,160.0,144.76,93.0,0.0
1.0,3.0,3.0,1.12237,49.0,2.0,167.33,1.0,6.0,96.96,11.67,618.0,453.34,209.0,0.0
1.0,2.0,2.0,0.487918,22.0,44.0,189.5,0.0,8.0,25.58,12.0,163.0,147.72,17.0,0.0
1.0,1.0,1.0,0.0,8.0,0.0,641.0,0.0,3.0,5.05,8.0,164.0,148.66,18.0,0.0
1.0,1.0,1.0,0.0,8.0,0.0,641.0,0.0,3.0,5.04,8.0,165.0,149.66,19.0,0.0
1.0,2.0,2.0,0.996316,20.0,8.0,331.5,1.0,7.0,8.54,36.5,620.0,454.86,211.0,0.0
1.0,1.0,1.0,0.0,2.0,2.0,329.0,0.0,1.0,0.01,2.0,622.0,456.84,391.0,0.0
1.0,1.0,1.0,0.0,27.0,11.0,753.0,1.0,8.0,9.8,52.0,691.0,521.0,338.0,0.0
1.0,1.0,1.0,0.0,27.0,11.0,735.0,1.0,6.0,20.24,45.0,692.0,522.0,339.0,0.0
1.0,2.0,2.0,1.0,2.0,2.0,131.5,0.0,2.0,1.07,7.5,166.0,150.37,2.0,0.0
1.0,2.0,2.0,1.0,8.0,8.0,131.5,0.0,3.0,0.0,8.0,167.0,151.37,3.0,0.0
1.0,1.0,1.0,0.0,5.0,0.0,186.0,0.0,2.0,66.03,5.0,169.0,153.32,69.0,0.0
1.0,1.0,1.0,0.0,2.0,2.0,87.0,0.0,6.0,1.67,11.0,693.0,522.19,345.0,0.0
1.0,1.0,1.0,0.0,2.0,2.0,87.0,0.0,6.0,1.67,12.0,694.0,523.19,346.0,0.0
1.0,3.0,3.0,1.34722,9.0,9.0,214.67,0.0,6.0,29.66,16.67,695.0,524.15,340.0,0.0
1.0,6.0,13.0,3.17001,657.0,166.0,162.54,0.0,9.0,23.53,11.62,697.0,526.06,342.0,1.0
1.0,1.0,2.0,1.0,24.0,6.0,169.5,0.0,8.0,1.48,14.5,626.0,459.65,216.0,0.0
1.0,2.0,3.0,1.28607,47.0,26.0,80.67,0.0,1.0,0.05,0.33,698.0,527.0,343.0,1.0
1.0,1.0,1.0,0.0,2.0,2.0,1507.0,0.0,8.0,4.84,241.0,53.0,39.5,2.0,0.0
1.0,2.0,2.0,0.721928,5.0,5.0,582.5,0.0,5.0,25.87,17.5,630.0,459.9,394.0,0.0
1.0,1.0,1.0,0.0,2.0,2.0,74.0,0.0,3.0,49.21,5.0,171.0,153.46,70.0,0.0
1.0,1.0,1.0,0.0,4.0,0.0,249.0,0.0,5.0,50.38,19.0,172.0,154.46,71.0,0.0
1.0,1.0,1.0,0.0,12.0,0.0,48.0,0.0,3.0,289.92,10.0,631.0,460.14,395.0,0.0
1.0,1.0,1.0,0.0,12.0,10.0,148.0,0.0,1.0,4.9,1.0,632.0,460.98,218.0,0.0
1.0,1.0,1.0,0.0,5.0,2.0,77.0,0.0,1.0,19.81,1.0,633.0,461.98,396.0,0.0
1.0,2.0,2.0,1.0,2.0,2.0,157.5,0.0,8.0,30.07,19.0,700.0,522.4,347.0,0.0
1.0,7.0,11.0,3.37356,15.0,15.0,159.18,0.0,6.0,61.17,10.45,701.0,523.39,348.0,1.0
2.0,2.0,2.0,0.246023,32.0,17.0,126.5,0.0,6.0,27.58,9.5,637.0,464.72,619.0,0.0
1.0,1.0,1.0,0.0,23.0,4.0,152.0,0.0,2.0,0.83,5.0,702.0,523.27,345.0,0.0
1.0,5.0,78.0,5.53494,4109.0,1834.0,57.58,0.0,6.0,67.75,1.24,703.0,524.25,349.0,1.0
1.0,1.0,1.0,0.0,2.0,2.0,40.0,0.0,1.0,0.21,1.0,704.0,525.02,350.0,0.0
2.0,4.0,9.0,2.49981,266.0,154.0,175.56,0.0,8.0,4.31,13.89,705.0,524.12,697.0,1.0
1.0,2.0,7.0,2.31701,263.0,46.0,170.14,0.0,5.0,0.85,5.86,706.0,525.09,352.0,1.0
1.0,1.0,1.0,0.0,1.0,1.0,121.0,0.0,6.0,34.71,13.0,707.0,524.99,353.0,0.0
1.0,1.0,1.0,0.0,4.0,1.0,188.0,1.0,6.0,213.08,8.0,639.0,462.91,401.0,0.0
1.0,1.0,1.0,0.0,4.0,1.0,188.0,1.0,6.0,213.09,8.0,640.0,463.9,402.0,0.0
1.0,1.0,1.0,0.0,0.0,69.0,69.0,0.0,4.0,58.59,5.0,708.0,525.79,347.0,0.0
1.0,1.0,1.0,0.0,1.0,0.0,69.0,0.0,3.0,309.39,4.0,709.0,526.79,348.0,0.0
1.0,3.0,4.0,1.82013,237.0,0.0,0.0,0.0,0.0,0.0,0.0,710.0,527.75,354.0,0.0
1.0,1.0,1.0,0.0,1.0,2.0,191.0,1.0,6.0,0.76,9.0,641.0,464.18,403.0,0.0
1.0,2.0,2.0,0.989093,44.0,13.0,83.0,1.0,3.0,171.43,3.5,54.0,39.82,20.0,0.0
1.0,1.0,1.0,0.0,1.0,3.0,122.0,1.0,4.0,0.08,4.0,55.0,40.81,21.0,0.0
1.0,1.0,1.0,0.0,30.0,17.0,205.0,0.0,7.0,11.48,23.0,173.0,152.74,72.0,0.0
1.0,1.0,1.0,0.0,1.0,0.0,96.0,0.0,9.0,19.32,58.0,10.0,9.5,6.0,0.0
1.0,2.0,2.0,0.8112779999999999,6.0,2.0,85.5,0.0,1.0,0.36,0.5,11.0,10.5,7.0,0.0
1.0,2.0,2.0,0.8112779999999999,6.0,2.0,85.5,0.0,1.0,0.35,0.5,12.0,11.5,8.0,0.0
1.0,5.0,8.0,2.82483,255.0,2.0,68.63,0.0,1.0,0.24,0.13,13.0,12.5,9.0,1.0
1.0,1.0,1.0,0.0,1.0,2.0,191.0,1.0,6.0,1.64,9.0,642.0,464.33,404.0,0.0
1.0,1.0,1.0,0.0,1.0,1.0,103.0,0.0,1.0,0.12,2.0,643.0,465.31,405.0,0.0
1.0,1.0,1.0,0.0,1.0,1.0,245.0,0.0,7.0,34.95,36.0,712.0,527.79,355.0,0.0
1.0,3.0,3.0,1.5,4.0,4.0,47.33,0.0,3.0,20.06,3.67,713.0,528.71,356.0,0.0
1.0,1.0,1.0,0.0,11.0,3.0,37.0,0.0,2.0,30.38,2.0,714.0,529.71,357.0,0.0
1.0,1.0,1.0,0.0,0.0,2.0,57.0,0.0,4.0,135.11,7.0,174.0,153.42,20.0,0.0
2.0,3.0,3.0,1.57662,13.0,0.0,807.67,0.0,8.0,21.03,88.67,176.0,155.41,14.0,0.0
1.0,1.0,1.0,0.0,2.0,0.0,45.0,0.0,1.0,0.0,1.0,178.0,157.39,97.0,0.0
2.0,3.0,7.0,1.8741,177.0,88.0,204.86,0.0,8.0,0.81,10.29,15.0,14.46,11.0,1.0
1.0,1.0,1.0,0.0,5.0,0.0,1512.0,0.0,8.0,0.42,243.0,16.0,15.46,0.0,0.0
2.0,3.0,7.0,1.87782,178.0,88.0,202.57,0.0,8.0,17.44,10.14,17.0,16.46,13.0,1.0
1.0,1.0,1.0,0.0,5.0,0.0,1525.0,0.0,8.0,14.03,230.0,18.0,17.46,1.0,0.0
1.0,1.0,1.0,0.0,1.0,1.0,184.0,0.0,1.0,0.07,3.0,20.0,19.46,14.0,0.0
1.0,1.0,1.0,0.0,0.0,3.0,39.0,0.0,1.0,0.63,1.0,21.0,20.43,15.0,0.0
1.0,1.0,1.0,0.0,3.0,1.0,356.0,0.0,5.0,4.95,16.0,717.0,530.63,359.0,0.0
1.0,2.0,2.0,0.918296,5.0,1.0,243.0,0.0,5.0,28.17,20.5,644.0,464.11,221.0,0.0
2.0,3.0,7.0,2.0306900000000003,397.0,116.0,84.86,0.0,7.0,28.89,6.86,645.0,465.09,628.0,1.0
2.0,3.0,8.0,2.11261,403.0,118.0,113.5,0.0,8.0,39.61,9.63,646.0,466.09,630.0,1.0
0.0,0.0,0.0,0.0,0.0,0.0,0.0,0.0,0.0,0.0,0.0,647.0,467.08,0.0,0.0
0.0,0.0,0.0,0.0,0.0,0.0,0.0,0.0,0.0,0.0,0.0,648.0,468.08,0.0,0.0
0.0,0.0,0.0,0.0,0.0,0.0,0.0,0.0,0.0,0.0,0.0,181.0,159.66,0.0,0.0
3.0,11.0,15.0,2.63545,498.0,141.0,131.73,0.0,8.0,13.48,13.07,718.0,531.33,716.0,1.0
1.0,1.0,2.0,0.721928,30.0,0.0,69.5,0.0,6.0,21.21,11.0,649.0,468.53,408.0,0.0
1.0,1.0,2.0,0.721928,30.0,0.0,69.5,0.0,5.0,21.23,10.0,650.0,469.46,409.0,0.0
1.0,1.0,1.0,0.0,7.0,0.0,145.0,0.0,6.0,0.09,23.0,651.0,470.45,410.0,0.0
1.0,3.0,3.0,0.0,1.0,2.0,185.0,0.0,5.0,173.77,11.0,653.0,472.43,412.0,0.0
1.0,3.0,3.0,0.0,1.0,2.0,183.0,0.0,4.0,191.54,10.33,654.0,473.43,413.0,0.0
1.0,4.0,6.0,2.19565,57.0,60.0,116.67,1.0,8.0,31.09,8.67,655.0,474.36,414.0,1.0
1.0,3.0,4.0,1.90458,13.0,16.0,135.75,0.0,5.0,29.61,4.5,722.0,534.39,352.0,0.0
1.0,3.0,6.0,1.82292,261.0,0.0,405.17,0.0,9.0,49.4,23.83,723.0,535.28,353.0,0.0
1.0,1.0,1.0,0.0,33.0,2.0,1517.0,0.0,9.0,2.49,244.0,656.0,475.1,29.0,0.0
1.0,1.0,2.0,0.938932,39.0,6.0,93.0,0.0,1.0,0.18,0.5,724.0,536.08,354.0,0.0
1.0,1.0,1.0,0.0,1.0,0.0,129.0,0.0,2.0,0.32,5.0,25.0,24.28,2.0,0.0
1.0,1.0,1.0,0.0,1.0,0.0,127.0,0.0,2.0,99.66,3.0,26.0,25.28,3.0,0.0
1.0,1.0,1.0,0.0,0.0,154.0,154.0,0.0,4.0,147.74,7.0,658.0,476.62,415.0,0.0
1.0,4.0,6.0,2.20368,57.0,59.0,117.33,1.0,9.0,42.66,8.17,659.0,477.55,416.0,1.0
0.0,0.0,0.0,0.0,0.0,0.0,0.0,0.0,0.0,0.0,0.0,660.0,478.54,0.0,0.0
1.0,1.0,3.0,1.13311,109.0,18.0,113.0,1.0,4.0,1.07,2.0,661.0,479.53,417.0,1.0
1.0,1.0,3.0,1.13311,109.0,18.0,113.0,1.0,4.0,1.07,2.0,662.0,480.53,418.0,1.0
1.0,1.0,1.0,0.0,10.0,0.0,257.0,0.0,5.0,0.98,19.0,726.0,537.18,356.0,0.0
1.0,1.0,1.0,0.0,2.0,2.0,142.0,0.0,5.0,4.85,16.0,729.0,539.29,357.0,0.0
2.0,3.0,3.0,1.16256,106.0,32.0,67.67,1.0,4.0,247.8,2.33,57.0,42.32,57.0,0.0
1.0,1.0,1.0,0.0,2.0,2.0,141.0,0.0,4.0,108.44,10.0,730.0,540.25,358.0,0.0
1.0,3.0,3.0,1.39215,9.0,0.0,354.0,0.0,8.0,3.5,25.33,183.0,160.52,6.0,0.0
1.0,3.0,3.0,1.39215,9.0,0.0,348.0,0.0,8.0,3.47,24.67,184.0,161.52,7.0,0.0
1.0,1.0,1.0,0.0,11.0,30.0,320.0,1.0,5.0,34.12,20.0,185.0,162.5,74.0,1.0
2.0,3.0,3.0,1.53049,3.0,6.0,136.0,0.0,6.0,34.42,26.0,187.0,164.42,176.0,0.0
1.0,1.0,1.0,0.0,10.0,0.0,115.0,0.0,4.0,44.46,8.0,663.0,479.69,30.0,0.0
1.0,1.0,1.0,0.0,10.0,0.0,115.0,0.0,4.0,39.52,9.0,664.0,480.69,31.0,0.0
1.0,1.0,2.0,0.503258,11.0,7.0,182.5,1.0,6.0,2.8,6.0,665.0,481.55,419.0,0.0
2.0,3.0,4.0,0.790663,97.0,5.0,89.75,1.0,6.0,86.51,9.25,731.0,540.31,725.0,0.0
2.0,3.0,4.0,0.790663,97.0,5.0,89.5,1.0,5.0,147.13,8.75,732.0,541.3,727.0,0.0
3.0,3.0,3.0,1.19889,11.0,19.0,674.0,0.0,9.0,20.69,98.67,667.0,483.47,676.0,0.0
1.0,1.0,1.0,0.0,2.0,10.0,107.0,0.0,4.0,0.05,8.0,733.0,542.25,361.0,0.0
1.0,1.0,1.0,0.0,10.0,3.0,107.0,0.0,4.0,0.04,7.0,734.0,543.25,362.0,0.0
1.0,1.0,1.0,0.0,2.0,1.0,99.0,0.0,4.0,0.01,9.0,735.0,544.25,363.0,0.0
1.0,1.0,1.0,0.0,3.0,8.0,191.0,0.0,3.0,18.55,7.0,736.0,545.19,364.0,0.0
1.0,1.0,1.0,0.0,3.0,8.0,191.0,0.0,3.0,18.55,6.0,737.0,546.19,365.0,0.0
1.0,1.0,1.0,0.0,60.0,0.0,0.0,0.0,0.0,0.0,0.0,738.0,547.17,368.0,0.0
1.0,3.0,5.0,1.16815,97.0,0.0,50.0,0.0,5.0,26.53,4.0,58.0,43.22,35.0,0.0
1.0,1.0,3.0,1.57946,81.0,82.0,68.0,0.0,3.0,0.7,2.67,189.0,166.13,102.0,0.0
1.0,2.0,2.0,0.982984,137.0,0.0,0.0,0.0,0.0,0.0,0.0,190.0,167.07,103.0,0.0
1.0,1.0,1.0,0.0,0.0,1.0,90.0,0.0,3.0,117.93,6.0,739.0,547.76,40.0,0.0
1.0,1.0,1.0,0.0,5.0,0.0,89.0,0.0,1.0,141.21,1.0,191.0,168.04,21.0,0.0
1.0,1.0,1.0,0.0,5.0,0.0,89.0,0.0,1.0,141.22,1.0,192.0,169.04,22.0,0.0
1.0,1.0,1.0,0.0,7.0,0.0,82.0,0.0,5.0,7.37,9.0,740.0,548.66,366.0,0.0
1.0,1.0,1.0,0.0,1.0,0.0,89.0,0.0,3.0,0.11,7.0,741.0,549.64,41.0,0.0
3.0,3.0,3.0,1.19889,11.0,19.0,678.33,0.0,9.0,24.11,93.67,668.0,483.69,679.0,0.0
1.0,1.0,1.0,0.0,1.0,0.0,22.0,0.0,3.0,122.41,3.0,671.0,486.61,425.0,0.0
1.0,1.0,1.0,0.0,1.0,0.0,22.0,0.0,3.0,122.42,3.0,672.0,487.6,426.0,0.0
1.0,1.0,1.0,0.0,1.0,1.0,161.0,0.0,5.0,0.13,12.0,673.0,488.48,228.0,0.0
1.0,1.0,1.0,0.0,1.0,1.0,161.0,0.0,5.0,0.14,12.0,674.0,489.47,229.0,0.0
1.0,2.0,2.0,1.0,7.0,3.0,127.5,0.0,7.0,0.61,10.5,675.0,490.43,427.0,0.0
1.0,1.0,1.0,0.0,6.0,0.0,1550.0,0.0,9.0,1.04,246.0,676.0,491.43,33.0,0.0
2.0,3.0,3.0,1.57943,13.0,3.0,606.0,0.0,9.0,0.24,81.0,677.0,492.42,462.0,0.0
2.0,3.0,4.0,1.61719,11.0,11.0,526.25,0.0,9.0,1.05,65.0,678.0,492.65,464.0,0.0
1.0,2.0,2.0,0.556422,48.0,6.0,165.5,0.0,6.0,91.69,12.5,746.0,552.9,371.0,0.0
1.0,2.0,1.0,0.0,4.0,3.0,98.0,0.0,1.0,0.72,1.0,747.0,553.83,372.0,0.0
1.0,2.0,2.0,0.8112779999999999,7.0,1.0,112.0,0.0,5.0,6.93,9.5,202.0,133.69,100.0,0.0
1.0,1.0,1.0,0.0,1.0,2.0,106.0,0.0,1.0,0.03,1.0,749.0,555.32,374.0,0.0
1.0,3.0,5.0,2.1069,42.0,18.0,125.2,0.0,5.0,54.17,11.6,681.0,494.52,432.0,1.0
1.0,3.0,5.0,2.1069,42.0,18.0,125.2,0.0,5.0,54.18,11.0,682.0,495.49,433.0,1.0
1.0,1.0,1.0,0.0,1.0,1.0,119.0,0.0,3.0,0.06,6.0,683.0,496.46,434.0,0.0
1.0,1.0,1.0,0.0,2.0,0.0,119.0,0.0,3.0,0.0,7.0,684.0,497.45,435.0,0.0
1.0,1.0,1.0,0.0,3.0,1.0,119.0,0.0,3.0,0.06,6.0,685.0,498.43,436.0,0.0
1.0,1.0,1.0,0.0,59.0,0.0,0.0,0.0,0.0,0.0,0.0,1175.0,544.91,601.0,0.0
1.0,8.0,15.0,3.1304,978.0,285.0,85.87,0.0,8.0,30.65,5.53,752.0,554.31,377.0,1.0
1.0,1.0,1.0,0.0,0.0,9.0,525.0,0.0,5.0,0.01,59.0,754.0,556.23,379.0,0.0
0.0,0.0,0.0,0.0,0.0,0.0,0.0,0.0,0.0,0.0,0.0,687.0,497.25,0.0,0.0
1.0,1.0,1.0,0.0,1.0,1.0,212.0,0.0,3.0,59.29,11.0,689.0,499.03,439.0,0.0
1.0,5.0,9.0,2.69177,174.0,25.0,141.89,0.0,7.0,47.15,5.11,756.0,557.96,381.0,1.0
1.0,1.0,1.0,0.0,1.0,1.0,298.0,0.0,5.0,0.26,20.0,691.0,500.94,232.0,0.0
1.0,1.0,1.0,0.0,1.0,1.0,143.0,0.0,5.0,0.08,12.0,757.0,558.86,382.0,0.0
1.0,1.0,1.0,0.0,2.0,0.0,186.0,0.0,3.0,6.33,7.0,692.0,501.93,233.0,0.0
1.0,1.0,3.0,1.21506,33.0,11.0,214.0,1.0,6.0,10.82,18.0,758.0,559.14,370.0,1.0
1.0,1.0,1.0,0.0,68.0,0.0,0.0,0.0,0.0,0.0,0.0,759.0,560.12,371.0,0.0
0.0,0.0,0.0,0.0,0.0,0.0,0.0,0.0,0.0,0.0,0.0,760.0,561.12,0.0,0.0
1.0,1.0,3.0,1.21506,33.0,11.0,211.33,1.0,5.0,76.67,15.0,761.0,562.12,372.0,1.0
1.0,1.0,1.0,0.0,68.0,0.0,0.0,0.0,0.0,0.0,0.0,693.0,502.26,441.0,0.0
2.0,7.0,11.0,2.73333,279.0,125.0,147.36,0.0,8.0,23.45,9.0,695.0,504.19,678.0,1.0
1.0,2.0,5.0,1.29485,91.0,2.0,141.0,1.0,5.0,4.76,7.0,762.0,562.96,373.0,1.0
1.0,1.0,1.0,0.0,0.0,3.0,114.0,1.0,5.0,0.02,29.0,763.0,563.94,374.0,0.0
1.0,1.0,1.0,0.0,1.0,1.0,104.0,0.0,1.0,41.71,3.0,765.0,565.83,376.0,0.0
1.0,1.0,1.0,0.0,0.0,2.0,68.0,0.0,1.0,0.27,1.0,696.0,504.99,444.0,0.0
1.0,1.0,1.0,0.0,0.0,2.0,68.0,0.0,1.0,0.27,1.0,697.0,505.98,445.0,0.0
0.0,0.0,0.0,0.0,0.0,0.0,0.0,0.0,0.0,0.0,0.0,698.0,506.97,0.0,0.0
1.0,1.0,1.0,0.0,7.0,1.0,112.0,0.0,2.0,1.31,2.0,767.0,567.69,378.0,0.0
1.0,1.0,1.0,0.0,24.0,2.0,73.0,0.0,4.0,64.06,8.0,701.0,509.28,448.0,1.0
2.0,10.0,10.0,2.87558,187.0,53.0,140.3,0.0,7.0,38.39,9.6,768.0,567.97,762.0,1.0
1.0,1.0,1.0,0.0,64.0,0.0,0.0,0.0,0.0,0.0,0.0,769.0,568.96,380.0,0.0
1.0,1.0,1.0,0.0,15.0,12.0,38.0,0.0,1.0,0.01,1.0,770.0,569.95,381.0,0.0
1.0,1.0,1.0,0.0,4.0,1.0,769.0,0.0,8.0,26.18,54.0,1176.0,542.33,602.0,0.0
2.0,11.0,19.0,2.85763,670.0,141.0,114.47,0.0,7.0,66.14,4.58,772.0,571.6,768.0,1.0
2.0,3.0,3.0,1.48548,5.0,5.0,139.67,0.0,6.0,26.51,9.0,773.0,572.56,423.0,0.0
1.0,2.0,2.0,0.991821,5.0,42.0,98.0,0.0,6.0,0.05,11.5,774.0,573.51,385.0,0.0
1.0,2.0,2.0,0.991076,4.0,41.0,96.0,0.0,7.0,173.51,11.0,775.0,574.49,386.0,0.0
1.0,1.0,1.0,0.0,4.0,1.0,751.0,0.0,6.0,27.64,46.0,704.0,511.29,236.0,0.0
1.0,1.0,1.0,0.0,94.0,0.0,0.0,0.0,0.0,0.0,0.0,776.0,574.72,386.0,0.0
1.0,1.0,1.0,0.0,5.0,4.0,88.0,0.0,1.0,85.82,1.0,777.0,575.58,387.0,0.0
1.0,1.0,3.0,1.31086,20.0,5.0,226.67,0.0,5.0,0.93,7.33,778.0,576.48,388.0,0.0
1.0,1.0,2.0,0.960119,45.0,2.0,119.0,0.0,5.0,64.13,6.5,780.0,578.45,388.0,1.0
1.0,1.0,1.0,0.0,3.0,0.0,119.0,0.0,2.0,75.61,4.0,1177.0,542.55,603.0,0.0
1.0,1.0,2.0,0.965636,21.0,2.0,140.5,0.0,5.0,0.14,7.0,781.0,579.28,389.0,0.0
1.0,3.0,4.0,1.81092,1.0,118.0,190.0,0.0,4.0,0.01,3.75,1179.0,544.41,490.0,0.0
2.0,4.0,6.0,1.80761,148.0,2.0,30.83,1.0,7.0,73.91,2.67,783.0,581.07,781.0,0.0
1.0,1.0,1.0,0.0,3.0,0.0,119.0,0.0,1.0,99.3,3.0,705.0,511.33,237.0,0.0
1.0,3.0,3.0,1.42594,113.0,2.0,28.0,0.0,6.0,24.51,4.0,708.0,514.23,453.0,0.0
2.0,2.0,2.0,1.0,2.0,2.0,50.5,0.0,5.0,0.47,4.0,784.0,581.5,783.0,0.0
1.0,4.0,5.0,2.07934,17.0,21.0,82.8,0.0,2.0,2.59,2.4,711.0,514.85,456.0,0.0
1.0,1.0,1.0,0.0,1.0,1.0,60.0,0.0,2.0,149.87,5.0,789.0,583.93,394.0,0.0
1.0,1.0,1.0,0.0,7.0,2.0,182.0,1.0,4.0,251.99,21.0,792.0,586.91,397.0,0.0
2.0,11.0,54.0,4.57217,1538.0,2206.0,132.46,0.0,9.0,151.64,7.04,27.0,25.27,21.0,1.0
1.0,1.0,1.0,0.0,1.0,1.0,26.0,0.0,1.0,557.72,1.0,712.0,515.11,238.0,0.0
1.0,1.0,1.0,0.0,5.0,3.0,72.0,0.0,1.0,3.26,1.0,713.0,516.1,239.0,0.0
2.0,2.0,2.0,1.0,2.0,2.0,33.5,0.0,2.0,270.16,1.0,793.0,586.87,794.0,0.0
1.0,1.0,1.0,0.0,2.0,0.0,40.0,0.0,1.0,2.91,1.0,796.0,589.81,44.0,0.0
1.0,3.0,3.0,1.28478,21.0,8.0,281.33,0.0,9.0,30.61,24.67,714.0,516.85,457.0,0.0
1.0,1.0,1.0,0.0,9.0,2.0,127.0,0.0,1.0,3.02,1.0,797.0,590.68,45.0,0.0
1.0,1.0,1.0,0.0,1.0,1.0,82.0,0.0,1.0,3.02,2.0,798.0,591.66,46.0,0.0
1.0,1.0,1.0,0.0,14.0,0.0,376.0,0.0,8.0,0.17,46.0,715.0,517.67,458.0,0.0
1.0,1.0,1.0,0.0,3.0,1.0,30.0,0.0,2.0,0.37,2.0,799.0,592.41,397.0,0.0
1.0,1.0,1.0,0.0,0.0,10.0,301.0,0.0,6.0,14.03,21.0,800.0,593.4,398.0,0.0
1.0,1.0,1.0,0.0,0.0,10.0,301.0,0.0,6.0,14.04,21.0,802.0,595.38,400.0,0.0
1.0,1.0,1.0,0.0,2.0,2.0,105.0,0.0,4.0,95.88,8.0,718.0,520.11,461.0,0.0
1.0,4.0,5.0,2.25656,11.0,4.0,126.8,1.0,4.0,40.9,7.0,720.0,521.82,463.0,1.0
1.0,6.0,10.0,3.11133,34.0,13.0,187.6,1.0,7.0,10.1,10.9,721.0,522.81,464.0,1.0
1.0,1.0,1.0,0.0,3.0,8.0,316.0,0.0,8.0,4.84,42.0,803.0,595.52,401.0,0.0
1.0,1.0,1.0,0.0,5.0,0.0,1556.0,0.0,9.0,1.46,249.0,807.0,599.3,42.0,0.0
1.0,3.0,3.0,0.8390040000000001,40.0,1.0,38.67,1.0,3.0,72.21,3.0,193.0,164.46,104.0,0.0
1.0,1.0,1.0,0.0,12.0,12.0,421.0,0.0,6.0,0.58,41.0,28.0,26.14,20.0,0.0
1.0,1.0,1.0,0.0,21.0,13.0,57.0,0.0,1.0,588.49,1.0,203.0,131.65,32.0,0.0
1.0,1.0,1.0,0.0,11.0,3.0,378.0,0.0,5.0,6.65,24.0,722.0,522.81,240.0,1.0
1.0,1.0,1.0,0.0,11.0,3.0,400.0,0.0,5.0,99.73,22.0,723.0,523.81,241.0,0.0
1.0,2.0,5.0,2.19079,262.0,48.0,91.8,0.0,5.0,7.61,3.4,808.0,599.36,401.0,1.0
1.0,1.0,3.0,0.8956870000000001,17.0,46.0,88.33,0.0,2.0,3.76,4.0,1181.0,542.34,492.0,0.0
1.0,1.0,1.0,0.0,17.0,0.0,43.0,0.0,2.0,0.02,3.0,1182.0,543.33,493.0,0.0
2.0,6.0,9.0,2.82233,14.0,34.0,348.11,0.0,10.0,137.28,16.44,812.0,603.05,807.0,0.0
1.0,1.0,1.0,0.0,1.0,1.0,386.0,0.0,5.0,0.92,25.0,725.0,524.82,243.0,0.0
2.0,7.0,7.0,2.30421,169.0,27.0,103.86,0.0,7.0,0.5,10.71,726.0,525.79,709.0,1.0
1.0,2.0,2.0,0.993614,117.0,0.0,0.0,0.0,0.0,0.0,0.0,727.0,526.78,466.0,0.0
1.0,2.0,2.0,0.970951,3.0,7.0,54.0,0.0,1.0,0.02,0.5,728.0,527.78,245.0,0.0
1.0,3.0,5.0,1.31556,85.0,8.0,95.2,1.0,1.0,17.15,1.0,29.0,27.05,21.0,1.0
3.0,4.0,4.0,1.67674,11.0,0.0,599.0,0.0,10.0,10.17,77.75,815.0,605.14,457.0,0.0
1.0,2.0,2.0,0.918296,2.0,4.0,53.0,0.0,4.0,43.68,6.5,729.0,528.72,246.0,0.0
2.0,3.0,3.0,1.37359,148.0,0.0,152.0,0.0,5.0,4.21,4.67,816.0,606.03,413.0,0.0
1.0,7.0,22.0,4.00822,1128.0,0.0,0.0,0.0,0.0,0.0,0.0,818.0,607.8,408.0,1.0
1.0,1.0,1.0,0.0,3.0,0.0,122.0,0.0,3.0,203.69,8.0,819.0,608.79,409.0,0.0
1.0,1.0,1.0,0.0,8.0,0.0,328.0,0.0,5.0,16.97,15.0,821.0,610.76,10.0,0.0
1.0,2.0,2.0,0.8314739999999999,48.0,9.0,114.0,1.0,3.0,162.81,4.0,28.0,16.51,14.0,1.0
1.0,2.0,2.0,0.8314739999999999,48.0,9.0,114.0,1.0,3.0,163.29,4.0,730.0,528.72,467.0,1.0
1.0,2.0,2.0,0.5171359999999999,93.0,2.0,37.5,1.0,3.0,0.05,3.5,824.0,612.84,413.0,0.0
1.0,1.0,3.0,1.56128,3.0,5.0,105.0,0.0,5.0,64.88,5.33,825.0,613.76,407.0,0.0
1.0,4.0,10.0,2.33636,453.0,217.0,124.3,0.0,7.0,38.05,8.4,826.0,614.62,414.0,1.0
1.0,2.0,16.0,3.50791,1988.0,1.0,9.0,0.0,5.0,0.13,0.63,827.0,615.4,408.0,1.0
1.0,2.0,3.0,1.08901,114.0,1.0,24.33,0.0,3.0,1.15,3.0,31.0,28.94,23.0,0.0
1.0,1.0,1.0,0.0,4.0,11.0,157.0,0.0,1.0,4.03,2.0,732.0,529.22,59.0,0.0
1.0,1.0,1.0,0.0,1.0,2.0,57.0,0.0,1.0,11.84,2.0,733.0,529.54,469.0,0.0
1.0,5.0,5.0,1.86624,115.0,7.0,92.0,0.0,4.0,0.61,2.6,734.0,530.34,470.0,1.0
1.0,2.0,2.0,0.5746359999999999,19.0,3.0,238.5,0.0,1.0,0.37,1.0,829.0,615.14,410.0,0.0
1.0,5.0,15.0,3.3537800000000004,56.0,43.0,173.07,0.0,8.0,27.58,6.0,830.0,616.04,411.0,1.0
1.0,1.0,1.0,0.0,1.0,2.0,321.0,0.0,8.0,0.02,62.0,831.0,617.01,412.0,0.0
1.0,3.0,14.0,3.0601700000000003,205.0,98.0,141.43,0.0,2.0,4.54,0.71,833.0,617.77,414.0,1.0
1.0,1.0,1.0,0.0,106.0,0.0,0.0,0.0,0.0,0.0,0.0,834.0,618.71,415.0,1.0
1.0,2.0,3.0,1.23535,26.0,11.0,314.33,0.0,5.0,1.51,10.33,835.0,619.64,416.0,0.0
1.0,4.0,61.0,4.8135,691.0,2164.0,93.98,0.0,6.0,14.42,1.61,836.0,620.64,415.0,1.0
1.0,1.0,1.0,0.0,1.0,5.0,80.0,0.0,2.0,33.3,2.0,838.0,622.51,417.0,0.0
1.0,1.0,1.0,0.0,6.0,3.0,95.0,1.0,4.0,121.65,7.0,839.0,622.57,418.0,0.0
1.0,2.0,3.0,1.39462,23.0,21.0,86.33,1.0,6.0,0.83,3.33,840.0,623.55,419.0,0.0
3.0,9.0,50.0,5.0648,416.0,339.0,141.06,0.0,10.0,23.46,5.26,841.0,624.21,846.0,1.0
1.0,5.0,7.0,2.64053,13.0,15.0,178.29,0.0,5.0,15.91,5.86,842.0,625.1,418.0,0.0
1.0,2.0,4.0,1.8649,133.0,23.0,95.5,0.0,4.0,24.12,3.25,205.0,132.03,122.0,1.0
1.0,2.0,2.0,1.0,28.0,0.0,45.5,0.0,1.0,0.0,0.5,206.0,133.03,123.0,0.0
2.0,2.0,19.0,3.45117,54.0,160.0,114.95,0.0,5.0,3.15,3.79,843.0,625.25,840.0,1.0
1.0,1.0,2.0,0.918296,3.0,3.0,270.0,0.0,2.0,0.0,3.0,844.0,626.25,422.0,0.0
3.0,10.0,27.0,4.06924,167.0,137.0,135.89,0.0,7.0,39.6,4.0,845.0,627.01,853.0,1.0
1.0,2.0,3.0,1.33827,11.0,4.0,38.33,0.0,1.0,0.76,0.33,196.0,164.46,6.0,0.0
1.0,15.0,15.0,3.7873,36.0,36.0,60.47,0.0,3.0,97.28,2.93,197.0,165.35,7.0,0.0
1.0,1.0,1.0,0.0,48.0,0.0,0.0,0.0,0.0,0.0,0.0,200.0,168.34,9.0,0.0
1.0,1.0,1.0,0.0,41.0,0.0,0.0,0.0,0.0,0.0,0.0,201.0,169.34,10.0,0.0
1.0,1.0,1.0,0.0,6.0,0.0,225.0,0.0,2.0,97.32,6.0,202.0,170.05,11.0,0.0
1.0,1.0,1.0,0.0,1.0,1.0,52.0,0.0,1.0,1.09,2.0,204.0,172.03,13.0,0.0
1.0,1.0,2.0,0.918296,4.0,2.0,213.5,0.0,5.0,31.72,20.0,852.0,632.44,428.0,0.0
2.0,6.0,8.0,2.27169,143.0,140.0,174.0,0.0,6.0,2.47,4.25,854.0,634.36,856.0,1.0
1.0,2.0,4.0,1.7634900000000002,41.0,117.0,155.75,0.0,7.0,5.9,15.5,34.0,31.46,26.0,1.0
1.0,1.0,1.0,0.0,1.0,1.0,202.0,0.0,1.0,0.06,10.0,858.0,637.57,430.0,0.0
0.0,0.0,0.0,0.0,0.0,0.0,0.0,0.0,0.0,0.0,0.0,860.0,639.56,0.0,0.0
2.0,4.0,17.0,3.59001,128.0,108.0,95.71,0.0,6.0,3.42,4.06,861.0,640.5,442.0,1.0
1.0,1.0,1.0,0.0,2.0,0.0,123.0,0.0,7.0,45.28,19.0,862.0,641.46,432.0,0.0
1.0,1.0,1.0,0.0,1.0,1.0,33.0,0.0,1.0,0.91,3.0,205.0,172.67,14.0,0.0
1.0,7.0,7.0,2.51966,257.0,0.0,120.71,0.0,6.0,14.77,4.86,206.0,173.59,79.0,0.0
1.0,4.0,5.0,2.07498,38.0,9.0,284.0,0.0,7.0,0.84,14.0,207.0,174.59,80.0,1.0
1.0,2.0,2.0,0.984343,68.0,0.0,0.0,0.0,0.0,0.0,0.0,208.0,175.59,108.0,0.0
1.0,1.0,1.0,0.0,2.0,2.0,39.0,0.0,1.0,0.01,1.0,209.0,176.58,109.0,0.0
1.0,1.0,1.0,0.0,5.0,6.0,65.0,0.0,1.0,0.02,2.0,210.0,177.58,81.0,0.0
1.0,1.0,1.0,0.0,10.0,10.0,41.0,0.0,1.0,16.48,2.0,211.0,178.57,110.0,0.0
1.0,1.0,1.0,0.0,2.0,2.0,69.0,0.0,1.0,58.01,2.0,213.0,180.54,112.0,0.0
1.0,1.0,1.0,0.0,1.0,9.0,308.0,0.0,8.0,25.33,70.0,738.0,526.73,250.0,0.0
1.0,1.0,1.0,0.0,6.0,6.0,78.0,0.0,2.0,5.08,5.0,739.0,527.71,471.0,0.0
1.0,1.0,1.0,0.0,1.0,1.0,177.0,0.0,5.0,59.05,17.0,740.0,528.67,472.0,0.0
1.0,1.0,1.0,0.0,1.0,1.0,158.0,0.0,5.0,59.06,15.0,741.0,529.65,473.0,0.0
1.0,2.0,3.0,1.43552,9.0,9.0,71.67,0.0,1.0,17.68,1.67,742.0,529.95,474.0,0.0
1.0,5.0,5.0,1.7004400000000002,21.0,5.0,64.6,0.0,2.0,11.21,0.6,743.0,530.95,60.0,0.0
1.0,2.0,3.0,1.43552,9.0,9.0,71.67,0.0,1.0,17.08,1.67,744.0,531.94,475.0,0.0
1.0,2.0,4.0,1.97095,15.0,5.0,45.5,0.0,1.0,0.03,0.25,215.0,181.3,114.0,0.0
1.0,9.0,12.0,2.69564,208.0,9.0,117.83,1.0,7.0,70.24,6.67,62.0,44.67,24.0,1.0
1.0,2.0,2.0,0.8631209999999999,7.0,7.0,79.0,0.0,4.0,78.6,3.0,867.0,640.89,435.0,0.0
1.0,5.0,64.0,5.1372300000000015,248.0,135.0,113.75,0.0,8.0,25.68,2.83,870.0,643.88,438.0,1.0
1.0,1.0,1.0,0.0,3.0,2.0,183.0,0.0,2.0,114.09,7.0,871.0,644.87,439.0,0.0
1.0,1.0,1.0,0.0,12.0,1.0,67.0,0.0,5.0,103.25,7.0,64.0,46.65,38.0,0.0
1.0,3.0,5.0,1.66704,102.0,11.0,70.8,1.0,2.0,16.6,1.2,37.0,34.03,29.0,1.0
1.0,2.0,42.0,5.25939,129.0,128.0,85.19,0.0,2.0,10.19,1.36,746.0,531.68,477.0,1.0
1.0,2.0,22.0,4.19417,67.0,96.0,88.27,0.0,5.0,0.12,2.18,747.0,532.65,478.0,1.0
1.0,1.0,1.0,0.0,9.0,3.0,70.0,0.0,1.0,0.76,4.0,874.0,646.86,436.0,0.0
1.0,1.0,1.0,0.0,12.0,13.0,470.0,0.0,6.0,88.84,24.0,875.0,647.74,437.0,0.0
1.0,2.0,3.0,1.37095,5.0,5.0,138.0,0.0,8.0,11.47,12.67,217.0,182.52,83.0,0.0
1.0,1.0,1.0,0.0,150.0,0.0,0.0,0.0,0.0,0.0,0.0,218.0,183.45,84.0,0.0
1.0,1.0,1.0,0.0,16.0,2.0,150.0,0.0,1.0,0.02,1.0,219.0,184.44,85.0,0.0
1.0,4.0,7.0,2.22146,50.0,16.0,74.0,0.0,3.0,9.89,0.71,748.0,532.42,61.0,1.0
2.0,2.0,3.0,1.55666,8.0,6.0,123.67,0.0,5.0,5.4,10.0,878.0,649.22,879.0,0.0
1.0,5.0,5.0,0.634646,58.0,2.0,41.4,0.0,4.0,12.39,2.4,879.0,650.18,440.0,0.0
1.0,1.0,2.0,1.0,4.0,4.0,61.5,0.0,4.0,0.05,5.0,220.0,185.11,116.0,0.0
1.0,1.0,1.0,0.0,2.0,2.0,95.0,0.0,2.0,2.06,4.0,880.0,651.08,441.0,0.0
2.0,2.0,5.0,1.64667,58.0,19.0,151.2,0.0,6.0,4.37,6.0,749.0,532.48,731.0,1.0
1.0,4.0,4.0,1.58071,34.0,7.0,285.75,0.0,9.0,74.63,22.0,883.0,652.94,444.0,1.0
1.0,1.0,1.0,0.0,4.0,0.0,76.0,0.0,3.0,139.08,5.0,222.0,186.66,87.0,0.0
1.0,1.0,1.0,0.0,19.0,17.0,96.0,1.0,3.0,318.98,5.0,887.0,655.75,443.0,1.0
1.0,1.0,1.0,0.0,19.0,17.0,96.0,1.0,3.0,318.98,5.0,888.0,656.75,444.0,1.0
1.0,1.0,1.0,0.0,1.0,1.0,96.0,0.0,4.0,32.99,8.0,889.0,657.71,447.0,0.0
2.0,5.0,25.0,3.52346,51.0,238.0,109.4,0.0,6.0,3.59,3.56,890.0,657.03,893.0,1.0
1.0,3.0,3.0,1.48336,9.0,3.0,327.33,1.0,6.0,64.47,14.67,209.0,133.06,102.0,0.0
1.0,2.0,2.0,1.0,8.0,2.0,421.5,1.0,6.0,9.96,22.5,210.0,134.05,103.0,0.0
1.0,1.0,1.0,0.0,6.0,0.0,163.0,0.0,6.0,78.5,39.0,750.0,530.4,480.0,0.0
1.0,1.0,1.0,0.0,6.0,0.0,170.0,0.0,7.0,59.88,41.0,751.0,531.28,481.0,0.0
1.0,1.0,1.0,0.0,1.0,1.0,44.0,0.0,2.0,1.56,3.0,891.0,656.91,446.0,0.0
1.0,1.0,1.0,0.0,1.0,7.0,176.0,0.0,7.0,0.39,42.0,211.0,134.89,126.0,0.0
1.0,2.0,2.0,0.94566,5.0,6.0,51.5,0.0,1.0,195.25,1.5,213.0,136.85,128.0,0.0
1.0,3.0,3.0,0.488659,40.0,21.0,251.67,0.0,6.0,13.78,24.0,65.0,47.04,26.0,1.0
1.0,2.0,5.0,1.97214,74.0,12.0,73.0,0.0,6.0,92.45,12.6,29.0,16.97,14.0,0.0
1.0,1.0,1.0,0.0,1.0,1.0,117.0,0.0,1.0,63.57,3.0,752.0,531.34,482.0,0.0
1.0,2.0,3.0,0.8049350000000001,81.0,5.0,91.0,0.0,1.0,4.03,2.0,38.0,34.5,30.0,1.0
1.0,1.0,1.0,0.0,2.0,2.0,68.0,0.0,1.0,0.02,1.0,40.0,36.5,32.0,0.0
1.0,1.0,1.0,0.0,3.0,3.0,76.0,0.0,1.0,6.04,5.0,893.0,657.57,448.0,0.0
1.0,1.0,1.0,0.0,32.0,0.0,124.0,0.0,3.0,142.82,7.0,753.0,532.03,253.0,0.0
1.0,4.0,18.0,3.02422,414.0,41.0,75.17,0.0,7.0,119.35,3.44,754.0,533.01,483.0,1.0
1.0,1.0,2.0,0.998509,20.0,24.0,79.5,0.0,2.0,0.01,1.5,755.0,534.0,484.0,0.0
1.0,1.0,1.0,0.0,95.0,0.0,0.0,0.0,0.0,0.0,0.0,895.0,659.3,450.0,0.0
1.0,1.0,1.0,0.0,0.0,7.0,97.0,0.0,1.0,0.0,1.0,224.0,186.94,89.0,0.0
2.0,4.0,4.0,1.57448,130.0,25.0,107.5,1.0,7.0,5.6,12.25,896.0,660.09,900.0,1.0
1.0,2.0,3.0,1.38932,32.0,4.0,82.33,0.0,4.0,187.69,4.0,897.0,661.02,450.0,1.0
1.0,3.0,5.0,1.7378,100.0,20.0,57.6,0.0,6.0,62.75,4.8,67.0,48.93,39.0,0.0
1.0,1.0,1.0,0.0,1.0,1.0,1574.0,0.0,9.0,19.51,236.0,214.0,137.52,33.0,0.0
1.0,4.0,4.0,1.79052,33.0,5.0,200.5,1.0,8.0,86.45,19.75,757.0,535.06,486.0,1.0
2.0,25.0,38.0,4.36799,192.0,132.0,181.76,0.0,10.0,61.64,7.79,899.0,661.89,903.0,1.0
2.0,3.0,3.0,0.851001,17.0,16.0,136.67,0.0,4.0,16.07,6.0,900.0,662.86,502.0,0.0
1.0,3.0,3.0,1.0779,170.0,0.0,29.33,0.0,6.0,13.08,4.33,225.0,187.51,117.0,0.0
1.0,4.0,6.0,2.10171,178.0,16.0,47.0,0.0,5.0,59.24,4.33,902.0,664.76,454.0,1.0
1.0,1.0,1.0,0.0,2.0,1.0,1574.0,0.0,9.0,0.63,237.0,215.0,138.35,34.0,0.0
1.0,1.0,1.0,0.0,2.0,1.0,1575.0,0.0,9.0,0.02,238.0,216.0,139.35,35.0,0.0
2.0,2.0,2.0,0.918296,3.0,3.0,58.0,0.0,1.0,0.07,0.5,228.0,190.4,211.0,0.0
1.0,1.0,1.0,0.0,2.0,2.0,207.0,0.0,7.0,0.26,34.0,229.0,191.4,121.0,0.0
1.0,3.0,3.0,1.37878,1.0,6.0,223.0,0.0,4.0,100.49,6.0,217.0,140.24,129.0,0.0
1.0,3.0,4.0,1.89106,11.0,7.0,118.25,0.0,2.0,1.78,1.0,758.0,535.08,487.0,0.0
9.0,93.0,93.0,6.52246,96.0,96.0,142.01,0.0,13.0,79.21,7.32,218.0,141.22,382.0,0.0
1.0,1.0,1.0,0.0,1.0,1.0,1571.0,0.0,9.0,14.02,254.0,759.0,535.9,37.0,0.0
1.0,4.0,18.0,3.02422,414.0,41.0,75.67,0.0,6.0,122.88,3.0,760.0,536.89,488.0,1.0
1.0,2.0,5.0,2.01232,85.0,50.0,98.6,0.0,6.0,173.69,6.0,907.0,668.68,458.0,1.0
1.0,2.0,4.0,1.74908,103.0,24.0,84.5,0.0,6.0,53.5,6.75,909.0,670.6,460.0,1.0
1.0,2.0,3.0,1.45392,22.0,25.0,105.33,0.0,6.0,99.66,12.33,911.0,672.49,462.0,0.0
1.0,2.0,2.0,0.294615,36.0,41.0,118.5,0.0,2.0,0.48,1.5,230.0,192.08,92.0,0.0
1.0,1.0,1.0,0.0,2.0,2.0,36.0,0.0,1.0,692.07,2.0,231.0,193.06,9.0,0.0
1.0,13.0,13.0,3.60663,31.0,31.0,58.08,0.0,3.0,146.46,2.92,233.0,195.06,15.0,0.0
1.0,2.0,2.0,0.985228,1.0,6.0,125.5,0.0,3.0,98.95,4.5,762.0,538.59,490.0,0.0
1.0,1.0,2.0,1.0,32.0,0.0,31.0,0.0,1.0,1.73,1.0,234.0,196.01,2.0,0.0
1.0,2.0,4.0,1.17319,55.0,56.0,162.25,0.0,3.0,3.49,2.75,43.0,39.24,35.0,1.0
1.0,1.0,2.0,1.0,8.0,18.0,89.0,0.0,5.0,93.28,7.0,44.0,40.24,36.0,0.0
1.0,3.0,5.0,1.93368,16.0,28.0,187.6,0.0,9.0,24.07,13.8,45.0,41.24,37.0,1.0
1.0,1.0,1.0,0.0,75.0,0.0,0.0,0.0,0.0,0.0,0.0,235.0,196.9,122.0,0.0
1.0,1.0,1.0,0.0,4.0,1.0,490.0,0.0,6.0,1.56,26.0,765.0,541.06,493.0,0.0
2.0,3.0,3.0,0.5098239999999999,82.0,1.0,44.67,0.0,6.0,138.41,6.67,766.0,542.05,750.0,0.0
2.0,4.0,4.0,1.9072,13.0,5.0,295.75,0.0,7.0,37.07,12.5,767.0,543.03,752.0,0.0
2.0,5.0,13.0,2.7331,334.0,52.0,152.08,0.0,5.0,9.82,6.08,914.0,674.35,920.0,1.0
1.0,3.0,5.0,1.15076,100.0,0.0,52.4,0.0,5.0,1.38,4.6,68.0,49.67,40.0,0.0
1.0,1.0,1.0,0.0,10.0,4.0,113.0,0.0,5.0,6.78,26.0,915.0,675.16,466.0,0.0
1.0,1.0,1.0,0.0,12.0,15.0,307.0,0.0,6.0,15.12,25.0,916.0,676.01,456.0,1.0
2.0,9.0,17.0,3.0866,171.0,65.0,70.0,0.0,7.0,102.84,3.12,917.0,677.01,483.0,1.0
1.0,1.0,1.0,0.0,12.0,15.0,291.0,0.0,6.0,24.97,22.0,918.0,677.96,457.0,1.0
1.0,1.0,1.0,0.0,4.0,4.0,125.0,0.0,4.0,23.93,10.0,919.0,678.92,468.0,0.0
1.0,2.0,2.0,1.0,9.0,3.0,193.0,1.0,5.0,13.73,20.5,47.0,43.12,39.0,0.0
1.0,1.0,1.0,0.0,4.0,2.0,166.0,0.0,3.0,24.86,14.0,48.0,44.1,40.0,0.0
1.0,1.0,1.0,0.0,11.0,8.0,493.0,0.0,6.0,1.29,27.0,920.0,678.87,469.0,0.0
1.0,2.0,5.0,1.96597,73.0,14.0,69.4,0.0,5.0,172.66,11.2,921.0,679.76,458.0,0.0
1.0,2.0,2.0,0.721928,29.0,1.0,162.0,0.0,2.0,0.47,2.0,924.0,680.28,461.0,0.0
2.0,8.0,88.0,4.93553,407.0,2966.0,103.67,0.0,8.0,10.68,2.93,925.0,681.18,932.0,1.0
1.0,1.0,2.0,0.970951,5.0,5.0,70.0,0.0,2.0,18.77,2.0,926.0,682.09,471.0,0.0
1.0,38.0,66.0,0.0,0.0,0.0,49.64,0.0,4.0,23.41,0.36,1185.0,527.62,496.0,0.0
1.0,1.0,1.0,0.0,4.0,4.0,434.0,0.0,4.0,0.01,15.0,1186.0,528.62,497.0,0.0
1.0,1.0,1.0,0.0,4.0,4.0,82.0,0.0,2.0,12.17,3.0,770.0,541.23,62.0,0.0
2.0,8.0,12.0,2.92459,229.0,25.0,197.67,0.0,10.0,1.38,8.83,929.0,683.41,937.0,1.0
1.0,1.0,1.0,0.0,9.0,50.0,121.0,0.0,1.0,0.98,8.0,1188.0,529.94,499.0,0.0
2.0,2.0,2.0,1.0,0.0,30.0,131.5,0.0,6.0,113.37,6.0,70.0,51.24,45.0,0.0
0.0,0.0,0.0,0.0,0.0,0.0,0.0,0.0,0.0,0.0,0.0,219.0,140.69,0.0,0.0
2.0,2.0,2.0,0.918296,3.0,3.0,141.5,1.0,4.0,6.57,3.5,771.0,541.57,755.0,0.0
2.0,2.0,2.0,0.918296,3.0,3.0,150.5,1.0,4.0,7.52,3.0,772.0,542.54,757.0,0.0
1.0,1.0,1.0,0.0,0.0,1.0,37.0,0.0,3.0,0.01,5.0,932.0,685.17,474.0,0.0
1.0,1.0,1.0,0.0,35.0,3.0,434.0,0.0,4.0,1.77,16.0,1189.0,530.38,500.0,0.0
1.0,1.0,1.0,0.0,3.0,3.0,100.0,0.0,10.0,1.82,63.0,1190.0,531.38,501.0,0.0
1.0,1.0,1.0,0.0,5.0,0.0,466.0,0.0,4.0,0.1,17.0,1192.0,533.32,503.0,0.0
1.0,1.0,1.0,0.0,14.0,0.0,392.0,0.0,7.0,6.77,28.0,1194.0,535.28,604.0,0.0
9.0,93.0,93.0,6.52246,96.0,96.0,141.85,0.0,13.0,84.44,7.33,220.0,141.55,391.0,0.0
1.0,1.0,1.0,0.0,5.0,0.0,140.0,0.0,1.0,1.97,2.0,1196.0,537.25,506.0,0.0
1.0,2.0,2.0,0.684038,7.0,15.0,110.0,0.0,2.0,0.04,5.5,1197.0,538.25,507.0,0.0
1.0,3.0,4.0,1.06447,3.0,72.0,213.75,0.0,7.0,14.58,10.5,934.0,686.82,469.0,1.0
1.0,1.0,1.0,0.0,17.0,0.0,30.0,0.0,1.0,5.05,1.0,773.0,543.01,33.0,0.0
1.0,2.0,2.0,0.918296,93.0,0.0,0.0,0.0,0.0,0.0,0.0,774.0,544.0,499.0,0.0
1.0,6.0,8.0,2.11731,209.0,68.0,71.5,0.0,2.0,1.05,2.13,1198.0,539.19,508.0,1.0
1.0,2.0,2.0,0.918296,93.0,0.0,0.0,0.0,0.0,0.0,0.0,775.0,544.99,500.0,0.0
1.0,1.0,3.0,1.30157,6.0,17.0,140.67,0.0,2.0,0.03,6.33,1200.0,541.19,510.0,0.0
1.0,1.0,1.0,0.0,1.0,1.0,60.0,0.0,1.0,0.11,2.0,1203.0,544.17,513.0,0.0
1.0,2.0,4.0,1.6429900000000002,81.0,2.0,186.5,0.0,7.0,10.03,12.25,236.0,195.27,93.0,0.0
1.0,3.0,3.0,1.34214,12.0,9.0,46.33,0.0,2.0,0.02,0.67,237.0,196.27,94.0,0.0
1.0,28.0,32.0,4.17307,56.0,49.0,67.44,0.0,4.0,0.7,1.25,1206.0,547.06,515.0,0.0
1.0,1.0,1.0,0.0,6.0,6.0,62.0,0.0,1.0,0.4,1.0,776.0,545.55,501.0,0.0
1.0,3.0,4.0,1.48984,77.0,14.0,72.0,0.0,7.0,38.89,6.5,935.0,686.94,470.0,0.0
1.0,1.0,1.0,0.0,1.0,2.0,43.0,0.0,2.0,1.14,4.0,778.0,547.3,503.0,0.0
2.0,3.0,4.0,1.6887599999999998,26.0,0.0,77.0,0.0,3.0,5.8,3.25,1207.0,547.64,1122.0,0.0
2.0,7.0,17.0,3.52989,544.0,208.0,185.12,1.0,10.0,26.79,13.0,937.0,688.58,947.0,1.0
1.0,1.0,1.0,0.0,3.0,3.0,44.0,0.0,1.0,0.76,2.0,239.0,197.92,96.0,0.0
1.0,1.0,1.0,0.0,1.0,1.0,149.0,0.0,1.0,0.09,7.0,240.0,198.92,123.0,0.0
1.0,5.0,5.0,1.55164,103.0,0.0,20.4,0.0,1.0,0.37,2.4,1210.0,550.48,519.0,0.0
1.0,5.0,14.0,3.41899,9.0,47.0,68.64,0.0,5.0,151.35,2.57,49.0,44.47,41.0,0.0
1.0,1.0,1.0,0.0,13.0,4.0,60.0,0.0,2.0,0.02,11.0,1214.0,553.82,523.0,0.0
1.0,2.0,2.0,0.829059,65.0,0.0,69.0,0.0,5.0,14.1,11.5,940.0,689.95,479.0,0.0
1.0,2.0,2.0,0.829059,65.0,0.0,69.0,0.0,4.0,85.61,9.5,941.0,690.94,480.0,0.0
1.0,2.0,2.0,0.996566,174.0,0.0,0.0,0.0,0.0,0.0,0.0,1216.0,555.67,525.0,0.0
4.0,13.0,16.0,2.7733,1091.0,10.0,206.25,0.0,10.0,14.13,22.19,942.0,691.78,1017.0,1.0
3.0,4.0,5.0,0.701349,214.0,14.0,444.6,0.0,9.0,0.36,56.4,943.0,691.92,546.0,0.0
1.0,3.0,6.0,2.00685,218.0,17.0,203.17,0.0,7.0,17.27,11.33,945.0,693.67,475.0,1.0
1.0,1.0,1.0,0.0,23.0,22.0,468.0,1.0,7.0,18.1,47.0,946.0,694.65,476.0,0.0
1.0,1.0,1.0,0.0,4.0,2.0,72.0,0.0,1.0,0.02,1.0,948.0,695.07,485.0,0.0
1.0,3.0,3.0,1.29879,8.0,8.0,327.33,0.0,8.0,0.92,18.67,779.0,544.07,260.0,0.0
1.0,4.0,4.0,1.51264,54.0,9.0,97.75,0.0,5.0,111.35,3.5,780.0,545.07,261.0,0.0
1.0,4.0,4.0,1.51264,54.0,9.0,97.75,0.0,4.0,111.67,3.25,781.0,546.05,262.0,0.0
1.0,1.0,1.0,0.0,1.0,1.0,71.0,0.0,3.0,0.1,3.0,782.0,546.96,263.0,0.0
1.0,1.0,1.0,0.0,1.0,1.0,71.0,0.0,2.0,0.09,2.0,783.0,547.95,264.0,0.0
1.0,1.0,1.0,0.0,0.0,1.0,36.0,0.0,2.0,6.76,3.0,1217.0,554.6,526.0,0.0
1.0,1.0,1.0,0.0,3.0,1.0,81.0,0.0,1.0,2.89,1.0,1218.0,555.6,527.0,0.0
2.0,3.0,3.0,1.50997,16.0,5.0,98.33,0.0,6.0,26.95,12.67,1219.0,556.59,1136.0,0.0
1.0,2.0,2.0,0.503258,17.0,1.0,86.0,0.0,3.0,1.0,12.0,1220.0,557.59,529.0,0.0
1.0,3.0,3.0,1.1386,33.0,6.0,455.67,0.0,7.0,42.3,45.67,1221.0,558.53,609.0,1.0
1.0,2.0,4.0,1.7982900000000002,31.0,6.0,111.75,0.0,3.0,2.08,5.0,1222.0,559.53,530.0,1.0
2.0,2.0,2.0,0.503258,10.0,17.0,467.5,0.0,7.0,0.03,55.0,1224.0,561.5,1143.0,0.0
1.0,2.0,2.0,0.721928,8.0,2.0,78.0,0.0,2.0,3.39,3.0,1225.0,562.5,533.0,0.0
2.0,3.0,3.0,1.40411,15.0,10.0,148.0,0.0,6.0,0.01,13.0,1227.0,564.39,1148.0,0.0
1.0,3.0,3.0,1.5,4.0,4.0,44.0,0.0,1.0,0.02,0.67,1228.0,565.38,536.0,0.0
1.0,1.0,1.0,0.0,1.0,1.0,52.0,0.0,2.0,15.89,4.0,1229.0,566.36,64.0,0.0
1.0,1.0,1.0,0.0,1.0,1.0,69.0,0.0,1.0,15.89,2.0,241.0,198.03,25.0,0.0
1.0,1.0,1.0,0.0,3.0,1.0,113.0,0.0,3.0,67.26,15.0,784.0,548.1,63.0,0.0
2.0,3.0,5.0,2.28064,9.0,7.0,142.4,0.0,6.0,0.42,9.8,786.0,550.04,770.0,0.0
2.0,2.0,2.0,0.940286,266.0,0.0,0.0,0.0,0.0,0.0,0.0,787.0,551.03,541.0,0.0
1.0,12.0,21.0,3.6713,761.0,296.0,94.81,0.0,10.0,35.08,6.57,51.0,45.97,43.0,1.0
1.0,1.0,1.0,0.0,2.0,1.0,156.0,0.0,1.0,0.01,1.0,52.0,46.96,44.0,0.0
2.0,3.0,3.0,1.3844299999999998,6.0,6.0,448.0,0.0,7.0,0.11,38.33,789.0,552.91,303.0,0.0
1.0,1.0,1.0,0.0,0.0,1.0,135.0,0.0,5.0,1.29,12.0,951.0,695.09,15.0,0.0
1.0,6.0,13.0,3.61506,15.0,15.0,98.31,0.0,5.0,69.12,4.62,952.0,696.04,480.0,0.0
1.0,1.0,1.0,0.0,1.0,1.0,30.0,0.0,1.0,0.69,2.0,53.0,47.88,45.0,0.0
1.0,2.0,2.0,0.8112779999999999,7.0,1.0,77.0,0.0,2.0,0.74,1.5,54.0,48.88,46.0,0.0
1.0,1.0,1.0,0.0,1.0,1.0,18.0,0.0,1.0,523.53,1.0,791.0,553.98,508.0,0.0
1.0,1.0,1.0,0.0,3.0,3.0,55.0,0.0,2.0,0.04,3.0,792.0,554.93,509.0,0.0
1.0,1.0,1.0,0.0,11.0,8.0,405.0,1.0,5.0,26.59,41.0,793.0,555.74,510.0,0.0
2.0,6.0,12.0,2.47231,471.0,217.0,141.17,0.0,8.0,81.67,11.5,794.0,556.68,779.0,1.0
3.0,6.0,8.0,2.33788,30.0,36.0,173.75,0.0,9.0,21.3,16.38,953.0,696.1,1020.0,0.0
1.0,1.0,1.0,0.0,1.0,1.0,186.0,0.0,4.0,13.92,7.0,1231.0,566.94,614.0,0.0
1.0,9.0,16.0,3.51291,26.0,31.0,163.75,0.0,8.0,133.92,11.63,954.0,696.9,488.0,1.0
2.0,9.0,23.0,3.89109,114.0,124.0,127.78,0.0,8.0,41.24,4.87,956.0,698.71,972.0,1.0
1.0,2.0,2.0,0.684038,6.0,5.0,105.0,1.0,6.0,214.35,12.0,30.0,17.49,15.0,1.0
2.0,5.0,10.0,2.58564,352.0,63.0,213.9,0.0,10.0,76.65,20.0,1232.0,567.75,1153.0,1.0
1.0,1.0,1.0,0.0,10.0,10.0,98.0,0.0,1.0,0.0,1.0,1234.0,569.71,617.0,0.0
1.0,1.0,3.0,1.29546,2.0,8.0,130.67,0.0,3.0,123.04,4.33,958.0,699.79,491.0,0.0
1.0,6.0,17.0,3.12432,129.0,4.0,19.12,0.0,4.0,1.73,1.24,1235.0,570.19,539.0,0.0
1.0,2.0,4.0,1.74725,83.0,11.0,353.0,0.0,7.0,0.39,33.75,1236.0,571.19,618.0,1.0
2.0,5.0,5.0,2.23836,49.0,12.0,307.2,0.0,9.0,3.87,28.6,1237.0,572.16,1159.0,1.0
1.0,1.0,1.0,0.0,2.0,2.0,60.0,0.0,1.0,2.94,5.0,1238.0,573.16,541.0,0.0
1.0,1.0,1.0,0.0,3.0,3.0,60.0,0.0,1.0,0.0,6.0,1239.0,574.16,542.0,0.0
1.0,1.0,1.0,0.0,2.0,2.0,60.0,0.0,1.0,0.01,7.0,1240.0,575.15,543.0,0.0
1.0,2.0,3.0,1.0958,36.0,8.0,48.33,0.0,5.0,33.48,6.0,959.0,700.47,492.0,0.0
2.0,4.0,7.0,1.78435,161.0,3.0,98.29,0.0,7.0,1.18,8.14,1241.0,576.14,1164.0,1.0
1.0,2.0,2.0,1.0,3.0,1.0,38.0,0.0,2.0,1.55,7.0,1242.0,577.13,545.0,0.0
1.0,1.0,1.0,0.0,2.0,0.0,24.0,0.0,1.0,0.07,3.0,1243.0,578.13,546.0,0.0
1.0,1.0,3.0,1.43552,5.0,4.0,134.67,0.0,4.0,143.1,5.67,961.0,702.44,494.0,0.0
1.0,1.0,2.0,0.512709,33.0,2.0,60.0,0.0,1.0,7.07,1.0,962.0,703.44,495.0,0.0
1.0,10.0,21.0,3.76365,1390.0,100.0,30.43,0.0,2.0,7.57,0.14,797.0,558.33,514.0,1.0
1.0,1.0,1.0,0.0,1.0,1.0,199.0,0.0,4.0,0.01,7.0,965.0,706.24,498.0,0.0
1.0,3.0,11.0,2.95996,113.0,116.0,103.27,0.0,6.0,267.63,1.55,966.0,707.21,499.0,0.0
1.0,1.0,1.0,0.0,82.0,0.0,0.0,0.0,0.0,0.0,0.0,967.0,708.16,485.0,0.0
1.0,2.0,2.0,0.824966,84.0,1.0,123.0,1.0,1.0,7.17,3.5,55.0,49.59,47.0,1.0
1.0,1.0,1.0,0.0,2.0,1.0,87.0,0.0,4.0,0.01,7.0,970.0,710.14,502.0,0.0
1.0,2.0,5.0,2.10796,9.0,8.0,64.6,0.0,4.0,64.91,3.4,799.0,559.25,516.0,0.0
1.0,2.0,6.0,2.19895,39.0,41.0,67.0,0.0,3.0,174.19,2.17,973.0,712.95,504.0,0.0
1.0,2.0,2.0,0.666578,21.0,2.0,381.0,0.0,9.0,2.0,32.0,1245.0,579.25,621.0,0.0
1.0,2.0,7.0,2.09502,242.0,103.0,365.57,0.0,6.0,9.63,12.86,976.0,715.89,507.0,1.0
1.0,1.0,2.0,0.721928,2.0,3.0,147.0,0.0,5.0,104.12,12.0,977.0,716.76,508.0,0.0
1.0,2.0,4.0,1.2115200000000002,34.0,5.0,56.5,0.0,3.0,67.21,2.25,981.0,720.69,512.0,1.0
1.0,1.0,2.0,0.512709,33.0,2.0,68.5,0.0,4.0,7.67,6.0,982.0,721.66,513.0,1.0
1.0,1.0,2.0,0.721928,3.0,7.0,75.5,0.0,4.0,29.86,5.0,983.0,722.65,514.0,0.0
1.0,1.0,1.0,0.0,12.0,7.0,70.0,1.0,2.0,86.6,3.0,984.0,723.63,18.0,0.0
1.0,4.0,9.0,2.22536,217.0,128.0,77.22,0.0,7.0,76.8,3.56,987.0,725.25,515.0,1.0
1.0,10.0,15.0,2.89101,174.0,37.0,261.4,0.0,11.0,4.56,18.47,989.0,727.17,489.0,1.0
2.0,5.0,10.0,2.3184400000000003,233.0,32.0,135.3,1.0,8.0,6.75,11.0,990.0,728.09,1007.0,1.0
2.0,2.0,2.0,1.0,4.0,4.0,206.5,0.0,7.0,21.26,26.0,993.0,729.64,537.0,0.0
1.0,2.0,2.0,0.930586,18.0,8.0,57.0,0.0,4.0,71.91,4.5,800.0,557.29,64.0,0.0
1.0,2.0,2.0,0.942683,17.0,8.0,57.0,0.0,5.0,144.25,5.0,801.0,558.29,65.0,0.0
1.0,3.0,3.0,1.29584,8.0,6.0,158.33,0.0,6.0,50.17,17.67,995.0,730.78,494.0,0.0
2.0,17.0,27.0,4.44648,32.0,44.0,216.67,0.0,9.0,14.04,9.56,997.0,732.63,1016.0,0.0
1.0,5.0,8.0,2.7669200000000003,39.0,40.0,152.0,0.0,8.0,110.22,7.5,998.0,733.6,497.0,1.0
1.0,2.0,3.0,1.5,4.0,4.0,100.67,0.0,5.0,146.0,6.0,1000.0,735.5,498.0,0.0
1.0,1.0,1.0,0.0,1.0,5.0,114.0,0.0,3.0,3.73,11.0,803.0,559.09,518.0,0.0
2.0,3.0,3.0,1.45915,6.0,6.0,102.67,0.0,5.0,1.71,5.33,804.0,560.08,788.0,0.0
1.0,2.0,2.0,0.935711,29.0,25.0,113.5,0.0,4.0,1.0,6.0,1005.0,739.09,502.0,1.0
1.0,1.0,1.0,0.0,2.0,2.0,59.0,0.0,1.0,0.0,1.0,806.0,561.94,521.0,0.0
1.0,2.0,3.0,1.17751,119.0,1.0,81.67,0.0,2.0,0.89,4.33,1007.0,741.0,504.0,0.0
1.0,1.0,1.0,0.0,1.0,1.0,473.0,1.0,6.0,18.87,53.0,808.0,563.86,523.0,0.0
1.0,1.0,1.0,0.0,1.0,1.0,479.0,1.0,6.0,103.15,48.0,809.0,564.76,524.0,0.0
1.0,1.0,1.0,0.0,1.0,1.0,1572.0,0.0,9.0,10.29,258.0,244.0,197.47,12.0,0.0
1.0,2.0,2.0,1.0,2.0,0.0,147.0,0.0,5.0,87.36,18.0,812.0,567.6,527.0,0.0
3.0,20.0,39.0,3.66552,1072.0,186.0,200.77,0.0,9.0,42.37,9.49,1008.0,741.54,1040.0,1.0
1.0,4.0,5.0,2.16688,132.0,36.0,95.2,1.0,6.0,20.82,6.8,57.0,51.0,49.0,1.0
2.0,8.0,9.0,2.44341,22.0,55.0,251.33,1.0,9.0,18.55,24.44,1009.0,741.54,1032.0,1.0
1.0,1.0,1.0,0.0,7.0,2.0,254.0,0.0,5.0,8.74,26.0,1010.0,742.42,507.0,0.0
1.0,1.0,1.0,0.0,1.0,1.0,259.0,0.0,5.0,0.01,27.0,1011.0,743.4,508.0,0.0
1.0,4.0,4.0,1.47206,31.0,29.0,299.0,1.0,9.0,51.31,19.0,1014.0,746.28,511.0,1.0
2.0,3.0,3.0,1.51441,114.0,0.0,293.0,0.0,7.0,0.09,24.33,1015.0,747.13,1039.0,0.0
2.0,3.0,3.0,1.51441,114.0,0.0,282.0,0.0,6.0,11.09,21.67,1016.0,748.13,1041.0,0.0
1.0,2.0,2.0,0.999659,0.0,92.0,46.0,0.0,1.0,0.45,0.5,815.0,569.01,529.0,0.0
2.0,3.0,3.0,1.45915,6.0,6.0,58.33,0.0,3.0,25.4,3.67,817.0,570.83,103.0,0.0
1.0,1.0,1.0,0.0,4.0,5.0,857.0,0.0,7.0,134.22,21.0,1017.0,748.08,11.0,0.0
1.0,1.0,1.0,0.0,4.0,5.0,857.0,0.0,7.0,134.23,21.0,1018.0,749.07,12.0,0.0
1.0,2.0,3.0,1.06916,130.0,1.0,188.67,0.0,5.0,16.29,14.0,1019.0,750.06,529.0,0.0
1.0,1.0,1.0,0.0,1.0,1.0,97.0,0.0,1.0,0.02,1.0,1020.0,751.03,530.0,0.0
1.0,3.0,3.0,1.52193,3.0,2.0,191.33,0.0,8.0,94.83,23.67,1021.0,752.03,514.0,1.0
1.0,2.0,2.0,1.0,4.0,4.0,380.0,0.0,9.0,9.81,41.0,245.0,197.49,11.0,0.0
1.0,4.0,4.0,1.74922,127.0,2.0,29.0,1.0,4.0,2.17,3.75,819.0,571.74,532.0,1.0
1.0,1.0,2.0,0.918296,3.0,3.0,19.0,0.0,2.0,34.84,2.5,1026.0,755.57,535.0,0.0
1.0,1.0,1.0,0.0,2.0,0.0,91.0,0.0,4.0,118.28,7.0,821.0,573.54,67.0,0.0
2.0,2.0,2.0,0.135036,31.0,75.0,231.0,0.0,8.0,144.51,25.5,822.0,574.54,602.0,0.0
1.0,1.0,1.0,0.0,1.0,1.0,71.0,0.0,6.0,0.21,41.0,1028.0,757.04,519.0,0.0
3.0,7.0,26.0,3.90551,356.0,204.0,135.88,0.0,8.0,10.36,7.23,1029.0,757.83,1076.0,1.0
2.0,21.0,56.0,4.8045800000000005,210.0,164.0,173.77,1.0,11.0,48.13,9.93,1030.0,757.78,1058.0,1.0
3.0,6.0,39.0,4.4751699999999985,95.0,90.0,102.21,0.0,8.0,11.32,3.46,1033.0,760.7,1083.0,1.0
1.0,3.0,3.0,1.18182,27.0,8.0,98.0,1.0,6.0,18.43,8.67,1034.0,761.68,540.0,1.0
2.0,5.0,12.0,2.78405,52.0,176.0,176.08,1.0,8.0,9.22,10.17,1036.0,763.49,1067.0,1.0
1.0,1.0,1.0,0.0,1.0,1.0,111.0,0.0,4.0,32.07,10.0,1037.0,764.36,543.0,0.0
1.0,2.0,2.0,1.0,2.0,2.0,52.5,0.0,3.0,267.73,2.5,223.0,140.15,133.0,0.0
2.0,18.0,47.0,4.74753,454.0,515.0,211.06,0.0,11.0,4.81,9.85,224.0,141.05,243.0,1.0
1.0,1.0,6.0,2.56128,16.0,16.0,40.83,0.0,3.0,1.81,1.67,225.0,142.03,135.0,0.0
1.0,3.0,19.0,4.20184,21.0,21.0,45.11,0.0,5.0,1.45,1.74,226.0,143.03,136.0,0.0
1.0,1.0,1.0,0.0,0.0,56.0,56.0,0.0,2.0,0.01,5.0,228.0,145.01,138.0,0.0
2.0,9.0,39.0,4.2397800000000005,292.0,188.0,136.62,1.0,8.0,6.46,5.54,1038.0,763.97,1070.0,1.0
1.0,4.0,5.0,1.49524,45.0,44.0,237.2,1.0,8.0,0.08,32.4,1039.0,764.96,527.0,1.0
1.0,1.0,1.0,0.0,3.0,3.0,139.0,1.0,3.0,0.04,20.0,1040.0,765.9,528.0,0.0
1.0,1.0,1.0,0.0,1.0,1.0,232.0,0.0,8.0,73.32,34.0,1044.0,769.55,546.0,0.0
1.0,2.0,6.0,1.98211,82.0,25.0,183.33,1.0,6.0,0.39,10.5,1045.0,770.55,547.0,1.0
1.0,3.0,4.0,1.74505,22.0,3.0,167.25,1.0,8.0,0.81,22.25,1046.0,771.55,531.0,1.0
1.0,8.0,8.0,2.7097900000000004,39.0,22.0,78.88,0.0,7.0,69.71,2.38,0.0,0.0,0.0,0.0
2.0,4.0,5.0,2.02435,54.0,46.0,233.8,1.0,6.0,0.72,9.0,1047.0,771.55,1080.0,1.0
2.0,7.0,12.0,2.75462,403.0,23.0,253.33,0.0,10.0,21.12,20.25,1049.0,773.39,1083.0,1.0
2.0,2.0,3.0,1.18639,20.0,3.0,134.33,1.0,2.0,0.66,8.0,1051.0,775.28,1086.0,0.0
2.0,2.0,2.0,0.8631209999999999,5.0,2.0,1101.5,0.0,9.0,3.31,143.5,247.0,197.86,26.0,0.0
1.0,1.0,1.0,0.0,1.0,1.0,232.0,0.0,8.0,0.81,35.0,248.0,198.85,124.0,0.0
1.0,2.0,2.0,0.918296,3.0,3.0,339.5,0.0,7.0,43.37,19.0,249.0,199.85,125.0,0.0
1.0,1.0,2.0,0.291818,11.0,28.0,180.0,1.0,2.0,0.05,12.0,1052.0,776.21,537.0,0.0
1.0,1.0,1.0,0.0,3.0,1.0,240.0,1.0,2.0,0.01,23.0,1053.0,777.19,538.0,0.0
1.0,1.0,1.0,0.0,1.0,1.0,171.0,0.0,1.0,4.24,3.0,1055.0,779.07,552.0,0.0
1.0,1.0,1.0,0.0,128.0,0.0,0.0,0.0,0.0,0.0,0.0,1056.0,778.99,540.0,0.0
1.0,1.0,1.0,0.0,10.0,0.0,128.0,0.0,1.0,0.01,1.0,1057.0,779.97,541.0,0.0
1.0,1.0,1.0,0.0,38.0,0.0,0.0,0.0,0.0,0.0,0.0,824.0,571.64,536.0,0.0
1.0,5.0,7.0,2.31492,110.0,11.0,92.14,1.0,8.0,37.79,3.86,825.0,572.61,537.0,0.0
1.0,2.0,2.0,0.991076,5.0,4.0,128.5,0.0,8.0,1.73,44.5,826.0,573.02,272.0,0.0
2.0,4.0,14.0,3.48591,636.0,9.0,84.14,0.0,8.0,7.04,7.86,1061.0,782.31,1099.0,1.0
1.0,1.0,1.0,0.0,1.0,1.0,65.0,0.0,3.0,1.9,4.0,1062.0,783.27,544.0,0.0
1.0,1.0,1.0,0.0,1.0,1.0,45.0,0.0,1.0,1.9,1.0,1063.0,784.26,557.0,0.0
2.0,3.0,3.0,1.19819,20.0,12.0,131.33,0.0,2.0,1.22,10.33,827.0,573.79,811.0,1.0
1.0,3.0,9.0,2.3006,186.0,128.0,120.89,1.0,5.0,149.8,4.0,1064.0,785.22,558.0,1.0
1.0,1.0,1.0,0.0,1.0,2.0,251.0,0.0,2.0,0.0,12.0,830.0,576.69,275.0,0.0
1.0,2.0,5.0,1.66107,158.0,15.0,236.6,0.0,2.0,0.84,9.8,1065.0,786.03,545.0,1.0
2.0,2.0,2.0,0.918296,3.0,3.0,858.0,0.0,9.0,3.95,135.5,250.0,199.92,28.0,0.0
1.0,17.0,27.0,3.97685,67.0,86.0,243.11,0.0,10.0,58.58,12.96,1066.0,786.78,546.0,1.0
1.0,6.0,8.0,2.73695,15.0,14.0,192.5,0.0,10.0,15.93,19.0,1067.0,787.78,547.0,0.0
1.0,3.0,3.0,0.549098,93.0,5.0,69.67,0.0,3.0,139.13,4.0,1068.0,788.76,559.0,0.0
1.0,1.0,1.0,0.0,9.0,6.0,88.0,0.0,1.0,0.0,1.0,1069.0,789.76,560.0,0.0
1.0,2.0,2.0,0.956889,23.0,14.0,235.5,0.0,3.0,1.88,12.5,1070.0,790.72,548.0,1.0
2.0,7.0,13.0,2.89502,229.0,59.0,181.92,1.0,10.0,3.19,16.23,1071.0,791.64,1110.0,1.0
1.0,1.0,1.0,0.0,8.0,0.0,423.0,0.0,1.0,6.72,2.0,832.0,577.94,277.0,0.0
1.0,1.0,1.0,0.0,2.0,1.0,158.0,0.0,4.0,4.79,15.0,833.0,578.9,278.0,0.0
2.0,10.0,12.0,2.91765,218.0,43.0,231.33,0.0,9.0,100.67,16.75,835.0,580.87,820.0,1.0
1.0,1.0,2.0,0.8453510000000001,10.0,1.0,289.5,0.0,4.0,0.0,6.0,837.0,582.86,282.0,0.0
2.0,2.0,2.0,0.988699,12.0,4.0,72.5,0.0,4.0,0.04,6.0,839.0,584.82,826.0,0.0
1.0,2.0,2.0,0.996445,95.0,19.0,90.5,0.0,6.0,58.58,11.0,1072.0,791.79,550.0,1.0
1.0,1.0,1.0,0.0,1.0,1.0,93.0,0.0,3.0,0.1,5.0,840.0,585.75,284.0,0.0
1.0,1.0,1.0,0.0,3.0,3.0,158.0,0.0,4.0,0.11,13.0,841.0,586.74,285.0,0.0
1.0,1.0,5.0,1.85983,76.0,15.0,58.2,0.0,3.0,76.64,3.4,1073.0,792.65,562.0,1.0
2.0,2.0,5.0,2.27082,46.0,12.0,214.4,0.0,8.0,2.46,22.6,843.0,588.68,832.0,1.0
2.0,26.0,35.0,4.57219,376.0,59.0,133.31,0.0,10.0,87.83,8.49,1075.0,794.1,1116.0,1.0
1.0,1.0,1.0,0.0,8.0,0.0,194.0,0.0,5.0,6.37,10.0,1247.0,570.54,622.0,0.0
1.0,1.0,1.0,0.0,4.0,0.0,137.0,0.0,5.0,4.76,10.0,73.0,51.75,28.0,0.0
1.0,1.0,1.0,0.0,2.0,2.0,141.0,0.0,5.0,0.01,11.0,74.0,52.75,29.0,0.0
1.0,1.0,1.0,0.0,7.0,1.0,258.0,0.0,2.0,13.43,9.0,61.0,53.82,53.0,0.0
1.0,1.0,1.0,0.0,7.0,1.0,267.0,0.0,1.0,13.88,7.0,62.0,54.82,54.0,0.0
1.0,6.0,9.0,2.50087,95.0,41.0,128.11,0.0,4.0,1.35,1.33,844.0,588.74,546.0,1.0
1.0,1.0,1.0,0.0,90.0,0.0,0.0,0.0,0.0,0.0,0.0,846.0,590.63,548.0,0.0
1.0,6.0,12.0,2.3236,399.0,130.0,248.58,0.0,8.0,21.67,12.25,1081.0,798.47,556.0,1.0
1.0,1.0,1.0,0.0,76.0,36.0,502.0,0.0,5.0,0.04,38.0,1082.0,799.41,557.0,1.0
1.0,1.0,1.0,0.0,1.0,1.0,54.0,0.0,2.0,28.94,3.0,1084.0,800.31,22.0,0.0
1.0,2.0,5.0,1.5144,46.0,22.0,62.6,0.0,4.0,3.85,3.2,1087.0,802.6,570.0,1.0
1.0,2.0,2.0,1.0,6.0,4.0,54.0,0.0,2.0,0.88,2.5,75.0,53.47,44.0,0.0
2.0,5.0,15.0,2.97037,119.0,256.0,124.47,0.0,8.0,29.31,7.8,1089.0,801.88,1133.0,1.0
1.0,1.0,1.0,0.0,1.0,1.0,54.0,0.0,3.0,36.58,3.0,1090.0,802.78,572.0,0.0
1.0,3.0,9.0,2.1530400000000003,364.0,190.0,291.22,0.0,6.0,91.66,12.33,1091.0,803.46,573.0,1.0
1.0,1.0,1.0,0.0,10.0,2.0,76.0,0.0,1.0,102.75,3.0,251.0,198.74,126.0,0.0
1.0,1.0,1.0,0.0,1.0,1.0,578.0,0.0,4.0,7.25,23.0,252.0,199.65,127.0,0.0
1.0,2.0,2.0,1.0,2.0,2.0,338.5,0.0,8.0,26.24,22.0,253.0,200.64,128.0,0.0
1.0,3.0,4.0,0.436392,63.0,0.0,67.0,0.0,5.0,6.48,7.0,76.0,54.32,45.0,0.0
2.0,2.0,2.0,0.672295,7.0,10.0,60.5,0.0,2.0,82.45,1.5,255.0,202.21,227.0,0.0
1.0,5.0,8.0,2.28302,190.0,21.0,149.25,1.0,6.0,23.58,7.5,1096.0,805.6,566.0,1.0
1.0,4.0,5.0,2.1867,5.0,6.0,68.0,0.0,6.0,4.88,3.0,848.0,586.67,549.0,0.0
1.0,1.0,1.0,0.0,11.0,2.0,228.0,0.0,3.0,14.43,6.0,849.0,587.61,550.0,1.0
1.0,4.0,5.0,1.24885,78.0,31.0,265.2,0.0,7.0,31.78,20.0,1098.0,807.28,568.0,1.0
1.0,1.0,2.0,1.0,10.0,0.0,302.5,0.0,8.0,10.37,28.5,1249.0,567.95,623.0,0.0
2.0,6.0,7.0,2.77206,14.0,10.0,219.29,0.0,6.0,0.08,16.86,1101.0,808.49,1149.0,1.0
1.0,1.0,1.0,0.0,19.0,5.0,34.0,0.0,3.0,40.29,4.0,850.0,586.57,551.0,0.0
1.0,3.0,3.0,0.905587,16.0,14.0,387.67,0.0,7.0,0.64,41.0,852.0,588.55,288.0,0.0
1.0,2.0,2.0,0.883223,58.0,5.0,400.0,0.0,7.0,186.19,18.5,854.0,590.52,290.0,0.0
1.0,3.0,3.0,1.58496,3.0,3.0,134.0,0.0,8.0,62.14,15.33,1102.0,808.28,580.0,0.0
1.0,1.0,1.0,0.0,1.0,1.0,1582.0,0.0,9.0,8.65,262.0,855.0,591.35,38.0,0.0
2.0,4.0,9.0,2.46361,235.0,168.0,98.78,1.0,7.0,201.29,4.89,1105.0,811.12,1154.0,1.0
1.0,1.0,1.0,0.0,2.0,0.0,31.0,0.0,5.0,13.99,12.0,32.0,18.78,17.0,0.0
1.0,1.0,1.0,0.0,2.0,1.0,30.0,0.0,4.0,92.2,10.0,1106.0,812.08,573.0,0.0
1.0,1.0,1.0,0.0,2.0,2.0,33.0,0.0,6.0,0.01,13.0,1107.0,813.08,574.0,0.0
1.0,1.0,1.0,0.0,1.0,1.0,59.0,0.0,1.0,3.49,1.0,77.0,54.92,46.0,0.0
1.0,4.0,4.0,1.50134,14.0,14.0,444.75,0.0,8.0,2.85,32.5,1108.0,813.92,575.0,0.0
1.0,2.0,2.0,0.721928,2.0,43.0,140.0,0.0,8.0,72.07,20.0,256.0,201.99,131.0,0.0
1.0,2.0,13.0,3.38495,449.0,42.0,223.08,0.0,7.0,12.43,9.77,1109.0,814.64,583.0,1.0
2.0,5.0,9.0,2.70211,395.0,37.0,377.78,0.0,8.0,3.01,18.89,1110.0,815.39,1160.0,1.0
1.0,6.0,16.0,3.1999,1742.0,27.0,81.69,1.0,9.0,22.01,7.69,63.0,54.79,55.0,1.0
1.0,2.0,3.0,1.57189,225.0,0.0,0.0,0.0,0.0,0.0,0.0,1111.0,814.95,23.0,0.0
1.0,1.0,5.0,1.63862,19.0,3.0,223.8,0.0,7.0,23.11,18.0,64.0,55.54,56.0,0.0
1.0,2.0,3.0,0.93824,0.0,58.0,496.67,0.0,7.0,0.01,47.67,66.0,57.54,9.0,0.0
1.0,1.0,4.0,1.83393,7.0,6.0,217.75,0.0,6.0,53.1,15.5,67.0,58.53,57.0,1.0
1.0,1.0,1.0,0.0,2.0,2.0,48.0,0.0,4.0,0.4,12.0,68.0,59.48,58.0,0.0
1.0,1.0,1.0,0.0,2.0,2.0,51.0,0.0,4.0,0.44,13.0,69.0,60.48,59.0,0.0
3.0,15.0,22.0,3.89409,748.0,145.0,200.91,0.0,11.0,24.94,15.68,1112.0,813.08,1186.0,1.0
1.0,1.0,1.0,0.0,12.0,0.0,581.0,0.0,8.0,11.13,71.0,1113.0,814.05,586.0,0.0
2.0,5.0,7.0,2.57187,56.0,10.0,412.29,0.0,10.0,0.03,28.0,1114.0,815.04,1165.0,1.0
1.0,3.0,3.0,1.23616,9.0,11.0,89.33,0.0,4.0,113.43,5.0,1115.0,815.97,588.0,0.0
2.0,9.0,13.0,2.78136,240.0,61.0,80.62,0.0,7.0,36.6,5.31,1116.0,816.78,1168.0,1.0
1.0,2.0,6.0,2.10182,206.0,26.0,492.5,0.0,6.0,5.42,20.67,1117.0,817.61,590.0,1.0
1.0,1.0,1.0,0.0,1.0,0.0,93.0,0.0,2.0,32.25,5.0,70.0,61.34,60.0,0.0
1.0,2.0,3.0,1.02112,6.0,19.0,156.33,0.0,6.0,32.18,18.33,71.0,62.33,61.0,0.0
1.0,2.0,3.0,0.813679,109.0,5.0,232.0,1.0,6.0,0.57,21.67,1120.0,819.14,593.0,0.0
1.0,1.0,1.0,0.0,2.0,3.0,446.0,1.0,6.0,0.07,46.0,1122.0,821.02,595.0,0.0
1.0,4.0,5.0,1.14722,119.0,0.0,54.4,0.0,5.0,4.6,5.8,78.0,55.45,47.0,0.0
1.0,1.0,1.0,0.0,6.0,3.0,147.0,0.0,2.0,20.87,3.0,858.0,589.34,555.0,0.0
1.0,2.0,2.0,0.970951,5.0,5.0,90.5,0.0,2.0,10.53,2.5,859.0,590.22,556.0,0.0
1.0,2.0,2.0,0.721928,14.0,6.0,100.0,0.0,1.0,45.77,1.5,860.0,591.22,557.0,0.0
1.0,1.0,2.0,0.995727,11.0,2.0,78.5,0.0,4.0,9.95,6.5,861.0,592.21,558.0,1.0
1.0,1.0,2.0,0.997503,13.0,4.0,91.0,0.0,4.0,40.89,5.0,862.0,593.19,559.0,1.0
1.0,2.0,3.0,1.43921,205.0,0.0,0.0,0.0,0.0,0.0,0.0,863.0,593.3,560.0,0.0
1.0,2.0,2.0,0.561753,36.0,2.0,476.5,0.0,8.0,82.48,16.5,864.0,594.29,21.0,0.0
2.0,15.0,32.0,3.44297,1703.0,85.0,153.41,1.0,11.0,46.86,9.28,72.0,63.03,72.0,1.0
1.0,1.0,1.0,0.0,11.0,0.0,121.0,0.0,1.0,0.06,1.0,73.0,64.02,63.0,0.0
1.0,1.0,1.0,0.0,19.0,8.0,97.0,1.0,1.0,15.82,1.0,1126.0,821.88,597.0,0.0
1.0,1.0,1.0,0.0,2.0,3.0,251.0,0.0,6.0,66.9,40.0,866.0,595.27,562.0,0.0
3.0,9.0,15.0,3.0779400000000003,632.0,7.0,80.27,0.0,8.0,12.15,3.73,867.0,596.26,655.0,1.0
1.0,1.0,1.0,0.0,0.0,2.0,890.0,0.0,7.0,0.0,24.0,868.0,597.26,23.0,0.0
1.0,1.0,1.0,0.0,2.0,1.0,856.0,0.0,7.0,21.06,22.0,869.0,598.25,24.0,0.0
1.0,1.0,2.0,0.970951,13.0,7.0,367.0,1.0,5.0,96.66,24.5,1133.0,828.41,599.0,1.0
1.0,1.0,1.0,0.0,97.0,0.0,0.0,0.0,0.0,0.0,0.0,1134.0,829.38,600.0,0.0
1.0,1.0,1.0,0.0,5.0,2.0,551.0,0.0,5.0,0.17,46.0,1135.0,830.26,589.0,0.0
1.0,1.0,1.0,0.0,5.0,2.0,499.0,0.0,5.0,0.16,36.0,1136.0,831.25,590.0,0.0
1.0,2.0,3.0,1.57775,234.0,0.0,0.0,0.0,0.0,0.0,0.0,1137.0,832.17,25.0,0.0
1.0,2.0,2.0,0.866301,177.0,0.0,0.0,0.0,0.0,0.0,0.0,74.0,64.87,64.0,0.0
1.0,2.0,2.0,0.895272,186.0,0.0,0.0,0.0,0.0,0.0,0.0,75.0,65.87,65.0,0.0
1.0,1.0,1.0,0.0,3.0,0.0,112.0,0.0,5.0,6.99,13.0,1138.0,832.16,601.0,1.0
1.0,1.0,1.0,0.0,5.0,0.0,112.0,0.0,4.0,6.97,12.0,1139.0,833.15,602.0,1.0
1.0,1.0,1.0,0.0,5.0,3.0,115.0,1.0,5.0,0.01,14.0,1140.0,834.15,603.0,1.0
1.0,1.0,1.0,0.0,15.0,7.0,440.0,1.0,7.0,0.77,49.0,1141.0,835.11,604.0,0.0
1.0,3.0,3.0,1.44775,152.0,0.0,346.33,0.0,6.0,79.83,9.33,1142.0,836.06,591.0,0.0
2.0,4.0,4.0,1.57946,59.0,1.0,149.0,0.0,3.0,80.68,5.0,1143.0,836.98,1197.0,1.0
1.0,1.0,1.0,0.0,1.0,1.0,448.0,1.0,7.0,0.08,50.0,1144.0,837.97,606.0,0.0
1.0,3.0,5.0,1.59202,93.0,0.0,55.2,0.0,5.0,1.85,6.0,79.0,56.1,48.0,0.0
1.0,1.0,1.0,0.0,8.0,5.0,51.0,0.0,1.0,0.8,1.0,76.0,66.74,66.0,0.0
0.0,0.0,0.0,0.0,0.0,0.0,0.0,0.0,0.0,0.0,0.0,870.0,597.16,0.0,0.0
1.0,1.0,1.0,0.0,10.0,9.0,58.0,0.0,1.0,1.0,1.0,871.0,598.14,564.0,0.0
1.0,1.0,1.0,0.0,2.0,2.0,77.0,1.0,3.0,398.24,4.0,1147.0,839.11,609.0,0.0
2.0,13.0,22.0,3.68017,1046.0,74.0,143.27,0.0,11.0,74.2,12.41,1148.0,838.45,1204.0,1.0
2.0,5.0,5.0,1.75255,136.0,3.0,99.6,0.0,8.0,45.25,6.4,1152.0,840.68,1210.0,0.0
2.0,4.0,4.0,1.66918,10.0,16.0,472.0,0.0,9.0,22.71,63.25,872.0,596.24,604.0,0.0
1.0,1.0,1.0,0.0,11.0,7.0,108.0,0.0,1.0,4.34,2.0,1155.0,843.3,616.0,0.0
1.0,3.0,3.0,0.470956,75.0,1.0,98.67,0.0,6.0,40.09,12.67,1156.0,844.28,598.0,1.0
1.0,3.0,3.0,0.470956,75.0,1.0,104.67,0.0,5.0,92.43,10.33,1157.0,845.2,599.0,1.0
1.0,1.0,1.0,0.0,3.0,3.0,137.0,1.0,4.0,32.49,13.0,874.0,596.35,567.0,0.0
2.0,8.0,16.0,3.35882,466.0,153.0,153.63,0.0,8.0,16.21,7.94,1158.0,843.16,1217.0,1.0
2.0,7.0,12.0,2.6840900000000003,226.0,55.0,104.25,0.0,8.0,9.41,7.25,1160.0,844.89,1220.0,1.0
1.0,2.0,5.0,1.58585,265.0,22.0,205.4,1.0,7.0,71.71,10.4,876.0,597.85,569.0,1.0
1.0,2.0,5.0,1.58585,265.0,22.0,205.0,1.0,5.0,172.82,9.2,877.0,598.83,570.0,1.0
1.0,1.0,1.0,0.0,21.0,62.0,148.0,0.0,1.0,0.04,1.0,878.0,599.81,571.0,0.0
1.0,1.0,1.0,0.0,21.0,62.0,148.0,0.0,1.0,0.02,1.0,879.0,600.8,572.0,0.0
1.0,2.0,2.0,0.742488,7.0,12.0,269.0,0.0,5.0,0.04,19.0,880.0,601.78,573.0,0.0
1.0,1.0,1.0,0.0,2.0,1.0,296.0,0.0,5.0,21.42,27.0,258.0,198.66,133.0,0.0
1.0,1.0,1.0,0.0,2.0,2.0,214.0,0.0,6.0,41.21,20.0,259.0,199.66,98.0,0.0
1.0,1.0,1.0,0.0,1.0,1.0,297.0,0.0,6.0,0.01,28.0,260.0,200.66,134.0,0.0
1.0,2.0,3.0,1.51565,13.0,11.0,187.33,0.0,5.0,0.46,13.33,1164.0,847.62,621.0,0.0
1.0,1.0,1.0,0.0,1.0,1.0,469.0,1.0,7.0,39.8,48.0,882.0,603.03,291.0,0.0
1.0,1.0,10.0,3.13042,16.0,17.0,73.6,0.0,5.0,124.75,3.5,1165.0,848.41,622.0,0.0
1.0,2.0,4.0,1.44764,143.0,38.0,151.0,0.0,8.0,23.67,18.5,1168.0,851.05,625.0,1.0
1.0,2.0,4.0,1.78993,11.0,11.0,177.25,1.0,8.0,0.07,18.75,1169.0,851.93,626.0,0.0
1.0,2.0,2.0,0.522559,15.0,2.0,36.0,1.0,3.0,322.57,4.5,1172.0,853.85,629.0,0.0
1.0,1.0,1.0,0.0,9.0,1.0,187.0,0.0,6.0,1.07,19.0,886.0,605.74,294.0,0.0
1.0,1.0,1.0,0.0,9.0,1.0,159.0,0.0,6.0,1.07,14.0,887.0,606.73,295.0,0.0
1.0,2.0,2.0,0.543564,15.0,1.0,69.0,1.0,2.0,64.3,1.5,888.0,607.68,575.0,0.0
1.0,2.0,2.0,0.543564,15.0,1.0,69.0,1.0,1.0,76.04,1.0,889.0,608.67,576.0,0.0
1.0,1.0,1.0,0.0,1.0,1.0,124.0,0.0,5.0,121.3,18.0,890.0,609.62,296.0,0.0
1.0,4.0,10.0,3.00824,486.0,10.0,45.5,0.0,7.0,1.81,3.5,1177.0,858.38,607.0,1.0
1.0,5.0,7.0,2.60317,35.0,8.0,54.0,0.0,5.0,132.96,4.86,1179.0,858.76,609.0,1.0
1.0,1.0,1.0,0.0,3.0,2.0,297.0,0.0,4.0,11.8,22.0,1180.0,859.76,632.0,0.0
2.0,9.0,13.0,3.0228200000000003,793.0,207.0,70.23,0.0,5.0,3.69,4.69,1181.0,860.24,659.0,1.0
1.0,2.0,3.0,1.11836,139.0,3.0,43.67,0.0,3.0,68.64,2.67,1186.0,861.79,637.0,0.0
1.0,1.0,1.0,0.0,0.0,8.0,102.0,0.0,3.0,14.81,6.0,1190.0,864.72,641.0,0.0
1.0,3.0,4.0,1.12009,76.0,65.0,336.75,1.0,7.0,20.79,33.25,233.0,142.11,112.0,1.0
2.0,6.0,12.0,3.09072,254.0,9.0,251.42,1.0,9.0,78.02,17.33,1191.0,865.66,1254.0,1.0
2.0,4.0,5.0,1.7618900000000002,216.0,3.0,163.8,1.0,8.0,0.14,20.2,1192.0,866.57,1256.0,1.0
1.0,1.0,1.0,0.0,1.0,1.0,1043.0,1.0,7.0,0.09,121.0,892.0,607.02,297.0,0.0
1.0,1.0,1.0,0.0,0.0,12.0,1582.0,0.0,9.0,18.57,263.0,80.0,55.83,3.0,0.0
1.0,1.0,1.0,0.0,1.0,14.0,1576.0,0.0,9.0,8.28,241.0,81.0,56.83,4.0,0.0
1.0,1.0,1.0,0.0,10.0,0.0,99.0,0.0,6.0,126.33,14.0,234.0,142.89,142.0,0.0
1.0,2.0,3.0,0.8819889999999999,72.0,51.0,361.67,1.0,7.0,20.42,34.67,894.0,608.07,299.0,1.0
1.0,1.0,1.0,0.0,2.0,2.0,81.0,0.0,2.0,0.91,3.0,895.0,609.05,300.0,0.0
1.0,1.0,1.0,0.0,2.0,2.0,80.0,0.0,2.0,0.02,2.0,896.0,610.04,301.0,0.0
2.0,5.0,5.0,1.84757,117.0,6.0,148.4,0.0,8.0,7.08,18.6,897.0,610.0,880.0,1.0
2.0,5.0,5.0,1.88627,120.0,7.0,147.2,0.0,8.0,145.9,15.4,898.0,610.97,882.0,1.0
1.0,8.0,9.0,1.97677,239.0,12.0,186.33,1.0,9.0,20.76,11.78,1196.0,865.17,614.0,1.0
1.0,1.0,1.0,0.0,10.0,0.0,99.0,0.0,6.0,54.0,15.0,235.0,142.51,143.0,0.0
1.0,2.0,2.0,0.510788,26.0,18.0,93.0,1.0,3.0,2.52,5.5,1198.0,860.12,648.0,0.0
1.0,1.0,3.0,1.09543,122.0,1.0,26.0,1.0,2.0,3.06,0.67,1199.0,861.07,649.0,0.0
1.0,1.0,1.0,0.0,7.0,3.0,335.0,0.0,2.0,36.0,21.0,1200.0,862.05,650.0,0.0
1.0,1.0,1.0,0.0,3.0,1.0,297.0,0.0,6.0,12.56,29.0,1201.0,863.04,651.0,0.0
1.0,1.0,1.0,0.0,1.0,1.0,1570.0,0.0,9.0,6.65,264.0,1202.0,863.79,51.0,0.0
2.0,3.0,3.0,1.57262,3.0,8.0,603.0,0.0,9.0,115.11,90.33,1203.0,864.71,704.0,0.0
1.0,1.0,1.0,0.0,1.0,1.0,1570.0,0.0,9.0,0.07,266.0,1259.0,556.79,118.0,0.0
2.0,19.0,43.0,4.43912,307.0,247.0,146.07,1.0,9.0,30.4,9.88,1204.0,864.21,1269.0,1.0
1.0,4.0,15.0,3.60772,216.0,2.0,44.0,0.0,6.0,187.61,2.0,1206.0,865.95,655.0,0.0
4.0,10.0,16.0,3.28515,214.0,56.0,346.19,1.0,10.0,25.88,30.13,1207.0,866.83,1342.0,1.0
1.0,7.0,7.0,2.72824,26.0,28.0,188.0,1.0,9.0,26.72,16.0,1208.0,866.54,618.0,1.0
1.0,4.0,4.0,1.91804,13.0,16.0,246.0,0.0,7.0,117.08,16.5,1209.0,867.51,619.0,0.0
1.0,1.0,1.0,0.0,1.0,1.0,41.0,0.0,1.0,27.97,13.0,1260.0,556.41,558.0,0.0
1.0,1.0,1.0,0.0,1.0,1.0,578.0,0.0,4.0,30.66,24.0,1261.0,557.4,559.0,0.0
2.0,4.0,4.0,1.21211,206.0,0.0,85.75,0.0,7.0,52.57,19.0,1262.0,558.25,640.0,0.0
1.0,1.0,1.0,0.0,120.0,51.0,228.0,1.0,6.0,121.54,18.0,78.0,65.63,12.0,1.0
1.0,2.0,2.0,0.950567,66.0,7.0,156.5,1.0,6.0,22.9,7.5,79.0,66.62,13.0,0.0
1.0,2.0,2.0,0.950567,66.0,7.0,161.5,1.0,5.0,100.47,5.0,80.0,67.61,14.0,0.0
1.0,1.0,1.0,0.0,2.0,6.0,326.0,1.0,6.0,0.14,22.0,81.0,68.61,15.0,0.0
1.0,1.0,1.0,0.0,2.0,6.0,297.0,1.0,6.0,0.14,19.0,82.0,69.61,16.0,0.0
1.0,1.0,1.0,0.0,4.0,10.0,322.0,1.0,6.0,0.21,23.0,83.0,70.58,17.0,0.0
1.0,1.0,1.0,0.0,4.0,10.0,293.0,1.0,6.0,0.2,20.0,84.0,71.58,18.0,0.0
1.0,1.0,1.0,0.0,0.0,1.0,182.0,0.0,3.0,143.51,7.0,1210.0,866.76,620.0,0.0
1.0,2.0,2.0,0.999526,35.0,4.0,103.0,0.0,1.0,0.71,1.0,1264.0,559.71,17.0,0.0
1.0,1.0,1.0,0.0,50.0,53.0,109.0,0.0,1.0,0.0,3.0,1265.0,560.71,18.0,0.0
1.0,1.0,1.0,0.0,23.0,1.0,145.0,0.0,4.0,42.02,10.0,1211.0,867.68,621.0,0.0
1.0,1.0,1.0,0.0,2.0,0.0,128.0,0.0,1.0,0.01,2.0,1212.0,868.67,29.0,0.0
1.0,1.0,1.0,0.0,1.0,5.0,106.0,0.0,1.0,0.03,4.0,1266.0,561.69,19.0,0.0
2.0,12.0,32.0,3.82005,535.0,106.0,112.75,1.0,7.0,22.21,4.75,1213.0,869.63,1279.0,1.0
1.0,1.0,1.0,0.0,1.0,2.0,102.0,0.0,1.0,0.02,5.0,1267.0,562.68,20.0,0.0
1.0,1.0,1.0,0.0,1.0,1.0,1573.0,0.0,9.0,0.01,269.0,1214.0,870.28,54.0,0.0
1.0,1.0,1.0,0.0,1.0,1.0,152.0,0.0,4.0,213.44,19.0,1215.0,871.26,658.0,0.0
2.0,31.0,43.0,5.2186900000000005,107.0,128.0,170.7,0.0,9.0,76.35,7.95,1216.0,872.25,1282.0,1.0
1.0,1.0,2.0,0.918296,3.0,3.0,85.5,0.0,4.0,30.73,13.0,1218.0,874.17,661.0,0.0
1.0,2.0,2.0,0.606448,52.0,22.0,225.0,0.0,1.0,0.16,0.5,83.0,57.7,1.0,0.0
1.0,2.0,2.0,0.991898,166.0,4.0,523.5,0.0,8.0,22.85,34.5,1221.0,875.82,625.0,1.0
2.0,7.0,13.0,3.21861,581.0,41.0,103.31,0.0,9.0,10.32,7.54,1227.0,879.68,1294.0,1.0
1.0,1.0,1.0,0.0,2.0,2.0,81.0,0.0,4.0,2.43,17.0,899.0,599.11,304.0,0.0
1.0,2.0,2.0,0.905928,26.0,2.0,580.0,1.0,7.0,13.24,63.5,900.0,600.01,305.0,1.0
1.0,2.0,2.0,0.970951,5.0,5.0,83.0,0.0,2.0,55.1,1.5,1228.0,879.59,668.0,0.0
1.0,2.0,2.0,0.979869,27.0,9.0,85.0,0.0,3.0,406.04,2.5,1229.0,880.48,669.0,0.0
1.0,1.0,1.0,0.0,2.0,1.0,68.0,0.0,2.0,218.11,2.0,1230.0,881.48,670.0,0.0
1.0,2.0,2.0,0.99718,25.0,7.0,85.0,0.0,3.0,406.04,2.5,1231.0,882.47,671.0,0.0
1.0,1.0,1.0,0.0,3.0,3.0,116.0,0.0,1.0,64.79,3.0,1232.0,883.47,628.0,0.0
1.0,1.0,1.0,0.0,8.0,6.0,68.0,0.0,3.0,391.64,11.0,1233.0,884.46,629.0,0.0
1.0,1.0,1.0,0.0,8.0,6.0,68.0,0.0,3.0,391.64,11.0,1234.0,885.46,630.0,0.0
1.0,1.0,1.0,0.0,15.0,0.0,67.0,0.0,1.0,2.54,2.0,85.0,59.4,3.0,0.0
1.0,1.0,1.0,0.0,15.0,0.0,67.0,0.0,1.0,2.49,1.0,86.0,60.4,4.0,0.0
1.0,1.0,1.0,0.0,1.0,1.0,37.0,0.0,1.0,275.54,1.0,1235.0,886.39,631.0,0.0
1.0,1.0,1.0,0.0,1.0,1.0,37.0,0.0,1.0,275.54,1.0,1236.0,887.38,632.0,0.0
2.0,3.0,3.0,1.14532,80.0,1.0,30.0,0.0,1.0,0.0,0.67,1239.0,890.29,1308.0,0.0
1.0,3.0,4.0,1.93579,24.0,15.0,328.5,1.0,8.0,2.65,33.75,901.0,600.68,306.0,0.0
1.0,1.0,5.0,2.06346,7.0,8.0,94.2,0.0,1.0,17.19,1.0,902.0,601.68,38.0,0.0
1.0,1.0,1.0,0.0,13.0,0.0,82.0,0.0,1.0,0.26,3.0,87.0,61.37,5.0,0.0
1.0,1.0,1.0,0.0,13.0,0.0,82.0,0.0,1.0,0.26,2.0,88.0,62.37,6.0,0.0
1.0,1.0,1.0,0.0,69.0,0.0,0.0,0.0,0.0,0.0,0.0,1241.0,890.46,637.0,0.0
1.0,1.0,1.0,0.0,35.0,11.0,69.0,0.0,1.0,0.02,1.0,1242.0,891.42,638.0,0.0
1.0,1.0,1.0,0.0,2.0,2.0,91.0,0.0,2.0,1.92,3.0,904.0,601.46,39.0,0.0
1.0,2.0,5.0,1.40931,128.0,5.0,31.2,0.0,3.0,78.52,1.2,905.0,602.46,40.0,0.0
1.0,2.0,5.0,1.40931,128.0,5.0,31.6,0.0,2.0,130.7,0.8,907.0,604.42,41.0,0.0
2.0,2.0,2.0,0.117595,63.0,63.0,85.0,0.0,2.0,70.16,1.5,909.0,606.38,889.0,0.0
0.0,0.0,0.0,0.0,0.0,0.0,0.0,0.0,0.0,0.0,0.0,910.0,607.37,0.0,0.0
0.0,0.0,0.0,0.0,0.0,0.0,0.0,0.0,0.0,0.0,0.0,911.0,608.36,0.0,0.0
1.0,1.0,1.0,0.0,1.0,1.0,115.0,0.0,4.0,173.22,8.0,236.0,141.21,144.0,0.0
1.0,1.0,2.0,0.309543,18.0,0.0,1036.0,0.0,9.0,232.04,54.0,1244.0,890.1,640.0,0.0
1.0,2.0,2.0,0.650022,14.0,10.0,142.5,0.0,3.0,1.66,4.5,912.0,608.44,42.0,0.0
1.0,1.0,1.0,0.0,16.0,14.0,70.0,1.0,3.0,318.11,5.0,913.0,609.34,309.0,1.0
2.0,15.0,33.0,4.11276,701.0,483.0,199.24,0.0,10.0,37.99,11.36,1245.0,889.12,1317.0,1.0
1.0,5.0,8.0,2.15227,43.0,188.0,384.13,0.0,9.0,4.04,22.88,1246.0,890.03,642.0,1.0
1.0,3.0,9.0,2.09404,66.0,78.0,331.44,0.0,9.0,29.31,21.67,1247.0,890.8,643.0,1.0
0.0,0.0,0.0,0.0,0.0,0.0,0.0,0.0,0.0,0.0,0.0,917.0,611.91,0.0,0.0
1.0,2.0,2.0,0.8112779999999999,5.0,3.0,213.0,0.0,7.0,11.68,31.0,1249.0,892.66,645.0,0.0
3.0,3.0,3.0,1.53013,12.0,3.0,55.67,0.0,4.0,1.19,3.0,920.0,614.86,940.0,0.0
1.0,2.0,2.0,0.498675,71.0,2.0,247.5,0.0,1.0,6.92,1.0,90.0,63.84,7.0,0.0
1.0,1.0,1.0,0.0,1.0,1.0,1573.0,0.0,9.0,7.07,270.0,1268.0,558.16,119.0,0.0
1.0,1.0,1.0,0.0,12.0,0.0,474.0,0.0,1.0,2.27,3.0,91.0,64.54,8.0,0.0
3.0,14.0,22.0,3.77996,998.0,11.0,229.14,0.0,10.0,10.08,19.09,1254.0,892.19,1362.0,1.0
1.0,1.0,2.0,0.566509,56.0,4.0,75.5,0.0,1.0,0.01,0.5,1255.0,893.16,650.0,0.0
3.0,8.0,11.0,3.13742,37.0,40.0,194.09,0.0,8.0,0.16,20.73,1258.0,895.9,1369.0,0.0
1.0,1.0,1.0,0.0,7.0,20.0,288.0,1.0,6.0,73.57,23.0,1261.0,897.95,656.0,0.0
1.0,2.0,3.0,1.39849,166.0,0.0,64.0,0.0,5.0,18.53,10.33,1263.0,899.88,685.0,0.0
1.0,1.0,1.0,0.0,2.0,4.0,225.0,0.0,7.0,0.01,35.0,1264.0,900.88,686.0,0.0
0.0,0.0,0.0,0.0,0.0,0.0,0.0,0.0,0.0,0.0,0.0,92.0,65.35,0.0,0.0
1.0,2.0,2.0,0.918296,4.0,2.0,37.0,0.0,4.0,340.46,3.0,1266.0,902.64,658.0,0.0
2.0,3.0,3.0,1.06974,508.0,383.0,686.33,0.0,9.0,1.82,91.33,93.0,66.32,16.0,0.0
2.0,3.0,3.0,1.06332,508.0,317.0,661.33,0.0,9.0,7.14,81.0,94.0,67.32,18.0,0.0
1.0,2.0,2.0,0.650022,6.0,0.0,304.0,0.0,1.0,0.03,2.5,96.0,69.32,12.0,0.0
1.0,2.0,2.0,0.8812909999999999,15.0,15.0,144.0,0.0,4.0,2.76,6.0,922.0,612.14,45.0,0.0
1.0,1.0,1.0,0.0,7.0,2.0,126.0,0.0,3.0,7.23,8.0,1267.0,903.28,687.0,0.0
1.0,1.0,1.0,0.0,7.0,3.0,283.0,1.0,6.0,0.44,29.0,1268.0,904.14,659.0,0.0
1.0,1.0,1.0,0.0,7.0,3.0,275.0,1.0,6.0,0.44,24.0,1269.0,905.14,660.0,0.0
1.0,1.0,1.0,0.0,74.0,0.0,0.0,0.0,0.0,0.0,0.0,1271.0,906.15,689.0,0.0
1.0,2.0,5.0,1.97566,58.0,17.0,107.6,0.0,6.0,168.67,8.0,1272.0,907.01,690.0,1.0
1.0,2.0,5.0,2.12223,60.0,23.0,103.4,0.0,2.0,565.66,4.6,1273.0,907.99,691.0,0.0
1.0,3.0,10.0,2.46085,486.0,162.0,75.6,1.0,3.0,28.36,1.2,239.0,142.52,147.0,1.0
1.0,1.0,1.0,0.0,2.0,5.0,88.0,1.0,1.0,0.02,2.0,241.0,144.5,149.0,0.0
1.0,2.0,2.0,0.94566,4.0,7.0,47.0,1.0,1.0,0.11,0.5,242.0,145.5,150.0,0.0
1.0,2.0,2.0,1.0,4.0,4.0,45.5,1.0,1.0,0.04,1.5,243.0,146.5,151.0,0.0
1.0,1.0,1.0,0.0,46.0,0.0,0.0,0.0,0.0,0.0,0.0,1274.0,906.99,662.0,0.0
1.0,3.0,3.0,1.37878,4.0,3.0,339.0,0.0,8.0,4.83,34.0,925.0,612.89,588.0,0.0
1.0,4.0,8.0,2.62026,327.0,57.0,36.0,0.0,4.0,0.49,1.63,926.0,613.88,46.0,1.0
1.0,1.0,1.0,0.0,6.0,2.0,320.0,0.0,8.0,205.68,38.0,927.0,614.87,314.0,0.0
1.0,1.0,2.0,0.8571479999999999,4.0,28.0,87.0,0.0,3.0,0.07,6.0,928.0,615.79,47.0,0.0
1.0,2.0,2.0,0.8631209999999999,1.0,6.0,116.0,0.0,7.0,50.05,13.5,244.0,147.29,152.0,0.0
1.0,2.0,2.0,1.0,2.0,2.0,117.5,0.0,1.0,6.12,2.5,245.0,148.29,0.0,0.0
1.0,1.0,1.0,0.0,81.0,0.0,0.0,0.0,0.0,0.0,0.0,1275.0,906.18,692.0,0.0
2.0,2.0,2.0,0.991076,5.0,4.0,283.5,0.0,2.0,1.8,2.0,929.0,615.89,48.0,0.0
1.0,13.0,33.0,4.11045,237.0,632.0,168.85,0.0,10.0,55.85,11.06,1276.0,907.04,663.0,1.0
1.0,2.0,2.0,1.0,2.0,2.0,227.5,0.0,6.0,0.0,38.5,1278.0,908.78,665.0,0.0
1.0,1.0,1.0,0.0,1.0,1.0,93.0,0.0,1.0,69.99,1.0,246.0,149.02,153.0,0.0
2.0,16.0,49.0,4.82408,185.0,241.0,139.76,0.0,10.0,77.96,8.06,1279.0,909.47,1360.0,1.0
2.0,6.0,9.0,2.66577,228.0,49.0,296.89,0.0,9.0,0.41,26.0,1280.0,910.42,1362.0,1.0
1.0,2.0,4.0,1.90657,190.0,0.0,0.0,0.0,0.0,0.0,0.0,930.0,615.77,49.0,0.0
2.0,13.0,21.0,3.27121,378.0,21.0,235.19,0.0,10.0,5.69,18.43,1281.0,910.32,1364.0,1.0
1.0,1.0,1.0,0.0,6.0,1.0,58.0,0.0,4.0,4.86,5.0,932.0,616.67,315.0,0.0
1.0,1.0,1.0,0.0,2.0,0.0,52.0,0.0,1.0,0.0,1.0,1283.0,910.38,670.0,0.0
1.0,1.0,1.0,0.0,2.0,2.0,185.0,0.0,4.0,2.88,8.0,933.0,617.49,51.0,0.0
1.0,2.0,3.0,1.47068,44.0,39.0,786.33,0.0,9.0,1.75,55.33,1285.0,910.59,672.0,0.0
1.0,2.0,2.0,0.428811,21.0,36.0,141.0,0.0,4.0,1.99,5.5,934.0,617.35,52.0,0.0
2.0,8.0,12.0,2.93359,368.0,58.0,240.08,0.0,9.0,3.78,21.08,1287.0,912.22,1374.0,1.0
1.0,5.0,9.0,1.97001,124.0,2.0,266.11,0.0,9.0,0.39,24.89,1288.0,913.18,675.0,0.0
1.0,1.0,1.0,0.0,24.0,16.0,71.0,1.0,2.0,175.22,4.0,1289.0,914.17,701.0,0.0
1.0,1.0,1.0,0.0,8.0,13.0,79.0,1.0,3.0,0.01,5.0,1290.0,915.15,702.0,0.0
1.0,1.0,1.0,0.0,21.0,14.0,72.0,1.0,2.0,234.12,3.0,1291.0,916.14,703.0,0.0
2.0,5.0,6.0,2.21349,102.0,51.0,542.0,0.0,10.0,30.93,41.33,1293.0,917.96,1381.0,1.0
1.0,1.0,1.0,0.0,6.0,1.0,868.0,0.0,6.0,61.09,66.0,1294.0,918.95,678.0,0.0
1.0,1.0,1.0,0.0,8.0,11.0,220.0,0.0,4.0,4.9,10.0,1296.0,919.63,705.0,0.0
1.0,2.0,3.0,1.23064,23.0,43.0,196.33,0.0,8.0,130.3,7.0,1298.0,921.6,707.0,0.0
1.0,1.0,3.0,1.14115,10.0,10.0,122.33,0.0,3.0,67.96,1.67,1302.0,925.52,711.0,0.0
1.0,2.0,2.0,0.995727,7.0,19.0,121.0,0.0,1.0,11.05,4.0,98.0,70.28,14.0,0.0
1.0,2.0,2.0,0.840359,24.0,2.0,225.0,1.0,6.0,2.46,20.5,938.0,619.17,593.0,0.0
1.0,2.0,2.0,0.602431,30.0,4.0,130.5,1.0,4.0,21.08,4.0,939.0,620.17,594.0,1.0
1.0,2.0,3.0,1.35088,22.0,18.0,76.33,0.0,3.0,4.52,2.67,940.0,621.15,595.0,0.0
2.0,2.0,2.0,0.943602,28.0,8.0,167.5,1.0,5.0,70.64,21.0,941.0,622.08,912.0,1.0
2.0,23.0,47.0,4.46341,740.0,1847.0,190.66,0.0,11.0,63.02,11.74,1303.0,924.93,1392.0,1.0
3.0,13.0,23.0,3.1404,387.0,329.0,162.17,0.0,10.0,30.56,11.3,1304.0,925.52,1448.0,1.0
2.0,7.0,10.0,2.53957,114.0,74.0,196.2,0.0,11.0,12.65,17.1,1305.0,926.36,1396.0,1.0
1.0,1.0,2.0,0.989993,26.0,8.0,289.0,0.0,9.0,0.57,42.5,1308.0,928.22,684.0,0.0
1.0,9.0,21.0,3.76806,1199.0,0.0,0.0,0.0,0.0,0.0,0.0,942.0,621.98,597.0,0.0
1.0,12.0,23.0,3.71001,1251.0,34.0,205.48,0.0,10.0,4.52,17.0,1309.0,928.76,685.0,1.0
1.0,1.0,1.0,0.0,7.0,3.0,344.0,1.0,2.0,7.17,3.0,1310.0,929.37,717.0,0.0
2.0,10.0,29.0,4.48548,728.0,151.0,214.69,0.0,11.0,7.18,12.93,1311.0,929.22,1404.0,1.0
2.0,5.0,10.0,2.61817,66.0,26.0,284.1,0.0,9.0,0.09,16.8,1312.0,930.2,1406.0,1.0
1.0,4.0,4.0,1.40121,2.0,293.0,192.0,0.0,7.0,156.41,14.0,1315.0,933.1,690.0,0.0
2.0,9.0,12.0,2.97689,23.0,20.0,304.92,0.0,11.0,42.55,15.25,1316.0,934.06,1413.0,1.0
1.0,2.0,2.0,0.286397,15.0,5.0,82.5,0.0,4.0,1.01,7.5,945.0,623.63,600.0,0.0
1.0,1.0,1.0,0.0,1.0,1.0,18.0,0.0,1.0,1.3,1.0,947.0,625.43,602.0,0.0
1.0,3.0,3.0,1.5,6.0,2.0,47.0,0.0,1.0,0.73,1.0,948.0,626.4,603.0,0.0
1.0,2.0,2.0,0.8112779999999999,3.0,5.0,63.5,0.0,1.0,0.01,1.5,949.0,627.39,604.0,0.0
1.0,3.0,6.0,2.32482,27.0,15.0,59.33,0.0,1.0,0.36,0.5,950.0,628.33,605.0,0.0
1.0,4.0,4.0,1.75272,7.0,2.0,25.75,0.0,7.0,156.31,5.25,247.0,148.2,154.0,0.0
2.0,3.0,3.0,0.376465,85.0,1.0,188.33,0.0,7.0,42.14,14.67,1320.0,937.47,728.0,0.0
1.0,3.0,5.0,1.51212,99.0,1.0,55.4,0.0,5.0,1.53,6.8,99.0,70.8,51.0,0.0
2.0,5.0,5.0,2.13132,29.0,29.0,458.0,0.0,7.0,1.5,13.8,1321.0,937.11,730.0,0.0
1.0,1.0,1.0,0.0,61.0,0.0,0.0,0.0,0.0,0.0,0.0,953.0,630.31,318.0,0.0
1.0,1.0,1.0,0.0,1.0,1.0,408.0,0.0,7.0,1.19,68.0,954.0,631.31,319.0,0.0
1.0,2.0,4.0,0.6309170000000001,75.0,42.0,332.25,0.0,9.0,153.04,27.5,956.0,633.23,321.0,0.0
1.0,1.0,1.0,0.0,69.0,0.0,0.0,0.0,0.0,0.0,0.0,1322.0,936.18,37.0,0.0
1.0,1.0,1.0,0.0,1.0,1.0,95.0,0.0,2.0,20.5,2.0,1325.0,938.57,726.0,0.0
1.0,1.0,2.0,1.0,2.0,2.0,104.5,0.0,1.0,0.52,1.5,957.0,632.35,322.0,0.0
1.0,2.0,2.0,0.716962,70.0,11.0,111.5,0.0,7.0,44.04,14.5,958.0,633.35,323.0,1.0
1.0,2.0,2.0,0.483333,149.0,4.0,67.5,0.0,6.0,118.72,10.0,959.0,634.34,324.0,0.0
1.0,2.0,2.0,0.543564,1.0,15.0,117.0,0.0,5.0,0.32,8.0,1329.0,941.48,729.0,0.0
1.0,1.0,1.0,0.0,63.0,22.0,92.0,0.0,2.0,308.53,2.0,1331.0,942.81,731.0,0.0
2.0,3.0,4.0,1.29093,56.0,9.0,55.25,0.0,3.0,170.15,2.5,962.0,635.93,935.0,0.0
1.0,1.0,5.0,2.25163,12.0,12.0,121.2,1.0,3.0,12.57,3.2,964.0,637.79,611.0,0.0
1.0,1.0,1.0,0.0,12.0,12.0,1574.0,0.0,9.0,14.08,244.0,248.0,148.17,39.0,0.0
1.0,2.0,3.0,0.722858,21.0,0.0,132.33,0.0,2.0,179.09,2.67,1333.0,942.94,699.0,0.0
1.0,4.0,5.0,1.2594,29.0,19.0,104.0,0.0,6.0,39.62,7.4,1334.0,943.83,700.0,0.0
1.0,2.0,2.0,0.371232,6.0,22.0,98.0,0.0,3.0,123.39,7.0,967.0,639.89,613.0,0.0
1.0,2.0,2.0,0.764205,2.0,7.0,40.5,0.0,2.0,340.55,1.5,969.0,641.75,615.0,0.0
1.0,5.0,6.0,2.34793,36.0,42.0,193.0,0.0,7.0,0.88,16.5,1335.0,943.74,701.0,0.0
1.0,1.0,1.0,0.0,100.0,0.0,0.0,0.0,0.0,0.0,0.0,1336.0,944.74,733.0,0.0
1.0,1.0,1.0,0.0,10.0,0.0,76.0,0.0,2.0,26.9,4.0,1337.0,945.71,702.0,0.0
1.0,1.0,4.0,1.88098,35.0,0.0,104.0,0.0,5.0,40.0,6.75,1338.0,946.68,703.0,0.0
1.0,5.0,7.0,2.48671,33.0,33.0,246.57,0.0,8.0,0.44,16.57,1341.0,949.66,706.0,0.0
1.0,5.0,9.0,3.08812,31.0,31.0,55.44,0.0,1.0,0.89,0.22,1342.0,950.64,734.0,0.0
2.0,9.0,17.0,3.66169,849.0,12.0,145.65,0.0,10.0,1.01,14.29,1343.0,951.46,1442.0,1.0
1.0,1.0,1.0,0.0,5.0,0.0,55.0,0.0,1.0,0.0,1.0,1344.0,952.45,708.0,0.0
2.0,3.0,4.0,0.481717,107.0,4.0,53.75,0.0,1.0,0.52,1.0,1345.0,953.44,1445.0,0.0
1.0,2.0,6.0,2.32439,56.0,7.0,99.83,0.0,7.0,263.61,6.0,1346.0,954.35,737.0,0.0
1.0,2.0,2.0,0.749595,8.0,6.0,63.5,1.0,2.0,47.62,7.0,970.0,642.25,616.0,0.0
1.0,1.0,1.0,0.0,44.0,58.0,1574.0,0.0,9.0,0.85,247.0,251.0,150.88,42.0,0.0
10.0,91.0,91.0,6.02532,198.0,219.0,142.33,0.0,14.0,77.17,7.64,252.0,151.85,441.0,0.0
9.0,90.0,90.0,6.43496,97.0,97.0,140.63,0.0,14.0,2.45,7.83,255.0,154.77,438.0,0.0
0.0,0.0,0.0,0.0,0.0,0.0,0.0,0.0,0.0,0.0,0.0,256.0,155.76,0.0,0.0
9.0,90.0,90.0,6.43496,97.0,97.0,140.63,0.0,14.0,0.04,7.84,257.0,156.76,447.0,0.0
1.0,3.0,8.0,2.33059,228.0,19.0,112.5,0.0,7.0,116.08,7.63,1347.0,953.68,738.0,1.0
1.0,2.0,5.0,1.72388,57.0,11.0,138.8,1.0,8.0,40.13,10.8,972.0,643.42,618.0,1.0
1.0,2.0,3.0,1.5,3.0,5.0,85.33,0.0,4.0,0.59,4.67,1348.0,954.66,739.0,0.0
1.0,1.0,1.0,0.0,12.0,0.0,100.0,0.0,7.0,0.2,21.0,1350.0,956.63,741.0,0.0
1.0,1.0,1.0,0.0,1.0,1.0,268.0,1.0,8.0,0.03,48.0,974.0,645.37,620.0,0.0
1.0,2.0,6.0,2.0609900000000003,67.0,54.0,130.5,1.0,6.0,85.05,6.67,975.0,646.37,621.0,1.0
1.0,1.0,1.0,0.0,11.0,9.0,355.0,1.0,6.0,7.15,34.0,1351.0,957.56,742.0,0.0
1.0,1.0,1.0,0.0,11.0,9.0,310.0,1.0,5.0,39.06,23.0,1352.0,958.53,743.0,0.0
2.0,7.0,17.0,3.8566,63.0,51.0,136.71,0.0,11.0,44.46,8.76,977.0,648.14,951.0,1.0
1.0,2.0,3.0,1.58496,6.0,6.0,87.0,0.0,2.0,23.58,1.67,980.0,650.97,55.0,0.0
1.0,1.0,1.0,0.0,5.0,5.0,90.0,0.0,3.0,246.49,6.0,982.0,652.18,40.0,0.0
2.0,10.0,26.0,4.2906,1302.0,21.0,153.19,0.0,10.0,3.59,12.85,1353.0,957.63,1454.0,1.0
1.0,1.0,1.0,0.0,2.0,3.0,196.0,0.0,1.0,0.0,3.0,1355.0,959.54,712.0,0.0
1.0,2.0,3.0,1.54475,110.0,0.0,0.0,0.0,0.0,0.0,0.0,1356.0,960.49,746.0,0.0
1.0,1.0,1.0,0.0,6.0,1.0,113.0,0.0,1.0,78.74,2.0,261.0,184.41,28.0,0.0
1.0,1.0,1.0,0.0,5.0,0.0,156.0,0.0,2.0,4.46,4.0,1357.0,961.26,713.0,0.0
1.0,3.0,4.0,1.92749,97.0,9.0,264.0,1.0,7.0,34.91,15.0,984.0,653.76,331.0,1.0
2.0,8.0,12.0,2.40333,56.0,49.0,129.5,1.0,6.0,54.56,8.42,1358.0,960.28,1461.0,1.0
1.0,1.0,1.0,0.0,95.0,0.0,0.0,0.0,0.0,0.0,0.0,1359.0,961.12,715.0,0.0
1.0,1.0,12.0,3.37672,23.0,23.0,48.92,1.0,5.0,152.53,3.5,1360.0,962.08,716.0,0.0
1.0,1.0,1.0,0.0,37.0,21.0,175.0,0.0,4.0,12.83,10.0,988.0,655.76,56.0,0.0
2.0,4.0,6.0,2.36957,10.0,8.0,412.83,0.0,9.0,4.99,29.83,989.0,656.64,962.0,0.0
1.0,1.0,1.0,0.0,2.0,1.0,121.0,0.0,6.0,138.88,14.0,1362.0,962.78,749.0,0.0
1.0,1.0,1.0,0.0,1.0,1.0,82.0,0.0,4.0,29.72,9.0,1364.0,964.78,751.0,0.0
2.0,3.0,3.0,1.15855,12.0,13.0,602.33,0.0,9.0,32.04,94.0,1365.0,965.73,808.0,0.0
1.0,1.0,1.0,0.0,3.0,9.0,114.0,0.0,2.0,0.0,6.0,1367.0,967.73,719.0,0.0
1.0,2.0,6.0,2.20345,16.0,15.0,109.0,0.0,4.0,17.16,4.0,1368.0,968.72,720.0,0.0
2.0,2.0,2.0,0.918296,9.0,9.0,148.0,0.0,4.0,0.12,13.0,1369.0,969.48,1475.0,0.0
1.0,1.0,1.0,0.0,2.0,1.0,578.0,0.0,4.0,31.75,25.0,1371.0,970.02,755.0,0.0
1.0,5.0,6.0,1.69964,136.0,28.0,319.5,0.0,7.0,10.98,23.67,1373.0,971.66,724.0,1.0
1.0,3.0,8.0,2.18957,295.0,28.0,155.5,0.0,6.0,79.52,8.38,1374.0,972.26,725.0,1.0
1.0,1.0,1.0,0.0,1.0,1.0,143.0,0.0,3.0,87.79,13.0,1375.0,973.2,757.0,0.0
1.0,1.0,1.0,0.0,1.0,1.0,65.0,0.0,1.0,5.98,2.0,1377.0,973.93,758.0,0.0
1.0,2.0,2.0,0.8997440000000001,18.0,1.0,68.0,1.0,7.0,96.33,7.0,1378.0,974.91,759.0,0.0
1.0,2.0,2.0,0.8997440000000001,18.0,1.0,66.5,1.0,6.0,210.68,5.5,1379.0,975.88,760.0,0.0
1.0,2.0,2.0,0.322757,50.0,1.0,20.0,0.0,4.0,39.19,2.0,995.0,659.8,73.0,0.0
1.0,2.0,2.0,0.322757,50.0,1.0,19.5,0.0,3.0,39.22,1.5,996.0,660.72,74.0,0.0
1.0,2.0,2.0,0.6554439999999999,65.0,6.0,114.5,1.0,2.0,0.71,14.0,1383.0,979.21,730.0,1.0
3.0,3.0,3.0,1.53049,5.0,4.0,610.0,0.0,9.0,46.01,94.0,259.0,157.13,210.0,0.0
1.0,1.0,1.0,0.0,2.0,2.0,48.0,0.0,1.0,0.48,1.0,998.0,662.19,75.0,0.0
1.0,1.0,1.0,0.0,2.0,2.0,104.0,0.0,3.0,1.18,5.0,1000.0,662.85,632.0,0.0
1.0,3.0,4.0,1.7232299999999998,12.0,3.0,66.25,0.0,3.0,111.59,2.25,1001.0,663.56,633.0,0.0
1.0,2.0,2.0,0.625262,18.0,14.0,283.0,0.0,2.0,15.09,3.5,1003.0,665.4,2.0,0.0
1.0,1.0,1.0,0.0,7.0,2.0,104.0,0.0,4.0,1.22,6.0,1005.0,666.29,635.0,0.0
2.0,2.0,2.0,0.8631209999999999,3.0,4.0,129.5,0.0,5.0,0.52,8.5,1007.0,668.26,640.0,0.0
1.0,2.0,2.0,1.0,2.0,2.0,213.5,0.0,3.0,2.8,8.5,1388.0,977.83,735.0,0.0
1.0,1.0,1.0,0.0,0.0,1.0,91.0,0.0,2.0,8.73,3.0,1389.0,978.03,762.0,0.0
1.0,1.0,1.0,0.0,0.0,1.0,70.0,0.0,4.0,133.54,10.0,1390.0,979.03,763.0,0.0
3.0,20.0,51.0,4.75159,1410.0,366.0,107.84,0.0,11.0,61.21,6.43,1391.0,979.92,1555.0,1.0
1.0,1.0,1.0,0.0,0.0,91.0,91.0,0.0,2.0,16.78,17.0,1392.0,980.91,737.0,0.0
1.0,2.0,2.0,0.566509,11.0,4.0,97.0,0.0,4.0,227.2,2.5,1393.0,981.72,738.0,0.0
1.0,2.0,2.0,0.996585,148.0,41.0,109.0,0.0,5.0,26.99,13.5,1394.0,982.56,765.0,1.0
1.0,2.0,2.0,0.985228,160.0,15.0,115.0,0.0,4.0,42.51,9.5,1396.0,984.19,767.0,1.0
1.0,1.0,1.0,0.0,63.0,0.0,0.0,0.0,0.0,0.0,0.0,1398.0,984.94,740.0,0.0
1.0,4.0,5.0,1.54224,24.0,4.0,86.8,0.0,6.0,19.5,9.0,101.0,70.43,53.0,0.0
1.0,1.0,2.0,0.992774,14.0,6.0,42.5,0.0,4.0,156.3,7.5,1401.0,985.81,743.0,0.0
1.0,3.0,7.0,2.0453900000000003,140.0,81.0,114.43,1.0,3.0,54.97,3.14,1403.0,987.5,769.0,1.0
1.0,2.0,2.0,0.918296,14.0,7.0,83.5,0.0,1.0,123.79,1.5,1404.0,988.49,770.0,0.0
1.0,2.0,2.0,0.739741,101.0,9.0,18.0,0.0,1.0,26.47,1.0,1406.0,990.45,772.0,0.0
1.0,1.0,1.0,0.0,25.0,0.0,36.0,0.0,1.0,67.3,2.0,262.0,181.75,135.0,0.0
1.0,2.0,3.0,1.37878,3.0,4.0,102.33,0.0,5.0,0.95,6.0,1411.0,993.54,777.0,0.0
1.0,1.0,3.0,1.55376,139.0,8.0,55.33,0.0,8.0,3.07,11.0,1009.0,664.81,638.0,1.0
1.0,1.0,3.0,1.24484,18.0,20.0,99.0,0.0,8.0,0.02,11.33,1010.0,665.79,639.0,0.0
2.0,9.0,14.0,2.99695,521.0,59.0,101.79,0.0,6.0,22.19,8.57,1412.0,994.29,1524.0,1.0
1.0,3.0,3.0,1.2412299999999998,28.0,18.0,127.0,0.0,1.0,18.04,2.33,0.0,0.0,0.0,0.0
1.0,1.0,1.0,0.0,56.0,0.0,0.0,0.0,0.0,0.0,0.0,1.0,1.0,1.0,0.0
1.0,1.0,1.0,0.0,26.0,0.0,81.0,0.0,2.0,218.98,2.0,1012.0,667.1,338.0,0.0
1.0,5.0,13.0,3.18736,135.0,37.0,254.46,0.0,7.0,7.0,17.54,1414.0,994.86,748.0,1.0
1.0,2.0,3.0,1.5,4.0,4.0,614.67,0.0,7.0,0.01,59.0,260.0,156.05,117.0,0.0
1.0,1.0,1.0,0.0,168.0,0.0,0.0,0.0,0.0,0.0,0.0,1415.0,995.81,749.0,0.0
1.0,1.0,1.0,0.0,1.0,1.0,87.0,0.0,1.0,1.84,1.0,261.0,157.04,160.0,0.0
1.0,1.0,1.0,0.0,2.0,1.0,153.0,0.0,4.0,197.29,12.0,1416.0,996.54,779.0,0.0
1.0,1.0,1.0,0.0,11.0,7.0,117.0,1.0,5.0,61.2,15.0,1417.0,997.5,780.0,0.0
1.0,1.0,1.0,0.0,11.0,7.0,117.0,1.0,4.0,61.21,13.0,1418.0,998.49,781.0,0.0
1.0,2.0,2.0,0.833406,116.0,5.0,207.5,1.0,7.0,4.47,15.0,1419.0,999.44,782.0,1.0
2.0,3.0,3.0,1.36969,126.0,5.0,435.67,1.0,6.0,12.02,30.67,1420.0,1000.43,1533.0,1.0
1.0,1.0,1.0,0.0,3.0,2.0,131.0,0.0,4.0,4.37,25.0,1.0,0.65,0.0,0.0
1.0,2.0,2.0,1.0,6.0,2.0,264.0,0.0,5.0,4.55,15.5,262.0,157.81,161.0,0.0
3.0,8.0,22.0,3.80811,53.0,60.0,185.45,0.0,9.0,12.36,9.36,1424.0,1002.53,1578.0,1.0
1.0,1.0,1.0,0.0,80.0,0.0,0.0,0.0,0.0,0.0,0.0,1427.0,1005.36,790.0,0.0
1.0,1.0,1.0,0.0,76.0,0.0,0.0,0.0,0.0,0.0,0.0,1428.0,1006.35,791.0,0.0
1.0,2.0,2.0,0.104419,73.0,0.0,17.5,0.0,2.0,135.06,1.0,1429.0,1007.34,792.0,0.0
1.0,2.0,2.0,0.721928,85.0,0.0,0.0,0.0,0.0,0.0,0.0,1431.0,1009.32,794.0,0.0
1.0,2.0,2.0,0.7572180000000001,87.0,0.0,0.0,0.0,0.0,0.0,0.0,1432.0,1010.32,795.0,0.0
1.0,2.0,2.0,0.721928,85.0,0.0,0.0,0.0,0.0,0.0,0.0,1433.0,1011.31,796.0,0.0
1.0,1.0,1.0,0.0,3.0,2.0,77.0,0.0,2.0,22.28,7.0,1434.0,1012.31,797.0,0.0
1.0,2.0,4.0,1.27506,179.0,1.0,9.0,0.0,3.0,64.73,1.0,1435.0,1013.21,798.0,0.0
1.0,13.0,33.0,4.66058,1538.0,113.0,34.39,0.0,7.0,36.31,2.58,1013.0,665.2,641.0,1.0
2.0,5.0,5.0,1.89624,13.0,11.0,115.2,0.0,2.0,2.3,2.2,1014.0,666.19,981.0,0.0
3.0,13.0,36.0,4.3680900000000005,880.0,35.0,89.22,0.0,5.0,46.22,4.28,1436.0,1012.5,1592.0,1.0
1.0,1.0,1.0,0.0,2.0,2.0,18.0,0.0,2.0,111.46,3.0,1438.0,1012.84,56.0,0.0
1.0,1.0,1.0,0.0,3.0,3.0,119.0,0.0,1.0,1.82,2.0,1439.0,1013.78,754.0,0.0
1.0,1.0,1.0,0.0,1.0,1.0,630.0,0.0,8.0,51.23,74.0,1440.0,1014.76,801.0,0.0
1.0,1.0,1.0,0.0,1.0,1.0,62.0,0.0,1.0,37.89,3.0,1441.0,1015.76,802.0,0.0
1.0,1.0,1.0,0.0,1.0,1.0,62.0,0.0,1.0,35.79,2.0,1442.0,1016.75,803.0,0.0
1.0,3.0,6.0,2.44644,20.0,20.0,95.17,0.0,7.0,0.0,8.83,1445.0,1019.21,757.0,0.0
1.0,1.0,5.0,2.29466,254.0,0.0,0.0,0.0,0.0,0.0,0.0,1015.0,665.1,643.0,0.0
2.0,6.0,8.0,2.5407900000000003,23.0,26.0,115.75,0.0,6.0,116.77,5.25,1447.0,1019.63,1563.0,0.0
1.0,1.0,1.0,0.0,1.0,1.0,150.0,0.0,2.0,68.91,5.0,263.0,180.4,136.0,0.0
1.0,1.0,1.0,0.0,1.0,1.0,176.0,0.0,1.0,68.91,3.0,264.0,181.4,137.0,0.0
1.0,2.0,2.0,0.131107,46.0,9.0,77.5,0.0,3.0,3.23,3.0,1016.0,664.12,644.0,0.0
1.0,1.0,2.0,0.453716,11.0,10.0,399.5,0.0,2.0,3.89,12.5,1017.0,664.21,645.0,0.0
1.0,2.0,3.0,1.48663,11.0,18.0,134.33,0.0,3.0,2.9,2.0,1018.0,665.17,646.0,0.0
1.0,1.0,1.0,0.0,116.0,0.0,0.0,0.0,0.0,0.0,0.0,1452.0,1020.31,807.0,0.0
1.0,1.0,1.0,0.0,132.0,0.0,0.0,0.0,0.0,0.0,0.0,1454.0,1022.28,809.0,0.0
1.0,1.0,4.0,1.99278,9.0,8.0,48.0,0.0,2.0,5.12,1.0,1456.0,1023.96,811.0,0.0
1.0,1.0,1.0,0.0,5.0,0.0,51.0,0.0,1.0,131.96,1.0,1457.0,1024.96,762.0,0.0
1.0,1.0,1.0,0.0,1.0,1.0,42.0,0.0,2.0,114.78,2.0,1458.0,1025.96,812.0,0.0
1.0,1.0,2.0,0.918296,3.0,3.0,296.0,0.0,7.0,0.84,22.0,1020.0,666.3,340.0,0.0
1.0,1.0,1.0,0.0,2.0,2.0,89.0,0.0,1.0,0.85,1.0,1021.0,667.28,341.0,0.0
1.0,2.0,2.0,0.979869,14.0,10.0,238.5,0.0,2.0,2.74,9.0,1022.0,668.2,648.0,0.0
1.0,1.0,1.0,0.0,0.0,6.0,31.0,0.0,1.0,104.68,1.0,1460.0,1026.41,814.0,0.0
1.0,1.0,1.0,0.0,0.0,9.0,41.0,0.0,1.0,0.11,1.0,1463.0,1029.05,817.0,0.0
1.0,1.0,1.0,0.0,4.0,2.0,44.0,0.0,3.0,15.27,8.0,1466.0,1029.84,820.0,0.0
1.0,2.0,3.0,1.53049,8.0,1.0,92.67,0.0,5.0,10.27,12.33,102.0,69.98,54.0,0.0
1.0,2.0,4.0,0.8692280000000001,23.0,26.0,40.0,0.0,4.0,0.01,2.5,104.0,71.98,56.0,0.0
1.0,1.0,1.0,0.0,70.0,0.0,0.0,0.0,0.0,0.0,0.0,1467.0,1030.69,821.0,0.0
1.0,1.0,1.0,0.0,5.0,2.0,59.0,0.0,4.0,114.26,5.0,1468.0,1031.68,822.0,0.0
1.0,1.0,1.0,0.0,71.0,0.0,0.0,0.0,0.0,0.0,0.0,1023.0,666.75,649.0,0.0
1.0,2.0,5.0,2.32193,5.0,5.0,103.4,1.0,1.0,11.67,1.2,1024.0,667.73,342.0,0.0
1.0,2.0,2.0,0.093171,83.0,1.0,39.0,0.0,6.0,0.4,6.5,1470.0,1032.35,765.0,0.0
1.0,1.0,1.0,0.0,83.0,0.0,0.0,0.0,0.0,0.0,0.0,1471.0,1033.34,766.0,0.0
1.0,3.0,3.0,1.52193,5.0,5.0,105.67,1.0,1.0,9.53,1.33,1472.0,1034.25,767.0,0.0
1.0,1.0,2.0,0.970951,14.0,1.0,59.5,0.0,1.0,5.34,0.5,1026.0,669.35,650.0,0.0
1.0,2.0,5.0,2.2693,214.0,0.0,0.0,1.0,0.0,0.0,0.0,1473.0,1035.04,824.0,0.0
1.0,2.0,5.0,2.26842,223.0,0.0,0.0,1.0,0.0,0.0,0.0,1474.0,1035.93,825.0,0.0
1.0,2.0,5.0,1.84538,107.0,6.0,31.2,1.0,1.0,0.02,0.2,1476.0,1037.84,827.0,0.0
1.0,1.0,1.0,0.0,11.0,0.0,192.0,0.0,4.0,17.03,12.0,1477.0,1038.6,41.0,0.0
1.0,1.0,1.0,0.0,1.0,1.0,226.0,0.0,7.0,96.6,36.0,1480.0,1040.23,42.0,0.0
1.0,1.0,1.0,0.0,3.0,3.0,92.0,0.0,1.0,182.43,3.0,1482.0,1042.22,769.0,0.0
1.0,1.0,1.0,0.0,9.0,3.0,95.0,0.0,3.0,24.04,7.0,1483.0,1043.21,770.0,0.0
1.0,1.0,2.0,0.721928,8.0,2.0,144.5,0.0,5.0,12.04,12.0,1485.0,1045.17,771.0,0.0
1.0,1.0,1.0,0.0,1.0,1.0,116.0,0.0,1.0,47.05,4.0,1486.0,1046.16,772.0,0.0
1.0,1.0,1.0,0.0,1.0,0.0,159.0,0.0,7.0,0.06,34.0,1488.0,1048.1,44.0,0.0
2.0,8.0,11.0,2.19962,322.0,30.0,98.45,1.0,6.0,86.72,5.0,1491.0,1048.71,1607.0,1.0
2.0,5.0,13.0,2.46811,111.0,23.0,91.23,1.0,6.0,59.76,7.0,1494.0,1049.81,1612.0,1.0
1.0,1.0,1.0,0.0,5.0,1.0,150.0,0.0,3.0,6.83,6.0,1030.0,669.55,654.0,0.0
1.0,3.0,11.0,2.73515,14.0,41.0,53.73,0.0,3.0,97.36,1.27,1495.0,1050.7,46.0,0.0
1.0,1.0,1.0,0.0,5.0,10.0,79.0,0.0,2.0,9.97,13.0,1496.0,1051.69,835.0,0.0
1.0,1.0,1.0,0.0,2.0,3.0,89.0,0.0,2.0,300.33,7.0,1497.0,1052.69,836.0,0.0
1.0,1.0,1.0,0.0,4.0,1.0,385.0,0.0,1.0,88.82,3.0,1031.0,670.48,344.0,0.0
1.0,1.0,1.0,0.0,45.0,59.0,1553.0,0.0,9.0,4.3,279.0,263.0,155.66,48.0,0.0
1.0,2.0,2.0,0.684038,11.0,11.0,262.5,0.0,7.0,13.76,22.0,1500.0,1055.24,781.0,0.0
1.0,1.0,1.0,0.0,1.0,1.0,66.0,0.0,5.0,4.16,10.0,1501.0,1056.22,782.0,0.0
1.0,1.0,1.0,0.0,4.0,3.0,284.0,1.0,6.0,80.34,19.0,1503.0,1058.19,838.0,0.0
1.0,1.0,1.0,0.0,39.0,0.0,0.0,0.0,0.0,0.0,0.0,1033.0,671.76,655.0,0.0
1.0,2.0,2.0,0.987138,4.0,26.0,173.5,0.0,7.0,176.43,20.5,1034.0,672.75,656.0,0.0
1.0,1.0,1.0,0.0,2.0,1.0,39.0,0.0,1.0,0.08,1.0,268.0,160.52,165.0,0.0
1.0,1.0,1.0,0.0,142.0,0.0,0.0,0.0,0.0,0.0,0.0,1504.0,1057.93,839.0,0.0
1.0,4.0,4.0,1.31981,122.0,6.0,162.75,0.0,8.0,34.21,19.75,1507.0,1060.75,784.0,1.0
1.0,1.0,3.0,1.58496,156.0,0.0,0.0,1.0,0.0,0.0,0.0,1509.0,1062.71,785.0,0.0
1.0,2.0,2.0,0.6997720000000001,74.0,0.0,1014.0,0.0,9.0,0.55,88.5,1510.0,1063.69,786.0,0.0
1.0,2.0,2.0,0.8577440000000001,68.0,3.0,107.5,0.0,7.0,16.01,19.0,1511.0,1064.66,842.0,0.0
1.0,2.0,2.0,0.961237,21.0,5.0,140.0,0.0,7.0,0.01,19.5,1512.0,1065.64,843.0,0.0
1.0,2.0,2.0,0.707232,83.0,0.0,91.0,0.0,5.0,99.8,14.0,1513.0,1066.63,844.0,0.0
1.0,2.0,2.0,0.543564,7.0,1.0,240.5,0.0,6.0,11.01,19.0,1514.0,1067.45,787.0,0.0
2.0,3.0,3.0,1.34585,10.0,16.0,318.0,0.0,9.0,19.8,30.67,269.0,161.42,60.0,0.0
1.0,1.0,3.0,1.53949,47.0,7.0,328.0,0.0,6.0,134.15,22.0,1516.0,1069.31,788.0,1.0
1.0,1.0,1.0,0.0,1.0,0.0,62.0,0.0,1.0,137.44,3.0,1517.0,1070.26,846.0,0.0
1.0,1.0,1.0,0.0,1.0,0.0,62.0,0.0,2.0,101.9,4.0,1518.0,1071.26,847.0,0.0
1.0,1.0,1.0,0.0,1.0,1.0,95.0,0.0,2.0,103.13,2.0,1035.0,672.99,657.0,0.0
1.0,1.0,1.0,0.0,5.0,5.0,121.0,1.0,4.0,13.71,14.0,1522.0,1073.83,849.0,0.0
2.0,3.0,4.0,1.42879,25.0,13.0,104.25,0.0,5.0,82.11,3.5,1523.0,1074.71,1641.0,0.0
1.0,2.0,2.0,0.910097,292.0,0.0,0.0,0.0,0.0,0.0,0.0,1037.0,673.75,659.0,0.0
1.0,1.0,1.0,0.0,2.0,2.0,1539.0,0.0,9.0,0.01,283.0,273.0,165.01,52.0,0.0
1.0,2.0,2.0,0.5866939999999999,97.0,52.0,263.0,1.0,7.0,14.21,16.0,1526.0,1075.61,853.0,1.0
1.0,1.0,1.0,0.0,25.0,2.0,455.0,1.0,5.0,14.71,26.0,1527.0,1076.57,854.0,1.0
1.0,1.0,1.0,0.0,6.0,5.0,121.0,1.0,4.0,1.04,15.0,1529.0,1078.56,856.0,0.0
1.0,2.0,2.0,0.949452,18.0,20.0,125.0,1.0,6.0,157.13,11.5,1038.0,673.86,660.0,0.0
1.0,1.0,1.0,0.0,144.0,0.0,0.0,0.0,0.0,0.0,0.0,1530.0,1079.42,793.0,0.0
1.0,4.0,8.0,2.30904,310.0,7.0,121.75,0.0,10.0,29.34,13.5,1531.0,1080.4,794.0,1.0
1.0,1.0,1.0,0.0,81.0,0.0,0.0,0.0,0.0,0.0,0.0,1532.0,1081.37,795.0,0.0
1.0,1.0,1.0,0.0,3.0,18.0,197.0,0.0,1.0,0.79,2.0,1039.0,674.77,661.0,0.0
1.0,2.0,2.0,0.979869,11.0,25.0,162.0,0.0,3.0,0.41,5.5,1041.0,676.73,663.0,0.0
1.0,3.0,4.0,1.7006599999999998,21.0,6.0,107.5,1.0,7.0,45.72,5.5,1042.0,677.58,664.0,0.0
1.0,2.0,3.0,1.41713,13.0,11.0,82.33,1.0,4.0,98.56,5.33,1043.0,678.57,665.0,0.0
1.0,2.0,2.0,0.918296,7.0,5.0,263.0,0.0,7.0,0.77,20.5,277.0,168.62,170.0,0.0
0.0,0.0,0.0,0.0,0.0,0.0,0.0,0.0,0.0,0.0,0.0,279.0,170.59,0.0,0.0
2.0,6.0,12.0,2.81182,454.0,31.0,252.17,1.0,10.0,24.24,18.08,1533.0,1080.07,1653.0,1.0
2.0,4.0,5.0,2.03432,235.0,12.0,188.0,0.0,8.0,9.64,21.6,1534.0,1080.72,1655.0,1.0
1.0,1.0,1.0,0.0,1.0,1.0,791.0,0.0,8.0,0.01,105.0,1535.0,1081.69,859.0,0.0
1.0,1.0,1.0,0.0,4.0,1.0,42.0,0.0,2.0,392.66,2.0,1536.0,1081.07,860.0,0.0
1.0,1.0,2.0,1.0,4.0,4.0,73.5,0.0,1.0,1.79,0.5,1044.0,676.21,346.0,0.0
1.0,5.0,11.0,2.76991,439.0,31.0,83.36,0.0,4.0,33.46,2.91,85.0,63.83,67.0,1.0
1.0,1.0,3.0,1.58496,3.0,3.0,144.0,0.0,6.0,226.39,5.33,1045.0,677.15,666.0,0.0
1.0,2.0,5.0,2.09278,21.0,123.0,76.6,0.0,3.0,1.08,0.8,1540.0,1080.55,864.0,0.0
1.0,5.0,7.0,2.5565,24.0,19.0,126.57,1.0,2.0,6.41,7.0,1048.0,678.66,347.0,0.0
1.0,1.0,2.0,1.0,2.0,2.0,268.5,0.0,7.0,0.15,45.5,1049.0,679.55,348.0,0.0
1.0,2.0,2.0,0.970951,5.0,0.0,350.0,0.0,3.0,19.15,3.0,1050.0,680.5,669.0,0.0
1.0,2.0,9.0,3.03718,48.0,20.0,73.78,0.0,6.0,196.51,4.22,1053.0,683.41,672.0,0.0
1.0,2.0,4.0,1.60322,20.0,30.0,137.5,0.0,7.0,278.27,10.5,1054.0,684.4,673.0,0.0
2.0,11.0,23.0,3.81252,761.0,214.0,119.65,0.0,9.0,12.58,8.91,1542.0,1081.94,1667.0,1.0
1.0,1.0,1.0,0.0,1.0,1.0,60.0,0.0,1.0,0.03,1.0,1543.0,1082.88,866.0,0.0
1.0,1.0,1.0,0.0,1.0,0.0,117.0,0.0,5.0,3.78,21.0,1056.0,685.78,674.0,0.0
1.0,2.0,3.0,1.52193,17.0,8.0,88.67,0.0,3.0,39.94,3.33,1057.0,686.75,675.0,0.0
1.0,1.0,1.0,0.0,5.0,1.0,484.0,0.0,7.0,3.91,77.0,1058.0,687.61,676.0,0.0
2.0,2.0,2.0,0.970951,2.0,3.0,1015.0,0.0,9.0,0.09,167.0,1059.0,688.59,721.0,0.0
0.0,0.0,0.0,0.0,0.0,0.0,0.0,0.0,0.0,0.0,0.0,1546.0,1084.64,0.0,0.0
1.0,2.0,11.0,3.43814,64.0,23.0,74.82,0.0,4.0,257.52,2.09,1060.0,689.45,678.0,0.0
1.0,2.0,7.0,2.76343,35.0,22.0,70.29,0.0,3.0,88.43,1.71,1061.0,690.45,679.0,0.0
1.0,2.0,2.0,1.0,2.0,4.0,70.5,0.0,3.0,5.62,5.0,1063.0,692.45,681.0,0.0
1.0,2.0,3.0,1.51885,22.0,7.0,72.0,0.0,6.0,288.86,8.67,1064.0,693.42,682.0,0.0
1.0,2.0,7.0,2.75664,29.0,14.0,122.29,0.0,3.0,27.89,3.86,1066.0,695.38,684.0,0.0
1.0,2.0,2.0,0.918296,5.0,4.0,76.0,0.0,6.0,31.53,11.0,1069.0,698.34,687.0,0.0
1.0,2.0,3.0,1.44117,15.0,6.0,80.0,0.0,4.0,68.64,9.33,1070.0,699.31,688.0,0.0
1.0,2.0,2.0,0.561753,149.0,3.0,174.5,1.0,5.0,3.51,16.5,1548.0,1085.9,805.0,1.0
1.0,1.0,1.0,0.0,3.0,2.0,154.0,0.0,7.0,4.32,35.0,1072.0,701.06,690.0,0.0
1.0,2.0,2.0,0.749595,10.0,4.0,98.0,0.0,6.0,32.16,12.0,1075.0,704.06,693.0,0.0
1.0,1.0,1.0,0.0,2.0,2.0,62.0,0.0,3.0,4.36,12.0,266.0,178.29,29.0,0.0
1.0,1.0,1.0,0.0,2.0,2.0,62.0,0.0,3.0,33.54,10.0,267.0,179.28,30.0,0.0
1.0,2.0,2.0,0.413817,3.0,9.0,184.5,0.0,8.0,31.2,15.0,1549.0,1086.62,806.0,0.0
2.0,17.0,31.0,4.39613,1370.0,46.0,67.81,0.0,8.0,44.18,6.61,1550.0,1086.37,1676.0,1.0
2.0,3.0,4.0,1.63018,31.0,32.0,118.25,0.0,3.0,14.51,2.5,1551.0,1087.26,1678.0,1.0
1.0,2.0,2.0,0.8631209999999999,7.0,0.0,187.5,0.0,6.0,98.99,15.0,1552.0,1088.1,809.0,0.0
1.0,1.0,1.0,0.0,30.0,18.0,216.0,1.0,6.0,11.9,36.0,1556.0,1091.73,874.0,1.0
1.0,1.0,1.0,0.0,62.0,0.0,0.0,0.0,0.0,0.0,0.0,1557.0,1092.72,875.0,0.0
1.0,1.0,1.0,0.0,63.0,0.0,0.0,0.0,0.0,0.0,0.0,1558.0,1093.71,876.0,0.0
1.0,2.0,4.0,1.84118,20.0,11.0,62.0,0.0,2.0,251.99,2.75,1077.0,704.74,695.0,0.0
1.0,1.0,1.0,0.0,2.0,1.0,106.0,0.0,1.0,0.36,1.0,1562.0,1097.59,811.0,0.0
1.0,1.0,1.0,0.0,57.0,0.0,71.0,0.0,2.0,547.92,2.0,281.0,170.88,57.0,0.0
1.0,1.0,2.0,0.458686,61.0,1.0,816.0,0.0,9.0,291.28,127.0,282.0,171.88,58.0,0.0
1.0,1.0,1.0,0.0,4.0,1.0,362.0,0.0,7.0,2.44,66.0,1079.0,706.09,349.0,0.0
1.0,2.0,7.0,2.6308700000000003,21.0,9.0,61.14,0.0,7.0,91.38,5.71,1080.0,707.02,697.0,0.0
1.0,2.0,7.0,2.73957,31.0,14.0,66.43,0.0,7.0,77.94,4.57,1082.0,709.0,699.0,0.0
1.0,2.0,3.0,1.5058200000000002,10.0,5.0,61.0,0.0,6.0,127.31,8.67,1083.0,709.99,700.0,0.0
1.0,2.0,3.0,1.44882,12.0,9.0,102.0,0.0,7.0,50.69,10.67,1084.0,710.98,701.0,0.0
1.0,2.0,9.0,3.10714,43.0,20.0,56.0,0.0,4.0,255.97,3.11,1087.0,713.93,704.0,0.0
1.0,3.0,4.0,1.99035,21.0,8.0,61.0,0.0,2.0,165.06,1.75,1089.0,715.91,706.0,0.0
1.0,2.0,5.0,2.21625,23.0,11.0,69.0,0.0,6.0,112.32,5.2,1090.0,716.9,707.0,0.0
1.0,2.0,8.0,2.96067,38.0,23.0,72.13,0.0,6.0,206.91,4.25,1091.0,717.89,708.0,0.0
1.0,2.0,3.0,1.5203799999999998,10.0,13.0,78.33,0.0,3.0,106.55,3.0,1092.0,718.89,709.0,0.0
1.0,4.0,4.0,1.98083,4.0,7.0,103.25,0.0,6.0,2.01,9.25,1094.0,720.89,711.0,0.0
1.0,2.0,3.0,0.573207,37.0,30.0,224.0,1.0,7.0,0.68,13.0,1563.0,1097.18,879.0,1.0
1.0,2.0,3.0,1.17144,21.0,11.0,153.0,0.0,2.0,48.1,3.33,1095.0,721.77,712.0,0.0
1.0,2.0,5.0,2.27394,18.0,10.0,63.8,0.0,5.0,287.03,4.2,1096.0,722.77,713.0,0.0
2.0,6.0,9.0,2.91773,27.0,20.0,294.11,0.0,9.0,17.55,19.0,1566.0,1099.93,1694.0,0.0
1.0,2.0,3.0,1.57674,44.0,29.0,134.67,1.0,2.0,52.53,2.33,39.0,15.11,20.0,1.0
1.0,2.0,4.0,1.92193,5.0,5.0,70.5,0.0,3.0,70.38,3.0,1567.0,1100.87,814.0,0.0
1.0,1.0,2.0,0.918296,3.0,3.0,178.5,0.0,3.0,0.21,3.5,1100.0,726.37,717.0,0.0
3.0,3.0,3.0,1.02314,977.0,922.0,535.33,0.0,9.0,12.16,84.33,1101.0,727.26,46.0,0.0
1.0,2.0,2.0,0.918296,3.0,3.0,130.5,0.0,2.0,39.38,2.0,1102.0,727.35,718.0,0.0
1.0,2.0,4.0,1.90564,15.0,9.0,78.75,0.0,7.0,56.13,7.75,1103.0,728.35,719.0,0.0
1.0,2.0,3.0,1.30369,100.0,18.0,265.0,0.0,3.0,4.38,2.33,1104.0,729.13,720.0,1.0
1.0,9.0,84.0,6.205419999999998,499.0,200.0,95.89,0.0,8.0,164.57,2.7,1105.0,730.1,721.0,0.0
1.0,1.0,1.0,0.0,2.0,2.0,74.0,0.0,2.0,6.15,8.0,1106.0,729.81,722.0,0.0
1.0,1.0,1.0,0.0,21.0,0.0,106.0,0.0,4.0,4.7,18.0,1107.0,729.75,723.0,0.0
2.0,2.0,4.0,0.942973,61.0,58.0,173.5,0.0,3.0,27.88,3.75,1568.0,1093.27,1697.0,1.0
1.0,1.0,1.0,0.0,2.0,2.0,38.0,1.0,4.0,118.68,9.0,1570.0,1095.05,57.0,0.0
1.0,2.0,2.0,0.157906,87.0,0.0,108.0,0.0,3.0,19.42,3.5,1108.0,728.89,724.0,0.0
1.0,3.0,3.0,0.509019,89.0,0.0,121.33,1.0,9.0,122.52,17.67,1110.0,730.84,726.0,0.0
2.0,12.0,24.0,3.62173,496.0,31.0,222.83,0.0,10.0,40.13,16.08,1572.0,1096.51,1703.0,1.0
1.0,1.0,1.0,0.0,2.0,2.0,472.0,0.0,7.0,0.0,81.0,1573.0,1097.49,819.0,0.0
1.0,4.0,12.0,2.84577,63.0,117.0,120.75,0.0,8.0,36.72,8.33,283.0,171.29,173.0,1.0
1.0,1.0,2.0,0.94566,9.0,13.0,106.0,0.0,5.0,0.03,13.5,284.0,172.28,174.0,0.0
1.0,1.0,2.0,0.8488690000000001,0.0,109.0,54.5,0.0,5.0,277.46,7.5,286.0,174.2,125.0,0.0
1.0,1.0,3.0,1.36204,81.0,7.0,188.0,0.0,6.0,44.24,21.33,1575.0,1098.08,887.0,1.0
1.0,2.0,4.0,1.83524,14.0,14.0,131.75,0.0,3.0,0.86,3.0,1111.0,730.77,350.0,0.0
3.0,3.0,3.0,1.01076,994.0,909.0,527.33,0.0,9.0,6.03,96.67,1112.0,731.76,49.0,0.0
1.0,1.0,1.0,0.0,7.0,1.0,166.0,0.0,6.0,95.87,20.0,1576.0,1098.99,820.0,0.0
2.0,2.0,2.0,0.636016,56.0,0.0,313.5,0.0,5.0,160.32,7.5,1579.0,1101.87,872.0,0.0
1.0,1.0,3.0,1.55793,12.0,14.0,101.0,0.0,4.0,165.7,5.33,34.0,17.94,18.0,1.0
1.0,1.0,1.0,0.0,9.0,2.0,130.0,0.0,4.0,329.04,7.0,1113.0,732.61,727.0,0.0
1.0,2.0,2.0,0.457432,82.0,1.0,112.5,0.0,7.0,5.56,22.0,1114.0,733.6,61.0,0.0
1.0,1.0,1.0,0.0,9.0,2.0,130.0,0.0,4.0,329.06,7.0,1115.0,734.57,728.0,0.0
1.0,2.0,3.0,1.53049,3.0,6.0,176.67,0.0,7.0,159.06,26.0,1580.0,1102.68,889.0,0.0
1.0,1.0,1.0,0.0,6.0,5.0,425.0,0.0,4.0,82.81,34.0,1581.0,1103.63,890.0,0.0
1.0,2.0,5.0,1.08144,7.0,86.0,104.2,0.0,5.0,107.37,5.6,287.0,174.97,176.0,1.0
2.0,2.0,6.0,1.89744,68.0,41.0,150.83,0.0,8.0,103.47,13.33,288.0,175.96,303.0,0.0
1.0,1.0,1.0,0.0,0.0,63.0,63.0,0.0,4.0,0.0,9.0,289.0,176.96,178.0,0.0
1.0,1.0,5.0,2.05898,0.0,337.0,67.4,0.0,7.0,279.65,4.0,1583.0,1103.98,825.0,0.0
1.0,1.0,2.0,0.918296,2.0,1.0,170.5,1.0,6.0,27.99,18.5,1585.0,1105.9,892.0,0.0
1.0,1.0,1.0,0.0,2.0,1.0,220.0,1.0,7.0,6.8,40.0,1116.0,734.34,729.0,0.0
1.0,1.0,1.0,0.0,3.0,2.0,130.0,0.0,2.0,0.02,3.0,1119.0,737.26,351.0,0.0
1.0,1.0,1.0,0.0,1.0,1.0,939.0,0.0,1.0,1.24,1.0,1121.0,739.01,2.0,0.0
1.0,1.0,1.0,0.0,2.0,2.0,140.0,0.0,4.0,0.92,5.0,290.0,177.66,179.0,0.0
1.0,2.0,8.0,2.15015,44.0,124.0,190.5,0.0,7.0,44.25,10.88,293.0,180.54,181.0,1.0
1.0,1.0,1.0,0.0,3.0,5.0,165.0,0.0,6.0,0.13,33.0,1592.0,1110.68,831.0,0.0
1.0,1.0,1.0,0.0,2.0,0.0,264.0,0.0,5.0,115.19,19.0,1594.0,1111.98,833.0,0.0
1.0,10.0,17.0,2.93586,1222.0,524.0,89.71,0.0,3.0,70.61,0.94,2.0,1.85,2.0,1.0
1.0,2.0,2.0,0.413817,35.0,1.0,184.0,0.0,6.0,2.65,16.0,1122.0,738.41,731.0,0.0
1.0,2.0,2.0,0.405977,37.0,0.0,166.5,0.0,4.0,80.79,9.5,1123.0,739.39,732.0,0.0
2.0,4.0,4.0,1.90002,18.0,6.0,245.25,0.0,8.0,1.26,18.25,296.0,183.38,312.0,1.0
1.0,2.0,2.0,0.985228,4.0,3.0,74.0,1.0,2.0,33.41,2.5,1596.0,1112.45,835.0,0.0
1.0,8.0,42.0,4.86062,287.0,74.0,112.29,1.0,10.0,72.56,6.48,1598.0,1114.19,837.0,1.0
1.0,8.0,13.0,3.2188,309.0,55.0,130.38,1.0,6.0,24.48,6.62,1599.0,1114.85,838.0,1.0
1.0,1.0,1.0,0.0,85.0,0.0,0.0,0.0,0.0,0.0,0.0,3.0,2.84,3.0,0.0
1.0,1.0,1.0,0.0,81.0,0.0,0.0,0.0,0.0,0.0,0.0,1125.0,740.07,734.0,0.0
1.0,1.0,1.0,0.0,2.0,1.0,81.0,0.0,1.0,0.01,1.0,1126.0,741.06,735.0,0.0
1.0,1.0,1.0,0.0,2.0,0.0,73.0,0.0,1.0,0.02,1.0,1127.0,742.06,736.0,0.0
2.0,8.0,14.0,2.74235,146.0,63.0,189.29,1.0,8.0,7.5,9.5,1600.0,1115.35,1736.0,1.0
1.0,3.0,3.0,1.24876,74.0,0.0,356.0,0.0,8.0,34.47,23.33,1601.0,1116.31,840.0,0.0
1.0,1.0,1.0,0.0,2.0,4.0,61.0,1.0,3.0,270.98,7.0,1603.0,1118.27,842.0,0.0
1.0,1.0,2.0,0.985228,4.0,10.0,75.5,0.0,3.0,43.12,2.5,87.0,64.15,69.0,0.0
1.0,2.0,2.0,0.721928,12.0,18.0,232.5,0.0,7.0,17.3,28.0,297.0,183.99,129.0,0.0
1.0,6.0,11.0,2.18531,749.0,790.0,143.73,0.0,4.0,1.26,0.73,298.0,184.98,185.0,1.0
2.0,3.0,9.0,2.71722,70.0,83.0,138.78,0.0,5.0,45.69,9.56,299.0,185.89,316.0,1.0
1.0,3.0,11.0,2.35437,63.0,172.0,252.27,0.0,9.0,59.41,14.91,300.0,186.86,187.0,1.0
1.0,1.0,1.0,0.0,4.0,0.0,939.0,0.0,2.0,2.08,4.0,301.0,187.67,2.0,0.0
1.0,3.0,3.0,1.31837,16.0,15.0,136.67,0.0,4.0,2.83,5.0,1129.0,741.1,737.0,0.0
1.0,1.0,1.0,0.0,4.0,4.0,131.0,0.0,2.0,4.68,4.0,1131.0,742.58,353.0,0.0
0.0,0.0,0.0,0.0,0.0,0.0,0.0,0.0,0.0,0.0,0.0,1133.0,744.54,0.0,0.0
1.0,5.0,8.0,2.30656,208.0,42.0,118.38,0.0,6.0,0.62,6.25,1607.0,1116.68,846.0,1.0
4.0,4.0,7.0,1.33123,121.0,86.0,288.0,0.0,9.0,457.33,36.57,1134.0,745.14,60.0,0.0
0.0,0.0,0.0,0.0,0.0,0.0,0.0,0.0,0.0,0.0,0.0,1135.0,746.14,0.0,0.0
1.0,1.0,2.0,0.99403,18.0,4.0,160.0,1.0,5.0,33.46,14.5,1609.0,1118.19,847.0,0.0
1.0,1.0,1.0,0.0,2.0,2.0,173.0,1.0,5.0,286.3,16.0,1610.0,1119.17,848.0,0.0
2.0,6.0,9.0,2.45165,638.0,4.0,258.67,0.0,9.0,3.26,23.11,1611.0,1120.11,1748.0,1.0
1.0,1.0,1.0,0.0,1.0,1.0,147.0,0.0,1.0,0.13,1.0,1613.0,1121.81,851.0,0.0
1.0,1.0,1.0,0.0,4.0,8.0,57.0,0.0,3.0,282.08,5.0,1614.0,1122.8,852.0,0.0
1.0,1.0,1.0,0.0,59.0,0.0,0.0,0.0,0.0,0.0,0.0,5.0,4.8,5.0,0.0
1.0,1.0,1.0,0.0,1.0,0.0,975.0,0.0,2.0,0.97,6.0,1615.0,1123.73,0.0,0.0
1.0,1.0,1.0,0.0,1.0,0.0,974.0,0.0,2.0,0.32,3.0,1616.0,1124.73,1.0,0.0
1.0,2.0,3.0,0.936379,68.0,0.0,142.0,0.0,6.0,29.73,10.67,1136.0,746.04,354.0,0.0
1.0,3.0,3.0,1.26058,1.0,56.0,73.33,0.0,5.0,45.15,11.33,307.0,192.78,134.0,0.0
1.0,1.0,1.0,0.0,3.0,1.0,139.0,0.0,5.0,3.12,27.0,308.0,193.77,190.0,0.0
1.0,2.0,10.0,3.11318,37.0,33.0,136.0,0.0,8.0,45.49,12.3,309.0,194.77,135.0,1.0
2.0,8.0,15.0,3.3336900000000003,365.0,28.0,188.0,1.0,10.0,32.81,17.33,1617.0,1124.27,1753.0,1.0
2.0,3.0,3.0,0.610934,86.0,2.0,353.67,1.0,7.0,111.81,37.33,1618.0,1125.22,1755.0,0.0
1.0,3.0,3.0,1.05744,1.0,237.0,106.67,0.0,3.0,170.36,5.67,1620.0,1127.13,855.0,0.0
1.0,2.0,2.0,0.991076,7.0,11.0,85.5,0.0,4.0,55.43,5.5,1621.0,1128.12,856.0,0.0
1.0,1.0,1.0,0.0,3.0,3.0,162.0,0.0,4.0,4.84,4.0,6.0,5.79,6.0,0.0
1.0,2.0,2.0,0.25593,92.0,1.0,189.0,0.0,6.0,0.57,18.5,1622.0,1128.99,903.0,0.0
1.0,1.0,2.0,1.0,2.0,2.0,98.5,0.0,1.0,0.11,0.5,1623.0,1129.91,904.0,0.0
1.0,4.0,4.0,1.97589,176.0,2.0,11.25,0.0,4.0,34.03,6.5,1625.0,1131.62,858.0,0.0
1.0,1.0,2.0,0.99403,24.0,20.0,400.0,0.0,2.0,27.86,13.5,310.0,195.62,191.0,1.0
1.0,1.0,2.0,0.918296,3.0,3.0,77.5,0.0,3.0,69.78,1.5,1137.0,745.67,739.0,0.0
1.0,2.0,2.0,1.0,2.0,2.0,60.5,0.0,2.0,104.79,3.0,1138.0,746.65,78.0,0.0
1.0,1.0,2.0,0.997503,9.0,8.0,402.0,0.0,3.0,0.6,14.0,313.0,198.4,192.0,0.0
1.0,2.0,2.0,0.970951,49.0,21.0,152.0,1.0,6.0,14.56,17.5,1139.0,747.31,355.0,1.0
1.0,2.0,3.0,1.4619,12.0,13.0,130.0,0.0,3.0,4.57,2.0,1626.0,1130.83,905.0,0.0
1.0,2.0,2.0,0.607172,47.0,0.0,26.5,0.0,7.0,1.62,17.0,1627.0,1131.8,859.0,0.0
2.0,3.0,4.0,1.73567,12.0,19.0,127.25,0.0,5.0,19.61,13.5,314.0,199.25,331.0,0.0
2.0,2.0,3.0,1.40293,11.0,12.0,171.0,0.0,5.0,14.65,18.0,316.0,201.18,335.0,1.0
1.0,1.0,4.0,2.0,12.0,8.0,84.5,0.0,3.0,0.65,3.75,317.0,202.17,141.0,0.0
1.0,1.0,2.0,1.0,10.0,28.0,180.5,0.0,3.0,0.73,25.0,318.0,203.14,142.0,1.0
1.0,2.0,3.0,0.630594,49.0,2.0,76.67,0.0,4.0,2.19,4.67,319.0,204.14,196.0,0.0
1.0,1.0,1.0,0.0,4.0,0.0,253.0,0.0,5.0,75.59,31.0,1630.0,1132.95,861.0,0.0
1.0,3.0,4.0,1.9635,354.0,72.0,164.0,0.0,4.0,0.41,2.25,9.0,8.75,9.0,1.0
1.0,2.0,2.0,0.15935,40.0,3.0,144.5,0.0,2.0,51.95,3.5,1634.0,1136.5,909.0,0.0
1.0,2.0,3.0,0.999856,87.0,5.0,141.67,0.0,5.0,170.3,8.67,1635.0,1137.36,910.0,0.0
3.0,5.0,6.0,1.45259,7.0,238.0,79.0,0.0,4.0,99.05,5.5,1636.0,1138.3,1833.0,0.0
1.0,1.0,4.0,1.03712,13.0,89.0,60.75,0.0,2.0,73.28,1.25,1637.0,1139.24,51.0,0.0
1.0,2.0,2.0,0.8112779999999999,12.0,4.0,159.5,1.0,4.0,75.34,3.5,271.0,178.01,140.0,0.0
1.0,1.0,1.0,0.0,6.0,1.0,122.0,0.0,3.0,17.51,14.0,1141.0,746.8,740.0,0.0
1.0,1.0,1.0,0.0,0.0,16.0,132.0,0.0,6.0,21.02,27.0,1639.0,1139.45,60.0,0.0
1.0,1.0,1.0,0.0,2.0,2.0,12.0,0.0,1.0,163.85,1.0,1640.0,1140.44,61.0,0.0
1.0,4.0,5.0,0.945966,14.0,136.0,78.6,0.0,4.0,77.37,3.6,1641.0,1141.15,865.0,0.0
1.0,1.0,1.0,0.0,1.0,0.0,148.0,0.0,4.0,0.0,18.0,1643.0,1143.13,2.0,0.0
1.0,2.0,4.0,1.92193,5.0,5.0,172.25,0.0,6.0,1.61,11.0,1145.0,750.21,743.0,0.0
1.0,1.0,1.0,0.0,4.0,4.0,170.0,0.0,4.0,7.93,7.0,10.0,9.72,10.0,0.0
1.0,1.0,3.0,1.58496,3.0,3.0,55.0,0.0,3.0,216.89,2.67,272.0,178.75,3.0,0.0
1.0,1.0,3.0,1.58496,3.0,3.0,55.0,0.0,1.0,265.08,2.33,273.0,179.75,4.0,0.0
1.0,1.0,1.0,0.0,1.0,1.0,97.0,0.0,1.0,11.09,4.0,1147.0,752.05,745.0,0.0
1.0,1.0,1.0,0.0,1.0,1.0,1290.0,1.0,6.0,2.09,47.0,1646.0,1145.7,915.0,0.0
1.0,1.0,1.0,0.0,1.0,1.0,1137.0,1.0,5.0,192.3,35.0,1647.0,1146.67,916.0,0.0
1.0,2.0,3.0,1.51516,64.0,9.0,51.0,0.0,7.0,6.06,8.0,275.0,181.71,142.0,0.0
1.0,1.0,1.0,0.0,3.0,25.0,57.0,0.0,1.0,0.0,2.0,277.0,183.7,144.0,0.0
1.0,1.0,2.0,0.35335900000000003,14.0,16.0,207.0,0.0,6.0,0.02,7.0,278.0,184.69,145.0,0.0
1.0,6.0,7.0,1.75927,37.0,100.0,252.14,0.0,9.0,44.58,22.43,1651.0,1148.9,870.0,1.0
1.0,1.0,1.0,0.0,114.0,0.0,0.0,0.0,0.0,0.0,0.0,1652.0,1149.86,871.0,0.0
1.0,4.0,5.0,1.83632,199.0,3.0,368.6,0.0,7.0,37.85,30.6,1653.0,1150.53,872.0,1.0
1.0,1.0,1.0,0.0,0.0,5.0,1194.0,0.0,7.0,0.0,140.0,1654.0,1151.52,873.0,0.0
1.0,1.0,1.0,0.0,7.0,10.0,81.0,0.0,3.0,384.0,5.0,1657.0,1150.74,921.0,0.0
2.0,18.0,42.0,4.66501,120.0,112.0,133.4,0.0,9.0,81.88,6.6,1659.0,1152.52,1799.0,1.0
1.0,7.0,9.0,2.51095,15.0,26.0,93.33,0.0,6.0,61.03,5.67,1660.0,1153.07,924.0,0.0
1.0,2.0,2.0,0.594463,132.0,0.0,34.0,0.0,5.0,82.96,7.0,1662.0,1154.92,878.0,0.0
1.0,1.0,1.0,0.0,2.0,0.0,54.0,0.0,3.0,22.35,5.0,1666.0,1158.72,928.0,0.0
1.0,1.0,1.0,0.0,1.0,0.0,67.0,0.0,2.0,328.55,3.0,1667.0,1159.71,929.0,0.0
1.0,2.0,4.0,1.95425,10.0,7.0,150.0,0.0,7.0,5.75,12.0,1148.0,747.92,746.0,0.0
2.0,3.0,3.0,1.52193,5.0,5.0,394.67,0.0,7.0,3.98,37.0,1149.0,748.87,1104.0,0.0
1.0,2.0,2.0,1.0,5.0,3.0,185.0,0.0,4.0,11.54,10.0,1150.0,749.87,748.0,0.0
1.0,1.0,1.0,0.0,9.0,2.0,127.0,0.0,3.0,4.22,15.0,1669.0,1160.19,931.0,0.0
1.0,2.0,4.0,0.772783,13.0,134.0,91.5,0.0,3.0,9.85,6.25,1670.0,1161.18,932.0,0.0
1.0,7.0,8.0,2.43096,24.0,15.0,232.63,0.0,6.0,1.86,11.88,1151.0,750.61,358.0,0.0
1.0,3.0,5.0,1.8815,8.0,12.0,127.8,0.0,6.0,3.78,3.2,1152.0,751.61,749.0,0.0
1.0,1.0,1.0,0.0,10.0,7.0,124.0,0.0,4.0,3.96,10.0,1153.0,752.59,750.0,0.0
1.0,1.0,1.0,0.0,57.0,0.0,0.0,0.0,0.0,0.0,0.0,1674.0,1164.39,881.0,0.0
1.0,1.0,1.0,0.0,2.0,2.0,65.0,0.0,1.0,354.34,2.0,1676.0,1166.35,936.0,0.0
1.0,1.0,1.0,0.0,3.0,2.0,71.0,0.0,1.0,0.79,3.0,1154.0,752.59,751.0,0.0
1.0,1.0,1.0,0.0,10.0,7.0,123.0,0.0,3.0,211.84,4.0,1156.0,754.4,753.0,0.0
1.0,2.0,2.0,0.15649100000000002,36.0,52.0,174.5,0.0,6.0,60.88,9.5,1157.0,755.38,754.0,0.0
2.0,3.0,3.0,1.32218,2.0,9.0,357.0,0.0,10.0,3.42,106.0,1158.0,756.37,804.0,0.0
1.0,1.0,1.0,0.0,1.0,1.0,52.0,0.0,1.0,298.97,1.0,1677.0,1165.61,54.0,0.0
2.0,17.0,51.0,5.4284300000000005,2.0,119.0,84.86,0.0,9.0,159.59,2.35,321.0,203.39,342.0,0.0
1.0,2.0,3.0,1.37796,16.0,3.0,131.67,1.0,8.0,17.08,20.67,1160.0,757.13,757.0,0.0
1.0,6.0,8.0,2.892,9.0,17.0,206.25,0.0,8.0,19.52,25.13,1680.0,1166.56,883.0,1.0
1.0,1.0,2.0,0.997503,15.0,2.0,56.0,1.0,5.0,337.05,4.0,1162.0,758.88,759.0,0.0
1.0,1.0,1.0,0.0,4.0,4.0,72.0,0.0,2.0,1.29,4.0,1682.0,1168.31,939.0,0.0
3.0,8.0,12.0,2.7976400000000003,20.0,528.0,280.75,0.0,10.0,151.84,16.25,1684.0,1170.29,1840.0,0.0
1.0,2.0,3.0,1.34859,11.0,0.0,86.67,0.0,6.0,89.79,7.0,1686.0,1170.32,887.0,0.0
1.0,3.0,3.0,1.14308,34.0,8.0,234.0,0.0,9.0,2.98,18.0,1164.0,759.1,761.0,0.0
1.0,4.0,6.0,2.58496,6.0,6.0,220.17,0.0,7.0,11.26,20.5,323.0,204.69,146.0,0.0
1.0,5.0,7.0,1.31699,179.0,2.0,150.43,1.0,6.0,18.76,12.71,1688.0,1167.35,889.0,1.0
1.0,1.0,2.0,0.99403,6.0,5.0,427.0,0.0,3.0,5.99,15.5,1166.0,758.07,763.0,0.0
1.0,3.0,4.0,1.41392,16.0,15.0,69.25,0.0,3.0,5.19,1.75,1167.0,759.07,764.0,0.0
1.0,1.0,1.0,0.0,1.0,1.0,106.0,0.0,2.0,158.17,3.0,1168.0,760.04,79.0,0.0
2.0,13.0,20.0,3.59746,896.0,23.0,52.85,0.0,11.0,6.62,9.5,1169.0,761.02,1124.0,1.0
1.0,2.0,2.0,0.721928,3.0,2.0,311.5,0.0,4.0,31.55,10.0,1171.0,761.89,4.0,0.0
1.0,1.0,1.0,0.0,1.0,2.0,429.0,0.0,2.0,53.01,4.0,1172.0,762.87,5.0,0.0
1.0,1.0,1.0,0.0,1.0,1.0,37.0,0.0,1.0,105.1,1.0,1174.0,764.77,767.0,0.0
1.0,3.0,3.0,0.589626,48.0,8.0,80.0,1.0,3.0,238.47,3.0,1175.0,765.76,768.0,0.0
1.0,1.0,1.0,0.0,2.0,2.0,53.0,0.0,2.0,155.77,3.0,279.0,182.35,16.0,0.0
1.0,1.0,1.0,0.0,1.0,1.0,428.0,0.0,6.0,6.2,43.0,1690.0,1166.38,944.0,0.0
1.0,1.0,2.0,1.0,1.0,3.0,124.0,0.0,5.0,120.59,10.5,1691.0,1167.36,891.0,0.0
1.0,2.0,2.0,0.721928,7.0,8.0,502.5,0.0,8.0,0.94,37.5,1692.0,1168.35,892.0,0.0
1.0,1.0,1.0,0.0,5.0,0.0,672.0,0.0,9.0,5.57,293.0,280.0,183.27,16.0,0.0
1.0,1.0,1.0,0.0,1.0,1.0,677.0,0.0,9.0,0.0,294.0,281.0,184.27,17.0,0.0
3.0,5.0,5.0,2.19161,16.0,2.0,414.2,0.0,9.0,17.34,22.2,1176.0,765.79,787.0,0.0
1.0,2.0,2.0,0.979869,10.0,2.0,241.5,0.0,5.0,8.38,8.0,1693.0,1167.67,893.0,0.0
1.0,3.0,3.0,1.08159,158.0,4.0,369.0,0.0,6.0,149.44,25.67,1695.0,1169.28,895.0,0.0
1.0,3.0,3.0,1.07684,33.0,1.0,540.67,0.0,7.0,94.83,43.0,1696.0,1169.99,896.0,1.0
1.0,2.0,2.0,0.918296,8.0,1.0,631.0,0.0,6.0,66.17,48.5,1697.0,1170.94,897.0,0.0
1.0,1.0,2.0,1.0,4.0,4.0,42.0,0.0,2.0,133.77,3.0,1698.0,1170.3,946.0,0.0
1.0,2.0,2.0,0.543564,8.0,0.0,312.0,0.0,4.0,2.09,10.5,1177.0,764.84,6.0,0.0
1.0,2.0,2.0,0.918296,3.0,0.0,284.5,0.0,3.0,28.59,4.5,1179.0,766.83,7.0,0.0
1.0,6.0,11.0,2.87598,467.0,29.0,92.18,0.0,4.0,45.14,1.36,11.0,10.39,11.0,1.0
1.0,1.0,1.0,0.0,121.0,0.0,0.0,0.0,0.0,0.0,0.0,105.0,67.44,30.0,0.0
1.0,1.0,1.0,0.0,5.0,5.0,156.0,0.0,4.0,13.17,5.0,12.0,11.37,12.0,0.0
3.0,8.0,8.0,1.7958900000000002,50.0,10.0,135.0,0.0,4.0,176.35,2.0,1701.0,1171.14,1070.0,0.0
1.0,1.0,1.0,0.0,1.0,1.0,118.0,0.0,1.0,1.8,1.0,1180.0,766.63,360.0,0.0
1.0,4.0,9.0,2.78432,209.0,208.0,166.44,0.0,4.0,0.74,1.89,1181.0,767.6,771.0,1.0
2.0,3.0,3.0,0.193661,158.0,2.0,344.33,0.0,8.0,1.52,23.33,1182.0,768.6,1133.0,0.0
2.0,5.0,5.0,2.13926,10.0,7.0,65.6,0.0,1.0,2.06,0.4,1183.0,769.5,839.0,0.0
1.0,3.0,3.0,1.42466,30.0,62.0,262.33,0.0,4.0,0.08,5.33,13.0,12.36,13.0,1.0
1.0,2.0,2.0,0.932112,60.0,9.0,185.5,0.0,3.0,0.08,8.0,1704.0,1173.41,901.0,1.0
1.0,1.0,1.0,0.0,4.0,4.0,234.0,0.0,4.0,10.32,15.0,1705.0,1174.39,950.0,0.0
1.0,1.0,1.0,0.0,25.0,0.0,130.0,0.0,5.0,29.04,22.0,1707.0,1174.9,952.0,0.0
1.0,1.0,1.0,0.0,0.0,1.0,159.0,0.0,1.0,0.09,1.0,1709.0,1176.43,954.0,0.0
1.0,2.0,2.0,0.721928,6.0,4.0,335.5,1.0,5.0,91.4,21.0,1711.0,1174.15,955.0,0.0
0.0,0.0,0.0,0.0,0.0,0.0,0.0,0.0,0.0,0.0,0.0,325.0,203.08,0.0,0.0
1.0,2.0,2.0,0.6997720000000001,12.0,25.0,316.0,0.0,4.0,2.75,12.0,1185.0,765.52,8.0,0.0
1.0,2.0,2.0,0.6997720000000001,12.0,25.0,286.0,0.0,3.0,5.64,5.0,1189.0,768.6,9.0,0.0
1.0,2.0,2.0,0.721928,110.0,0.0,0.0,0.0,0.0,0.0,0.0,283.0,183.59,147.0,0.0
1.0,1.0,1.0,0.0,6.0,6.0,406.0,1.0,6.0,77.19,38.0,1190.0,767.78,776.0,0.0
1.0,4.0,4.0,0.686013,111.0,3.0,133.75,0.0,5.0,1.72,6.75,284.0,184.34,148.0,1.0
1.0,2.0,5.0,1.93679,306.0,0.0,21.8,1.0,4.0,5.04,3.8,1712.0,1165.06,904.0,0.0
1.0,1.0,1.0,0.0,0.0,11.0,921.0,0.0,8.0,0.86,72.0,1713.0,1164.18,905.0,0.0
1.0,2.0,3.0,1.2607700000000002,7.0,10.0,79.33,1.0,4.0,67.91,8.0,1191.0,765.57,82.0,0.0
1.0,2.0,3.0,0.924575,19.0,159.0,81.67,0.0,4.0,302.25,3.0,1715.0,1165.85,957.0,0.0
1.0,2.0,2.0,0.77935,6.0,7.0,268.0,1.0,3.0,102.43,5.0,1717.0,1163.95,908.0,1.0
2.0,6.0,10.0,1.89261,297.0,413.0,157.5,1.0,9.0,64.86,9.3,1718.0,1164.59,1867.0,1.0
1.0,2.0,2.0,0.908178,21.0,13.0,272.0,1.0,2.0,68.19,2.0,1721.0,1167.51,911.0,0.0
1.0,1.0,3.0,0.972767,21.0,25.0,440.67,0.0,8.0,28.33,35.33,1724.0,1168.92,961.0,0.0
1.0,2.0,3.0,1.44838,222.0,0.0,153.0,0.0,7.0,8.57,20.0,1725.0,1169.84,962.0,1.0
1.0,1.0,1.0,0.0,1.0,1.0,170.0,0.0,5.0,7.25,29.0,1726.0,1170.77,963.0,0.0
1.0,1.0,1.0,0.0,6.0,5.0,43.0,0.0,1.0,0.01,1.0,1194.0,764.68,778.0,0.0
1.0,2.0,3.0,0.87475,92.0,0.0,593.67,0.0,8.0,8.51,31.33,1729.0,1171.64,965.0,1.0
1.0,1.0,1.0,0.0,0.0,23.0,157.0,0.0,7.0,8.35,33.0,1731.0,1173.23,966.0,0.0
1.0,1.0,1.0,0.0,23.0,0.0,134.0,0.0,7.0,0.09,34.0,1732.0,1174.02,967.0,0.0
1.0,1.0,1.0,0.0,4.0,7.0,157.0,0.0,7.0,0.01,35.0,1197.0,766.01,781.0,0.0
1.0,1.0,1.0,0.0,2.0,2.0,66.0,0.0,2.0,83.29,6.0,1198.0,766.99,782.0,0.0
1.0,1.0,1.0,0.0,1.0,1.0,74.0,0.0,2.0,38.11,9.0,1200.0,768.96,784.0,0.0
1.0,1.0,1.0,0.0,8.0,7.0,78.0,0.0,3.0,22.48,6.0,1735.0,1176.55,970.0,0.0
2.0,8.0,10.0,2.90365,42.0,24.0,233.2,0.0,10.0,76.75,19.2,327.0,201.67,351.0,1.0
1.0,3.0,3.0,1.26273,2.0,30.0,276.0,0.0,8.0,6.71,37.67,328.0,202.62,150.0,0.0
1.0,2.0,3.0,0.887558,90.0,0.0,528.67,0.0,5.0,9.17,22.0,1737.0,1177.31,971.0,0.0
1.0,1.0,1.0,0.0,1.0,1.0,62.0,0.0,1.0,0.1,1.0,1738.0,1178.11,917.0,0.0
2.0,14.0,18.0,3.45874,334.0,57.0,337.33,0.0,10.0,45.73,24.67,1739.0,1179.11,1890.0,1.0
2.0,10.0,21.0,4.0190199999999985,815.0,131.0,270.95,0.0,10.0,24.45,21.0,1740.0,1179.65,1892.0,1.0
1.0,2.0,3.0,1.40755,72.0,16.0,42.33,0.0,1.0,1.46,0.33,1201.0,768.55,785.0,0.0
2.0,4.0,4.0,1.85856,5.0,6.0,196.75,0.0,8.0,2.14,22.25,1202.0,769.54,1150.0,0.0
1.0,1.0,1.0,0.0,0.0,7.0,178.0,0.0,3.0,34.89,10.0,1741.0,1180.49,974.0,0.0
1.0,3.0,5.0,2.10449,0.0,111.0,382.4,0.0,9.0,86.71,43.4,1742.0,1181.49,920.0,0.0
1.0,1.0,1.0,0.0,38.0,18.0,80.0,0.0,1.0,0.06,1.0,1744.0,1183.34,976.0,0.0
2.0,8.0,10.0,3.16623,11.0,54.0,232.4,0.0,10.0,28.31,24.5,330.0,204.33,356.0,1.0
2.0,9.0,11.0,3.32446,17.0,29.0,245.27,0.0,9.0,49.82,15.18,331.0,205.26,358.0,1.0
2.0,7.0,10.0,2.4262,233.0,21.0,213.1,1.0,9.0,29.93,21.8,1745.0,1182.62,1899.0,1.0
1.0,1.0,1.0,0.0,1.0,0.0,373.0,0.0,9.0,3.23,65.0,1204.0,770.05,788.0,0.0
1.0,1.0,1.0,0.0,1.0,0.0,342.0,0.0,9.0,3.15,54.0,1205.0,771.04,789.0,0.0
2.0,11.0,22.0,3.16461,290.0,60.0,283.05,0.0,10.0,25.53,18.82,1748.0,1185.19,1904.0,1.0
1.0,1.0,1.0,0.0,2.0,2.0,55.0,0.0,1.0,168.65,1.0,1206.0,771.19,790.0,0.0
2.0,5.0,7.0,2.52182,18.0,11.0,98.57,0.0,6.0,90.38,6.57,332.0,205.65,360.0,1.0
1.0,4.0,4.0,1.90435,8.0,20.0,241.0,0.0,8.0,69.79,29.5,334.0,207.59,156.0,0.0
1.0,4.0,4.0,1.55375,8.0,21.0,353.75,0.0,9.0,0.92,39.5,335.0,208.56,157.0,0.0
1.0,3.0,4.0,1.9328,5.0,12.0,251.75,0.0,8.0,0.75,36.75,337.0,210.46,158.0,0.0
2.0,4.0,5.0,1.76763,12.0,47.0,234.4,0.0,9.0,13.71,37.4,338.0,211.29,367.0,0.0
1.0,1.0,1.0,0.0,22.0,7.0,232.0,0.0,7.0,295.19,38.0,340.0,212.87,161.0,0.0
2.0,5.0,6.0,2.45915,14.0,10.0,680.5,0.0,9.0,3.14,58.67,1207.0,767.95,1156.0,0.0
1.0,3.0,3.0,1.1449,78.0,1.0,23.67,1.0,1.0,42.25,0.33,1208.0,768.85,792.0,0.0
1.0,1.0,2.0,0.8112779999999999,24.0,0.0,76.0,0.0,2.0,0.25,1.0,1753.0,1181.45,982.0,0.0
1.0,2.0,2.0,0.987693,20.0,3.0,42.5,0.0,5.0,150.96,4.0,1209.0,769.57,793.0,0.0
1.0,1.0,3.0,0.660462,78.0,4.0,107.33,0.0,2.0,24.66,3.33,1754.0,1182.17,983.0,0.0
1.0,5.0,9.0,2.85753,89.0,122.0,105.0,1.0,7.0,43.51,11.11,1210.0,770.29,794.0,1.0
2.0,4.0,4.0,1.73815,11.0,2.0,148.25,1.0,7.0,1.17,17.0,1211.0,771.21,1161.0,0.0
1.0,1.0,1.0,0.0,3.0,3.0,32.0,0.0,1.0,331.62,2.0,286.0,182.29,1.0,0.0
1.0,1.0,1.0,0.0,13.0,12.0,110.0,0.0,1.0,340.39,1.0,287.0,183.28,2.0,0.0
1.0,2.0,2.0,0.8112779999999999,11.0,5.0,73.0,0.0,1.0,49.09,3.0,1213.0,772.5,797.0,0.0
2.0,4.0,4.0,1.63544,24.0,13.0,104.0,0.0,6.0,125.98,12.0,1214.0,773.22,1165.0,0.0
1.0,2.0,4.0,1.69327,226.0,2.0,227.5,0.0,7.0,17.92,15.5,1757.0,1182.58,986.0,1.0
1.0,2.0,6.0,2.44452,9.0,10.0,124.5,0.0,7.0,42.07,7.0,1758.0,1183.57,987.0,0.0
1.0,2.0,4.0,1.88925,7.0,8.0,126.5,0.0,7.0,177.1,7.25,1759.0,1184.57,988.0,0.0
1.0,1.0,1.0,0.0,5.0,1.0,304.0,0.0,1.0,460.48,1.0,1215.0,773.79,5.0,0.0
1.0,1.0,1.0,0.0,5.0,1.0,304.0,0.0,1.0,460.5,1.0,1216.0,774.75,6.0,0.0
1.0,1.0,1.0,0.0,0.0,1.0,255.0,0.0,5.0,0.05,32.0,1761.0,1186.45,929.0,0.0
1.0,1.0,1.0,0.0,1.0,1.0,100.0,0.0,1.0,0.01,1.0,1763.0,1186.98,58.0,0.0
1.0,2.0,4.0,1.94335,116.0,26.0,63.5,1.0,5.0,0.18,8.25,1764.0,1187.77,931.0,1.0
1.0,1.0,1.0,0.0,1.0,0.0,321.0,0.0,7.0,0.04,84.0,90.0,62.12,19.0,0.0
1.0,1.0,2.0,0.371232,1.0,27.0,96.0,0.0,3.0,38.25,3.5,91.0,63.12,72.0,0.0
1.0,2.0,2.0,0.619382,8.0,5.0,317.5,0.0,7.0,53.69,27.5,1768.0,1190.99,934.0,0.0
1.0,1.0,1.0,0.0,1.0,1.0,61.0,0.0,2.0,74.42,11.0,1769.0,1191.95,935.0,0.0
1.0,5.0,15.0,3.05709,587.0,71.0,76.87,0.0,7.0,39.41,3.27,92.0,64.08,73.0,1.0
1.0,3.0,3.0,1.29974,11.0,7.0,212.67,0.0,9.0,24.63,23.67,93.0,65.06,74.0,0.0
1.0,1.0,1.0,0.0,56.0,0.0,0.0,0.0,0.0,0.0,0.0,1771.0,1192.83,937.0,0.0
1.0,2.0,8.0,2.93253,306.0,0.0,0.0,0.0,0.0,0.0,0.0,1772.0,1193.74,990.0,0.0
1.0,2.0,2.0,0.384312,79.0,1.0,186.5,1.0,7.0,6.88,14.5,35.0,17.69,19.0,0.0
1.0,2.0,2.0,0.371232,26.0,2.0,225.5,1.0,8.0,0.03,15.0,36.0,18.68,20.0,0.0
6.0,7.0,10.0,1.02062,264.0,271.0,271.7,0.0,9.0,351.36,36.7,341.0,212.22,389.0,0.0
1.0,2.0,2.0,0.512709,22.0,13.0,791.5,1.0,6.0,22.4,26.5,1774.0,1193.45,991.0,1.0
2.0,2.0,2.0,0.970951,8.0,2.0,142.5,0.0,5.0,25.17,16.0,1775.0,1194.42,1931.0,0.0
1.0,3.0,7.0,2.45728,208.0,12.0,137.29,0.0,4.0,23.71,8.43,1776.0,1194.97,940.0,0.0
1.0,12.0,16.0,3.37655,472.0,36.0,69.94,0.0,5.0,226.24,1.75,1222.0,776.58,83.0,0.0
1.0,11.0,14.0,3.22377,463.0,23.0,66.64,0.0,5.0,254.3,1.57,1224.0,778.55,84.0,0.0
1.0,1.0,1.0,0.0,1.0,1.0,669.0,0.0,9.0,0.77,300.0,1227.0,780.69,52.0,0.0
1.0,5.0,7.0,2.18865,352.0,0.0,29.57,0.0,3.0,95.68,2.86,1228.0,781.42,85.0,0.0
1.0,5.0,7.0,2.17293,336.0,0.0,29.57,0.0,4.0,105.25,2.29,1229.0,782.39,86.0,0.0
1.0,1.0,1.0,0.0,114.0,0.0,0.0,0.0,0.0,0.0,0.0,1777.0,1193.43,993.0,0.0
1.0,1.0,1.0,0.0,0.0,1.0,71.0,0.0,1.0,318.84,1.0,1778.0,1194.31,941.0,0.0
1.0,2.0,2.0,0.1449,96.0,1.0,93.5,0.0,5.0,17.96,3.5,1779.0,1195.28,994.0,0.0
1.0,2.0,4.0,1.80671,174.0,8.0,28.5,0.0,1.0,0.03,0.25,1780.0,1196.16,995.0,0.0
1.0,2.0,2.0,0.995979,67.0,0.0,0.0,0.0,0.0,0.0,0.0,344.0,214.42,40.0,0.0
1.0,2.0,2.0,0.995979,67.0,0.0,0.0,0.0,0.0,0.0,0.0,345.0,215.41,41.0,0.0
1.0,3.0,4.0,1.24897,167.0,3.0,53.25,0.0,3.0,109.01,6.5,1233.0,785.2,89.0,0.0
1.0,3.0,4.0,1.23264,168.0,3.0,51.5,0.0,4.0,125.75,5.0,1234.0,786.19,90.0,0.0
1.0,1.0,1.0,0.0,5.0,7.0,82.0,0.0,2.0,50.77,2.0,1781.0,1195.69,996.0,0.0
1.0,1.0,1.0,0.0,94.0,0.0,0.0,0.0,0.0,0.0,0.0,1784.0,1196.39,944.0,0.0
1.0,1.0,1.0,0.0,11.0,0.0,275.0,0.0,2.0,14.77,12.0,1785.0,1197.28,945.0,0.0
1.0,1.0,1.0,0.0,0.0,69.0,69.0,0.0,1.0,2.78,1.0,1235.0,785.47,91.0,0.0
1.0,3.0,4.0,1.44143,103.0,13.0,169.5,0.0,3.0,15.99,11.25,1786.0,1198.22,946.0,1.0
2.0,7.0,8.0,1.96314,525.0,26.0,142.25,0.0,7.0,9.0,10.0,1787.0,1199.08,1944.0,1.0
1.0,4.0,4.0,1.97987,24.0,0.0,26.75,0.0,7.0,123.01,6.0,346.0,215.68,212.0,0.0
1.0,4.0,4.0,1.98859,12.0,45.0,32.75,0.0,7.0,0.03,6.25,1236.0,786.04,806.0,0.0
1.0,3.0,3.0,1.58496,3.0,0.0,25.33,0.0,7.0,80.67,6.0,1237.0,787.03,807.0,0.0
1.0,1.0,1.0,0.0,1.0,1.0,74.0,0.0,3.0,0.23,11.0,1238.0,788.02,808.0,0.0
0.0,0.0,0.0,0.0,0.0,0.0,0.0,0.0,0.0,0.0,0.0,1239.0,789.02,0.0,0.0
1.0,1.0,1.0,0.0,2.0,2.0,74.0,0.0,3.0,0.01,12.0,1240.0,790.0,809.0,0.0
1.0,1.0,1.0,0.0,2.0,0.0,66.0,0.0,4.0,154.15,12.0,1789.0,1200.46,949.0,0.0
1.0,3.0,3.0,1.35713,27.0,1.0,197.33,0.0,7.0,2.44,13.0,1790.0,1200.09,950.0,0.0
1.0,1.0,1.0,0.0,72.0,0.0,0.0,0.0,0.0,0.0,0.0,14.0,12.51,0.0,0.0
1.0,3.0,5.0,2.25435,227.0,13.0,76.4,0.0,7.0,0.02,12.2,1792.0,1201.64,999.0,1.0
2.0,6.0,19.0,3.72881,26.0,523.0,89.26,0.0,6.0,0.03,1.26,290.0,183.69,254.0,0.0
1.0,1.0,1.0,0.0,1.0,1.0,494.0,0.0,3.0,95.31,6.0,94.0,65.35,75.0,0.0
1.0,1.0,1.0,0.0,5.0,0.0,404.0,0.0,4.0,0.94,15.0,16.0,14.48,15.0,0.0
1.0,1.0,1.0,0.0,21.0,27.0,222.0,0.0,4.0,26.97,10.0,17.0,15.48,16.0,0.0
1.0,2.0,4.0,1.97494,5.0,4.0,153.0,0.0,6.0,63.82,12.5,1794.0,1201.56,951.0,0.0
1.0,1.0,2.0,1.0,7.0,5.0,92.0,0.0,1.0,3.76,1.0,1242.0,789.39,810.0,0.0
2.0,2.0,2.0,0.650022,15.0,9.0,527.0,1.0,4.0,14.9,6.0,1243.0,790.37,820.0,0.0
1.0,3.0,3.0,0.356947,0.0,333.0,347.0,0.0,9.0,11.66,35.67,1244.0,791.23,14.0,0.0
1.0,3.0,3.0,0.364988,0.0,342.0,352.0,0.0,8.0,127.57,27.0,1245.0,792.23,15.0,0.0
1.0,2.0,2.0,0.8112779999999999,3.0,1.0,120.5,0.0,8.0,23.62,25.5,1246.0,793.01,812.0,0.0
1.0,1.0,1.0,0.0,1.0,1.0,238.0,0.0,5.0,23.17,25.0,292.0,185.31,5.0,0.0
1.0,1.0,1.0,0.0,1.0,1.0,264.0,0.0,3.0,23.18,14.0,293.0,186.31,17.0,0.0
1.0,1.0,2.0,0.113552,162.0,167.0,316.0,0.0,4.0,1.07,9.0,1249.0,794.89,815.0,0.0
1.0,1.0,1.0,0.0,0.0,59.0,59.0,0.0,4.0,159.19,7.0,1795.0,1199.74,952.0,0.0
1.0,1.0,1.0,0.0,2.0,0.0,591.0,0.0,9.0,4.11,94.0,347.0,214.25,42.0,0.0
2.0,2.0,2.0,0.35335900000000003,15.0,15.0,552.0,0.0,7.0,16.44,20.5,1250.0,790.37,826.0,0.0
1.0,1.0,1.0,0.0,22.0,12.0,160.0,0.0,1.0,27.85,1.0,1251.0,791.01,70.0,0.0
4.0,6.0,6.0,2.09844,23.0,21.0,195.5,0.0,6.0,18.44,7.5,1252.0,791.86,990.0,0.0
0.0,0.0,0.0,0.0,0.0,0.0,0.0,0.0,0.0,0.0,0.0,354.0,220.44,0.0,0.0
1.0,1.0,1.0,0.0,6.0,0.0,103.0,0.0,5.0,29.85,12.0,295.0,186.04,154.0,0.0
1.0,2.0,3.0,0.530406,30.0,14.0,138.67,0.0,6.0,0.61,28.33,1797.0,1177.5,954.0,0.0
1.0,2.0,5.0,1.95367,156.0,6.0,129.6,0.0,8.0,12.57,20.2,1799.0,1179.36,956.0,1.0
1.0,1.0,1.0,0.0,5.0,5.0,53.0,0.0,3.0,17.18,7.0,1801.0,1181.12,958.0,0.0
1.0,3.0,5.0,1.62261,1.0,92.0,76.8,0.0,4.0,169.32,7.6,1802.0,1181.95,66.0,0.0
1.0,2.0,6.0,2.0706,127.0,90.0,150.67,0.0,6.0,80.91,3.5,1803.0,1182.94,1002.0,1.0
1.0,4.0,4.0,1.6902400000000002,24.0,5.0,153.5,1.0,2.0,42.83,2.5,1254.0,783.65,370.0,1.0
1.0,1.0,1.0,0.0,91.0,0.0,0.0,0.0,0.0,0.0,0.0,359.0,222.96,220.0,0.0
0.0,0.0,0.0,0.0,0.0,0.0,0.0,0.0,0.0,0.0,0.0,360.0,223.95,0.0,0.0
2.0,4.0,4.0,1.4716,14.0,1.0,223.0,0.0,11.0,4.13,38.5,1255.0,784.52,835.0,0.0
1.0,1.0,1.0,0.0,10.0,1.0,43.0,0.0,3.0,31.4,4.0,1256.0,784.94,820.0,0.0
1.0,1.0,1.0,0.0,3.0,2.0,113.0,0.0,2.0,39.8,3.0,1258.0,786.85,822.0,0.0
1.0,1.0,1.0,0.0,0.0,4.0,156.0,0.0,7.0,2.06,42.0,1260.0,788.67,824.0,0.0
1.0,1.0,1.0,0.0,0.0,4.0,151.0,0.0,7.0,12.55,33.0,1261.0,789.66,825.0,0.0
1.0,1.0,2.0,0.663197,58.0,0.0,23.0,0.0,1.0,9.8,1.0,1805.0,1183.06,960.0,0.0
1.0,3.0,3.0,1.55352,13.0,12.0,82.67,0.0,5.0,180.59,8.0,1806.0,1184.05,961.0,0.0
1.0,1.0,1.0,0.0,5.0,0.0,1023.0,0.0,3.0,2.16,18.0,1807.0,1185.04,3.0,0.0
1.0,1.0,1.0,0.0,5.0,1.0,98.0,0.0,6.0,110.04,32.0,1808.0,1185.61,962.0,0.0
2.0,18.0,77.0,5.48508,3743.0,797.0,90.82,0.0,10.0,48.97,6.51,1809.0,1186.58,1967.0,1.0
1.0,1.0,2.0,0.485461,17.0,2.0,105.5,0.0,3.0,64.29,5.0,1262.0,790.16,826.0,0.0
0.0,0.0,0.0,0.0,0.0,0.0,0.0,0.0,0.0,0.0,0.0,1264.0,791.35,0.0,0.0
1.0,1.0,1.0,0.0,1.0,1.0,95.0,0.0,3.0,1.52,7.0,1265.0,792.32,828.0,0.0
1.0,2.0,2.0,1.0,2.0,0.0,309.0,0.0,4.0,3.49,15.5,1267.0,794.21,12.0,0.0
1.0,4.0,5.0,2.04644,10.0,10.0,160.0,0.0,7.0,1.65,7.6,1268.0,794.87,829.0,0.0
2.0,11.0,20.0,3.50616,330.0,139.0,219.45,0.0,9.0,49.66,16.15,1811.0,1186.44,1970.0,1.0
1.0,1.0,1.0,0.0,6.0,0.0,860.0,0.0,8.0,0.0,118.0,1813.0,1188.29,1007.0,0.0
1.0,1.0,1.0,0.0,2.0,2.0,102.0,0.0,1.0,31.59,1.0,1269.0,794.95,830.0,0.0
1.0,2.0,6.0,1.85079,168.0,12.0,108.83,0.0,6.0,4.02,7.33,1270.0,795.9,831.0,1.0
1.0,1.0,1.0,0.0,1.0,1.0,73.0,0.0,5.0,1.71,6.0,1815.0,1188.73,1008.0,0.0
1.0,3.0,16.0,3.3034800000000004,126.0,36.0,80.25,0.0,6.0,1.64,2.56,1816.0,1189.57,968.0,1.0
1.0,2.0,2.0,0.37602,55.0,0.0,95.0,0.0,7.0,0.34,11.5,1817.0,1190.47,969.0,0.0
1.0,3.0,3.0,1.54406,66.0,1.0,240.0,0.0,8.0,62.98,38.33,1821.0,1192.45,973.0,1.0
1.0,1.0,1.0,0.0,5.0,1.0,63.0,0.0,1.0,211.04,1.0,19.0,16.8,18.0,0.0
1.0,2.0,2.0,0.281194,41.0,0.0,172.0,0.0,6.0,149.51,15.0,1272.0,795.83,372.0,0.0
1.0,2.0,3.0,0.5489539999999999,41.0,1.0,189.67,1.0,6.0,22.64,20.33,1273.0,796.83,373.0,0.0
1.0,11.0,20.0,3.4868,447.0,26.0,349.9,0.0,10.0,12.39,20.95,1823.0,1193.73,975.0,1.0
1.0,2.0,2.0,0.485461,18.0,1.0,70.0,1.0,3.0,91.79,4.5,1275.0,797.65,375.0,0.0
1.0,2.0,2.0,0.543564,80.0,0.0,68.0,0.0,5.0,108.96,15.0,1277.0,799.6,834.0,0.0
1.0,3.0,7.0,1.71835,126.0,0.0,117.71,0.0,6.0,72.34,3.86,1278.0,800.59,835.0,0.0
1.0,1.0,2.0,0.650022,27.0,27.0,139.5,0.0,6.0,2.24,8.0,1279.0,801.58,836.0,0.0
2.0,6.0,7.0,2.65751,16.0,11.0,227.29,1.0,8.0,14.38,14.29,1825.0,1193.52,1986.0,0.0
1.0,1.0,1.0,0.0,4.0,0.0,186.0,0.0,6.0,1.51,19.0,1281.0,802.61,376.0,0.0
2.0,10.0,23.0,2.46729,590.0,50.0,300.83,0.0,10.0,17.05,20.96,1826.0,1190.33,1988.0,1.0
1.0,1.0,1.0,0.0,8.0,9.0,154.0,0.0,2.0,176.3,5.0,1827.0,1191.29,979.0,0.0
1.0,2.0,2.0,0.8631209999999999,4.0,3.0,505.5,0.0,9.0,28.5,40.0,1828.0,1192.28,980.0,0.0
1.0,1.0,1.0,0.0,4.0,21.0,84.0,0.0,3.0,68.0,7.0,1830.0,1194.18,60.0,0.0
3.0,7.0,7.0,1.93444,164.0,14.0,173.71,1.0,7.0,24.25,11.71,1831.0,1195.08,2054.0,1.0
1.0,3.0,4.0,1.36889,88.0,5.0,126.75,0.0,5.0,57.94,5.0,1833.0,1195.43,983.0,1.0
1.0,1.0,2.0,0.8631209999999999,3.0,4.0,127.5,0.0,3.0,273.29,5.0,1834.0,1196.39,62.0,0.0
1.0,1.0,1.0,0.0,14.0,10.0,413.0,1.0,7.0,20.87,63.0,1283.0,801.2,839.0,0.0
1.0,6.0,5.0,2.0,4.0,0.0,23.6,0.0,7.0,27.6,5.4,1287.0,805.1,843.0,0.0
1.0,6.0,6.0,2.35637,14.0,7.0,99.33,0.0,6.0,5.15,3.17,1837.0,1198.51,986.0,0.0
1.0,2.0,2.0,0.13304000000000002,107.0,1.0,62.0,0.0,2.0,0.93,7.5,1838.0,1198.11,987.0,0.0
1.0,2.0,2.0,0.242292,50.0,0.0,97.5,0.0,3.0,25.38,6.0,1839.0,1198.94,988.0,0.0
1.0,3.0,6.0,2.01493,166.0,19.0,226.17,0.0,7.0,100.05,20.67,1841.0,1200.92,1013.0,1.0
1.0,4.0,7.0,2.75,8.0,8.0,60.57,0.0,4.0,141.39,2.0,1842.0,1201.89,63.0,0.0
1.0,1.0,1.0,0.0,6.0,7.0,77.0,0.0,1.0,6.2,2.0,1845.0,1204.57,991.0,0.0
1.0,2.0,4.0,1.6620400000000002,114.0,4.0,146.5,0.0,5.0,157.06,11.75,1848.0,1205.75,1016.0,1.0
1.0,1.0,1.0,0.0,150.0,0.0,0.0,0.0,0.0,0.0,0.0,1849.0,1206.47,1017.0,0.0
2.0,6.0,21.0,4.14729,1124.0,21.0,44.19,0.0,9.0,14.89,4.14,1850.0,1207.41,2012.0,1.0
1.0,1.0,1.0,0.0,119.0,0.0,0.0,0.0,0.0,0.0,0.0,1851.0,1208.33,1019.0,0.0
1.0,1.0,1.0,0.0,2.0,2.0,1033.0,0.0,3.0,1.72,20.0,1290.0,804.11,12.0,0.0
2.0,2.0,2.0,1.0,2.0,2.0,208.0,0.0,5.0,23.64,13.0,1291.0,805.11,1223.0,0.0
1.0,1.0,1.0,0.0,64.0,0.0,0.0,0.0,0.0,0.0,0.0,1854.0,1209.68,996.0,0.0
2.0,3.0,3.0,1.31447,217.0,0.0,0.0,0.0,0.0,0.0,0.0,1855.0,1210.64,2017.0,0.0
1.0,1.0,4.0,1.97125,229.0,0.0,0.0,0.0,0.0,0.0,0.0,1857.0,1212.55,1021.0,0.0
1.0,2.0,2.0,0.907166,23.0,8.0,777.5,0.0,7.0,0.01,89.5,1859.0,1214.3,1000.0,0.0
1.0,1.0,1.0,0.0,8.0,6.0,168.0,1.0,6.0,1.4,24.0,1292.0,805.4,847.0,0.0
1.0,2.0,2.0,0.413817,1.0,23.0,400.0,1.0,7.0,0.76,13.5,99.0,67.26,77.0,0.0
1.0,2.0,4.0,0.586016,82.0,4.0,79.75,0.0,4.0,58.36,4.25,1293.0,804.96,848.0,0.0
1.0,2.0,2.0,0.970951,9.0,1.0,415.0,0.0,3.0,0.35,2.5,101.0,68.94,79.0,0.0
1.0,1.0,1.0,0.0,10.0,0.0,630.0,0.0,2.0,2.44,4.0,102.0,69.94,80.0,0.0
1.0,1.0,1.0,0.0,1.0,1.0,640.0,0.0,2.0,0.0,5.0,103.0,70.94,81.0,0.0
1.0,1.0,1.0,0.0,2.0,11.0,640.0,0.0,2.0,0.0,6.0,104.0,71.94,82.0,0.0
1.0,2.0,2.0,0.970951,5.0,5.0,92.0,0.0,2.0,4.07,1.0,1294.0,803.63,849.0,0.0
1.0,2.0,2.0,0.998781,146.0,0.0,0.0,0.0,0.0,0.0,0.0,1860.0,1208.75,1022.0,0.0
2.0,10.0,18.0,2.9030400000000003,167.0,27.0,239.11,0.0,7.0,40.39,17.61,1861.0,1209.4,2024.0,1.0
1.0,1.0,1.0,0.0,3.0,1.0,126.0,0.0,4.0,0.0,33.0,1862.0,1210.39,1002.0,0.0
1.0,1.0,1.0,0.0,5.0,2.0,411.0,0.0,4.0,7.9,28.0,1865.0,1211.33,1005.0,0.0
1.0,1.0,1.0,0.0,14.0,2.0,67.0,0.0,2.0,11.11,2.0,20.0,17.33,19.0,0.0
2.0,3.0,3.0,1.10501,24.0,14.0,266.33,0.0,5.0,0.07,17.33,1868.0,1213.9,2034.0,0.0
1.0,1.0,1.0,0.0,5.0,11.0,138.0,0.0,1.0,2.97,2.0,1870.0,1215.74,1027.0,0.0
1.0,6.0,10.0,3.07288,19.0,16.0,179.8,0.0,9.0,23.72,10.8,1871.0,1216.64,1010.0,1.0
1.0,1.0,1.0,0.0,6.0,0.0,70.0,0.0,1.0,2.08,1.0,1872.0,1215.99,1028.0,0.0
1.0,1.0,1.0,0.0,12.0,0.0,60.0,0.0,1.0,84.18,2.0,1874.0,1217.57,1012.0,0.0
1.0,2.0,2.0,0.849751,11.0,18.0,310.0,0.0,4.0,14.34,16.0,1295.0,801.11,13.0,0.0
1.0,1.0,1.0,0.0,1.0,1.0,1146.0,0.0,5.0,42.34,37.0,1296.0,802.11,850.0,0.0
1.0,4.0,5.0,1.91378,323.0,1.0,41.8,0.0,6.0,3.48,6.2,1298.0,804.1,74.0,0.0
1.0,3.0,4.0,1.33263,82.0,53.0,242.5,0.0,4.0,41.68,4.75,21.0,18.28,20.0,1.0
1.0,1.0,1.0,0.0,4.0,2.0,96.0,0.0,4.0,2.83,21.0,1877.0,1218.88,1015.0,0.0
2.0,8.0,8.0,2.97095,12.0,8.0,68.75,0.0,4.0,292.96,3.25,1301.0,805.86,947.0,0.0
1.0,7.0,9.0,2.70941,314.0,40.0,251.89,0.0,7.0,2.15,19.44,1879.0,1220.4,1017.0,1.0
1.0,5.0,5.0,2.19716,9.0,9.0,357.4,0.0,7.0,0.31,33.8,1880.0,1221.03,1018.0,0.0
0.0,0.0,0.0,0.0,0.0,0.0,0.0,0.0,0.0,0.0,0.0,1305.0,808.81,0.0,0.0
1.0,4.0,5.0,0.962233,185.0,7.0,134.4,0.0,9.0,11.69,18.8,1882.0,1221.26,1020.0,1.0
1.0,4.0,7.0,2.03623,85.0,63.0,219.14,0.0,4.0,54.27,4.0,22.0,19.19,21.0,1.0
1.0,1.0,1.0,0.0,8.0,5.0,225.0,0.0,1.0,8.96,12.0,1885.0,1223.73,1023.0,0.0
1.0,1.0,1.0,0.0,16.0,0.0,22.0,0.0,1.0,0.06,1.0,1886.0,1224.7,1033.0,0.0
1.0,4.0,4.0,1.54879,13.0,3.0,274.75,0.0,7.0,0.76,26.5,1887.0,1225.6,1024.0,0.0
2.0,12.0,28.0,4.14446,2716.0,0.0,40.29,0.0,10.0,1.03,3.5,1306.0,806.58,868.0,1.0
2.0,3.0,3.0,0.8683930000000001,15.0,1.0,342.0,0.0,9.0,16.49,59.0,1307.0,807.58,396.0,0.0
1.0,3.0,9.0,2.9666,312.0,274.0,101.0,0.0,1.0,0.01,0.11,1308.0,808.56,856.0,1.0
1.0,2.0,2.0,0.859532,98.0,8.0,69.5,0.0,3.0,78.53,3.0,1889.0,1223.54,1035.0,0.0
3.0,3.0,3.0,1.05377,22.0,11.0,549.33,0.0,4.0,0.12,11.67,1312.0,812.17,889.0,0.0
1.0,3.0,3.0,1.21909,96.0,0.0,30.33,0.0,1.0,3.95,0.33,1890.0,1222.64,69.0,0.0
1.0,2.0,2.0,0.962054,127.0,0.0,0.0,0.0,0.0,0.0,0.0,1891.0,1223.6,1036.0,0.0
3.0,5.0,5.0,2.19395,20.0,25.0,371.8,0.0,8.0,9.26,14.0,1313.0,812.16,892.0,0.0
1.0,1.0,1.0,0.0,2.0,2.0,460.0,0.0,3.0,0.05,15.0,1314.0,813.09,18.0,0.0
3.0,4.0,4.0,1.749,20.0,13.0,396.0,0.0,8.0,70.59,10.25,1315.0,814.09,896.0,0.0
1.0,1.0,2.0,0.787127,15.0,2.0,336.5,0.0,1.0,5.11,8.5,1895.0,1226.98,1026.0,0.0
1.0,6.0,19.0,3.52889,1921.0,0.0,0.0,0.0,0.0,0.0,0.0,298.0,180.65,157.0,1.0
1.0,1.0,1.0,0.0,0.0,0.0,0.0,0.0,1.0,0.0,1.0,299.0,181.65,158.0,0.0
4.0,5.0,5.0,2.02161,17.0,0.0,470.4,0.0,10.0,0.89,36.2,300.0,182.65,173.0,0.0
1.0,2.0,2.0,1.0,2.0,2.0,260.5,0.0,7.0,6.79,9.5,1896.0,1226.03,1027.0,0.0
1.0,1.0,1.0,0.0,9.0,8.0,161.0,0.0,1.0,0.24,7.0,1318.0,815.49,864.0,0.0
2.0,6.0,5.0,2.1867,7.0,4.0,190.6,1.0,7.0,97.56,15.2,1897.0,1226.62,2067.0,0.0
2.0,6.0,7.0,2.6003,209.0,4.0,299.14,0.0,9.0,10.96,30.43,1898.0,1227.34,2069.0,1.0
2.0,2.0,2.0,0.970951,8.0,2.0,696.0,0.0,4.0,2.06,7.5,1319.0,815.03,37.0,0.0
1.0,1.0,1.0,0.0,3.0,0.0,466.0,0.0,4.0,1.8,17.0,1320.0,816.01,21.0,0.0
1.0,2.0,2.0,0.796639,83.0,0.0,60.0,0.0,1.0,70.47,2.5,1900.0,1227.15,1041.0,0.0
1.0,1.0,1.0,0.0,1.0,1.0,109.0,0.0,2.0,1.65,5.0,1321.0,815.82,865.0,0.0
1.0,1.0,1.0,0.0,9.0,9.0,162.0,0.0,1.0,1.8,8.0,1322.0,816.82,866.0,0.0
1.0,6.0,9.0,3.03064,3.0,13.0,422.78,0.0,9.0,74.17,30.44,1323.0,817.69,381.0,0.0
1.0,35.0,52.0,4.90767,11.0,130.0,101.79,0.0,11.0,135.3,5.63,1325.0,819.69,867.0,1.0
1.0,1.0,1.0,0.0,10.0,1.0,98.0,1.0,2.0,91.83,4.0,1327.0,821.51,869.0,0.0
1.0,2.0,4.0,1.99873,116.0,0.0,73.0,0.0,8.0,30.56,7.0,1902.0,1227.05,1032.0,0.0
1.0,1.0,1.0,0.0,2.0,0.0,88.0,0.0,3.0,0.0,6.0,1331.0,824.38,873.0,0.0
1.0,2.0,2.0,0.509516,50.0,3.0,81.5,1.0,5.0,8.49,10.5,1904.0,1227.24,1034.0,1.0
1.0,2.0,3.0,1.41345,122.0,0.0,30.67,0.0,3.0,32.01,2.0,1905.0,1228.23,1035.0,0.0
1.0,2.0,3.0,1.56638,100.0,0.0,0.0,0.0,0.0,0.0,0.0,1907.0,1230.05,1042.0,0.0
1.0,1.0,1.0,0.0,3.0,3.0,76.0,0.0,1.0,9.22,2.0,1910.0,1232.79,1045.0,0.0
1.0,1.0,1.0,0.0,2.0,2.0,71.0,0.0,1.0,14.27,1.0,1911.0,1233.78,1046.0,0.0
1.0,3.0,11.0,1.68478,129.0,175.0,151.27,0.0,2.0,3.86,0.18,1912.0,1234.77,1047.0,1.0
1.0,1.0,1.0,0.0,1.0,1.0,94.0,0.0,4.0,1.23,9.0,302.0,183.4,160.0,0.0
1.0,1.0,2.0,1.0,2.0,2.0,89.0,0.0,3.0,29.29,6.5,1913.0,1235.72,1037.0,0.0
1.0,1.0,1.0,0.0,5.0,2.0,2174.0,0.0,9.0,1.26,191.0,303.0,184.4,107.0,0.0
1.0,1.0,7.0,2.58184,3.0,271.0,48.71,0.0,7.0,191.43,5.14,1914.0,1236.71,1038.0,0.0
1.0,1.0,1.0,0.0,5.0,0.0,582.0,0.0,5.0,26.42,41.0,304.0,185.39,161.0,0.0
1.0,1.0,15.0,3.85217,17.0,17.0,80.47,0.0,2.0,26.11,0.6,305.0,186.39,162.0,0.0
3.0,4.0,4.0,1.15111,12.0,188.0,436.75,0.0,7.0,16.07,14.0,1916.0,1238.51,140.0,0.0
3.0,4.0,4.0,1.63932,9.0,10.0,429.75,0.0,7.0,7.26,15.0,1917.0,1238.02,143.0,0.0
1.0,2.0,3.0,1.04328,90.0,8.0,64.33,0.0,4.0,70.2,5.33,1918.0,1238.99,1048.0,1.0
1.0,1.0,1.0,0.0,1.0,1.0,296.0,0.0,6.0,81.39,27.0,1333.0,824.41,874.0,0.0
1.0,1.0,1.0,0.0,1.0,1.0,226.0,0.0,5.0,41.87,22.0,1921.0,1239.41,1041.0,0.0
1.0,1.0,1.0,0.0,1.0,3.0,150.0,0.0,3.0,1.29,7.0,1334.0,823.76,75.0,0.0
1.0,1.0,1.0,0.0,1.0,1.0,180.0,0.0,5.0,198.77,12.0,1335.0,823.93,875.0,0.0
1.0,1.0,2.0,0.997503,17.0,0.0,156.0,0.0,5.0,78.44,15.5,1923.0,1239.2,1042.0,0.0
1.0,3.0,4.0,1.51499,102.0,20.0,533.25,0.0,7.0,26.43,52.25,1924.0,1239.86,1043.0,1.0
1.0,1.0,2.0,0.292322,214.0,0.0,0.0,0.0,0.0,0.0,0.0,307.0,187.38,163.0,0.0
1.0,2.0,2.0,0.0,0.0,0.0,107.0,0.0,1.0,336.78,0.5,308.0,188.38,32.0,0.0
1.0,1.0,2.0,0.292322,214.0,0.0,0.0,0.0,0.0,0.0,0.0,311.0,191.35,7.0,0.0
1.0,2.0,2.0,1.0,0.0,152.0,76.0,0.0,1.0,9.39,1.5,1928.0,1242.1,1051.0,0.0
1.0,2.0,4.0,1.45313,97.0,14.0,61.25,0.0,1.0,108.53,1.5,1929.0,1243.08,1052.0,1.0
1.0,1.0,4.0,1.75882,33.0,30.0,78.0,0.0,3.0,47.98,2.5,1933.0,1246.53,1055.0,0.0
1.0,1.0,1.0,0.0,1.0,2.0,413.0,0.0,3.0,5.26,11.0,1338.0,824.77,24.0,0.0
1.0,2.0,3.0,1.44665,12.0,5.0,102.33,0.0,4.0,38.38,6.33,1339.0,824.81,877.0,0.0
1.0,2.0,3.0,0.840491,18.0,5.0,245.67,0.0,5.0,39.78,15.67,1936.0,1247.67,1051.0,0.0
1.0,2.0,2.0,0.663197,22.0,7.0,179.5,0.0,2.0,0.83,7.5,1937.0,1248.59,1052.0,0.0
1.0,1.0,1.0,0.0,1.0,2.0,48.0,0.0,1.0,0.94,1.0,1938.0,1249.55,1057.0,0.0
1.0,1.0,1.0,0.0,6.0,0.0,55.0,0.0,1.0,194.0,1.0,1939.0,1250.55,1053.0,0.0
1.0,1.0,1.0,0.0,5.0,3.0,93.0,0.0,1.0,68.11,1.0,1940.0,1251.53,1058.0,0.0
4.0,13.0,25.0,3.80462,1276.0,1.0,108.92,0.0,10.0,7.53,7.92,1942.0,1253.41,1093.0,1.0
1.0,2.0,2.0,0.94566,9.0,2.0,250.5,0.0,4.0,22.08,15.5,1944.0,1255.26,1054.0,0.0
2.0,3.0,3.0,0.59113,18.0,79.0,605.33,0.0,6.0,0.07,20.33,1340.0,825.39,43.0,0.0
2.0,3.0,3.0,0.84477,22.0,57.0,553.33,0.0,5.0,4.48,7.33,1341.0,826.3,45.0,0.0
1.0,1.0,1.0,0.0,72.0,0.0,0.0,0.0,0.0,0.0,0.0,312.0,191.72,165.0,0.0
1.0,1.0,1.0,0.0,6.0,1.0,258.0,0.0,2.0,1.01,15.0,1344.0,828.11,382.0,0.0
1.0,1.0,1.0,0.0,1.0,1.0,263.0,0.0,2.0,0.06,16.0,1345.0,829.01,383.0,0.0
1.0,1.0,2.0,0.998582,203.0,0.0,0.0,0.0,0.0,0.0,0.0,1947.0,1255.84,1056.0,0.0
1.0,1.0,1.0,0.0,1.0,0.0,309.0,0.0,7.0,7.99,91.0,43.0,17.39,21.0,0.0
1.0,2.0,2.0,0.918296,5.0,1.0,284.0,0.0,6.0,1.82,22.0,44.0,18.39,2.0,0.0
1.0,1.0,1.0,0.0,1.0,1.0,671.0,0.0,9.0,5.0,306.0,45.0,19.39,10.0,0.0
1.0,1.0,1.0,0.0,78.0,0.0,0.0,0.0,0.0,0.0,0.0,1949.0,1255.91,1058.0,0.0
1.0,1.0,1.0,0.0,80.0,0.0,0.0,0.0,0.0,0.0,0.0,1950.0,1256.58,1059.0,0.0
1.0,2.0,2.0,0.983559,73.0,0.0,0.0,0.0,0.0,0.0,0.0,1951.0,1257.57,1063.0,0.0
4.0,17.0,26.0,3.90981,1219.0,51.0,154.88,0.0,10.0,33.03,11.58,1952.0,1258.55,2155.0,1.0
0.0,0.0,0.0,0.0,0.0,0.0,0.0,0.0,0.0,0.0,0.0,1953.0,1259.55,0.0,0.0
1.0,2.0,2.0,0.979869,9.0,3.0,286.0,0.0,6.0,3.07,22.5,1346.0,824.08,27.0,0.0
1.0,2.0,2.0,0.829607,51.0,33.0,289.0,0.0,6.0,0.03,23.0,47.0,21.3,3.0,0.0
1.0,5.0,6.0,2.31816,314.0,0.0,14.0,0.0,1.0,4.69,0.17,1957.0,1256.0,1064.0,0.0
1.0,2.0,2.0,0.918296,5.0,1.0,264.5,0.0,4.0,5.58,8.5,1348.0,824.95,28.0,0.0
1.0,1.0,1.0,0.0,1.0,1.0,686.0,0.0,9.0,11.82,256.0,1349.0,825.94,53.0,0.0
1.0,1.0,1.0,0.0,2.0,2.0,160.0,0.0,4.0,0.02,13.0,1350.0,826.92,29.0,0.0
1.0,2.0,2.0,0.8162550000000001,49.0,30.0,266.5,0.0,4.0,0.02,9.5,1351.0,827.91,30.0,0.0
1.0,2.0,2.0,0.595467,97.0,0.0,1088.5,0.0,9.0,5.38,96.0,1958.0,1255.55,1065.0,0.0
2.0,2.0,3.0,1.53013,8.0,7.0,236.0,0.0,5.0,191.92,6.67,1959.0,1256.46,1082.0,0.0
1.0,2.0,3.0,1.51361,240.0,0.0,51.33,0.0,1.0,59.71,0.67,1961.0,1258.23,1068.0,0.0
1.0,1.0,12.0,2.88278,93.0,21.0,50.0,0.0,2.0,1.14,0.17,1352.0,828.25,77.0,0.0
1.0,1.0,1.0,0.0,40.0,0.0,0.0,0.0,0.0,0.0,0.0,1354.0,830.24,78.0,0.0
1.0,2.0,11.0,2.75314,58.0,15.0,184.09,0.0,5.0,21.32,3.55,1963.0,1259.84,1070.0,1.0
3.0,3.0,3.0,1.35164,7.0,2.0,585.33,0.0,7.0,0.52,21.67,1355.0,830.47,934.0,0.0
3.0,5.0,5.0,2.04191,27.0,7.0,374.2,0.0,8.0,57.36,8.4,1357.0,832.38,938.0,0.0
3.0,3.0,3.0,1.35164,7.0,2.0,537.0,0.0,6.0,0.02,10.0,1358.0,833.35,941.0,0.0
1.0,1.0,1.0,0.0,1.0,1.0,394.0,0.0,3.0,0.02,17.0,1359.0,834.32,36.0,0.0
1.0,1.0,1.0,0.0,94.0,0.0,0.0,0.0,0.0,0.0,0.0,1964.0,1259.24,1071.0,0.0
1.0,1.0,1.0,0.0,69.0,0.0,0.0,0.0,0.0,0.0,0.0,1966.0,1260.38,1073.0,0.0
3.0,12.0,30.0,4.32567,1774.0,2.0,68.43,0.0,10.0,0.66,5.93,1968.0,1260.25,1098.0,1.0
0.0,0.0,0.0,0.0,0.0,0.0,0.0,0.0,0.0,0.0,0.0,1969.0,1261.25,0.0,0.0
1.0,1.0,1.0,0.0,2.0,0.0,88.0,0.0,5.0,90.61,9.0,1970.0,1260.54,1066.0,0.0
1.0,7.0,12.0,2.4624,352.0,59.0,143.67,0.0,4.0,57.56,2.08,25.0,21.11,24.0,1.0
1.0,2.0,3.0,1.31067,39.0,40.0,165.33,0.0,7.0,225.2,13.0,1972.0,1261.82,1076.0,0.0
1.0,1.0,4.0,2.0,7.0,1.0,89.0,0.0,6.0,27.69,3.75,1973.0,1262.79,1067.0,0.0
1.0,6.0,9.0,1.98774,0.0,237.0,142.0,0.0,9.0,80.91,9.11,1974.0,1263.79,1077.0,0.0
1.0,1.0,1.0,0.0,16.0,0.0,257.0,0.0,1.0,0.0,1.0,1976.0,1265.67,1079.0,0.0
1.0,1.0,3.0,1.53309,115.0,0.0,0.0,0.0,0.0,0.0,0.0,1977.0,1265.2,1080.0,0.0
1.0,1.0,3.0,1.25823,22.0,13.0,253.33,1.0,5.0,166.75,17.67,1981.0,1268.98,1070.0,0.0
3.0,23.0,23.0,4.44386,47.0,3.0,34.74,0.0,7.0,363.91,2.13,1982.0,1269.93,1172.0,0.0
1.0,1.0,1.0,0.0,1.0,1.0,43.0,0.0,4.0,0.0,15.0,1983.0,1270.92,1084.0,0.0
1.0,3.0,3.0,0.963737,109.0,2.0,192.33,0.0,5.0,82.48,13.67,1985.0,1272.72,1072.0,0.0
1.0,5.0,6.0,2.4633700000000003,9.0,8.0,171.67,0.0,4.0,2.94,4.33,1986.0,1273.3,1085.0,0.0
1.0,1.0,2.0,0.292322,214.0,0.0,0.0,0.0,0.0,0.0,0.0,1989.0,1274.57,69.0,0.0
1.0,1.0,1.0,0.0,1.0,2.0,55.0,0.0,1.0,127.93,1.0,1990.0,1275.56,1088.0,0.0
1.0,3.0,7.0,2.11013,25.0,15.0,77.57,0.0,3.0,140.49,4.86,1991.0,1276.52,1089.0,0.0
1.0,1.0,1.0,0.0,1.0,1.0,60.0,0.0,1.0,0.85,2.0,1993.0,1276.62,1091.0,0.0
1.0,3.0,3.0,1.12666,59.0,21.0,754.33,0.0,10.0,20.25,64.67,1994.0,1277.61,1092.0,0.0
1.0,1.0,1.0,0.0,112.0,0.0,0.0,0.0,0.0,0.0,0.0,1996.0,1279.25,1094.0,0.0
1.0,1.0,1.0,0.0,1.0,0.0,165.0,0.0,7.0,20.15,40.0,48.0,21.97,24.0,0.0
2.0,9.0,17.0,2.9809400000000004,2181.0,0.0,77.06,0.0,10.0,0.69,6.59,49.0,22.97,27.0,1.0
1.0,1.0,1.0,0.0,1.0,1.0,101.0,0.0,10.0,0.73,88.0,1998.0,1274.52,1074.0,0.0
1.0,1.0,1.0,0.0,1.0,1.0,94.0,0.0,10.0,0.73,62.0,1999.0,1275.52,1075.0,0.0
1.0,1.0,1.0,0.0,10.0,0.0,302.0,0.0,4.0,294.49,12.0,2000.0,1276.5,18.0,0.0
1.0,1.0,1.0,0.0,10.0,0.0,302.0,0.0,4.0,294.51,12.0,2001.0,1277.43,19.0,0.0
1.0,1.0,1.0,0.0,7.0,0.0,377.0,0.0,5.0,4.87,49.0,2002.0,1278.39,1076.0,0.0
1.0,1.0,1.0,0.0,7.0,0.0,362.0,0.0,5.0,4.89,41.0,2003.0,1279.34,1077.0,0.0
1.0,1.0,1.0,0.0,8.0,0.0,244.0,0.0,6.0,170.93,20.0,2005.0,1281.31,1096.0,0.0
1.0,1.0,1.0,0.0,2.0,1.0,515.0,1.0,7.0,59.03,39.0,2006.0,1281.98,1079.0,0.0
1.0,1.0,1.0,0.0,80.0,0.0,0.0,0.0,0.0,0.0,0.0,2009.0,1284.76,1098.0,0.0
1.0,1.0,1.0,0.0,2.0,1.0,59.0,0.0,3.0,219.31,5.0,2011.0,1286.66,1081.0,0.0
1.0,1.0,1.0,0.0,14.0,13.0,173.0,0.0,8.0,21.28,30.0,1361.0,823.85,884.0,0.0
2.0,4.0,5.0,0.742183,91.0,87.0,432.0,0.0,7.0,63.59,38.0,52.0,25.92,32.0,0.0
1.0,1.0,1.0,0.0,0.0,8.0,408.0,0.0,1.0,0.05,3.0,54.0,27.92,30.0,0.0
1.0,1.0,1.0,0.0,0.0,127.0,127.0,0.0,6.0,252.94,8.0,313.0,187.71,166.0,0.0
1.0,2.0,2.0,1.0,3.0,1.0,150.5,0.0,8.0,88.38,21.0,314.0,188.71,167.0,0.0
1.0,1.0,1.0,0.0,1.0,1.0,324.0,0.0,1.0,1.86,1.0,56.0,29.89,32.0,0.0
1.0,1.0,1.0,0.0,0.0,1.0,91.0,0.0,5.0,0.0,22.0,2014.0,1287.74,1101.0,0.0
1.0,2.0,2.0,0.941595,92.0,0.0,0.0,0.0,0.0,0.0,0.0,2015.0,1288.7,1083.0,0.0
1.0,1.0,1.0,0.0,4.0,3.0,134.0,0.0,2.0,510.89,2.0,1363.0,824.46,886.0,0.0
1.0,1.0,1.0,0.0,4.0,2.0,1227.0,0.0,5.0,0.99,37.0,57.0,30.87,6.0,0.0
1.0,1.0,1.0,0.0,4.0,2.0,1126.0,0.0,4.0,1.32,14.0,1365.0,825.64,24.0,0.0
1.0,2.0,2.0,1.0,2.0,0.0,433.0,0.0,7.0,1.27,47.0,1366.0,826.44,888.0,0.0
1.0,2.0,4.0,2.0,4.0,4.0,229.25,0.0,3.0,71.85,13.25,2017.0,1283.31,1103.0,0.0
1.0,3.0,3.0,0.115855,420.0,403.0,315.0,0.0,7.0,40.28,33.33,1370.0,827.1,890.0,0.0
1.0,2.0,2.0,0.999806,122.0,0.0,443.0,0.0,7.0,0.01,48.0,1371.0,828.09,891.0,0.0
1.0,1.0,1.0,0.0,68.0,0.0,474.0,0.0,7.0,3.76,73.0,1373.0,830.05,893.0,0.0
1.0,8.0,15.0,3.4376900000000004,963.0,33.0,63.47,0.0,4.0,74.08,1.8,26.0,21.59,25.0,1.0
1.0,2.0,4.0,1.56192,97.0,7.0,27.25,0.0,3.0,102.76,2.0,2019.0,1285.07,1105.0,0.0
1.0,2.0,3.0,1.13413,171.0,12.0,23.0,0.0,3.0,59.33,1.33,2020.0,1285.96,1106.0,0.0
1.0,1.0,1.0,0.0,1.0,71.0,470.0,0.0,3.0,0.82,8.0,1374.0,829.88,894.0,0.0
2.0,2.0,2.0,0.872475,29.0,70.0,883.5,0.0,7.0,2.26,61.5,1375.0,830.87,920.0,0.0
1.0,2.0,3.0,1.34221,228.0,55.0,221.67,1.0,6.0,111.76,9.67,2024.0,1288.23,1110.0,1.0
2.0,2.0,2.0,0.904381,31.0,69.0,835.0,0.0,7.0,2.04,43.5,1376.0,831.83,922.0,0.0
1.0,2.0,8.0,0.17369500000000002,407.0,407.0,228.75,0.0,3.0,5.17,1.13,1377.0,832.81,897.0,0.0
0.0,0.0,0.0,0.0,0.0,0.0,0.0,0.0,0.0,0.0,0.0,1379.0,834.79,0.0,0.0
0.0,0.0,0.0,0.0,0.0,0.0,0.0,0.0,0.0,0.0,0.0,1380.0,835.78,0.0,0.0
1.0,2.0,2.0,0.591673,7.0,7.0,39.0,0.0,2.0,93.16,1.5,1381.0,836.78,899.0,0.0
1.0,3.0,3.0,1.21591,18.0,18.0,486.0,0.0,6.0,0.05,19.0,2026.0,1290.02,1112.0,0.0
2.0,2.0,2.0,0.970951,10.0,0.0,240.0,0.0,5.0,14.25,15.0,1384.0,839.56,119.0,0.0
1.0,1.0,1.0,0.0,4.0,0.0,394.0,0.0,3.0,13.34,18.0,1385.0,840.53,38.0,0.0
1.0,2.0,3.0,0.419024,217.0,1.0,24.0,0.0,1.0,2.05,0.33,1386.0,841.46,901.0,0.0
1.0,1.0,1.0,0.0,16.0,0.0,19.0,0.0,1.0,0.0,1.0,316.0,189.1,169.0,0.0
1.0,1.0,1.0,0.0,2.0,7.0,41.0,0.0,1.0,0.01,1.0,317.0,190.09,170.0,0.0
0.0,0.0,0.0,0.0,0.0,0.0,0.0,0.0,0.0,0.0,0.0,1388.0,842.76,0.0,0.0
1.0,3.0,6.0,2.26898,21.0,20.0,59.0,0.0,6.0,482.9,2.83,2028.0,1289.85,1085.0,0.0
1.0,1.0,1.0,0.0,0.0,1.0,96.0,0.0,1.0,30.34,2.0,318.0,190.83,19.0,0.0
1.0,1.0,1.0,0.0,1.0,1.0,59.0,0.0,7.0,52.43,30.0,319.0,191.83,33.0,0.0
1.0,1.0,1.0,0.0,0.0,4.0,148.0,0.0,3.0,1.21,16.0,320.0,192.82,20.0,0.0
1.0,5.0,5.0,1.81999,126.0,5.0,365.6,0.0,6.0,0.53,12.0,2032.0,1293.13,1116.0,0.0
1.0,1.0,1.0,0.0,53.0,0.0,246.0,0.0,5.0,0.03,15.0,2033.0,1294.05,1117.0,0.0
1.0,1.0,1.0,0.0,1.0,1.0,1258.0,0.0,5.0,0.42,41.0,321.0,193.78,1.0,0.0
1.0,1.0,1.0,0.0,2.0,2.0,481.0,0.0,6.0,169.08,33.0,322.0,194.77,171.0,0.0
1.0,1.0,1.0,0.0,1.0,1.0,74.0,0.0,5.0,52.63,26.0,323.0,195.76,34.0,0.0
2.0,4.0,6.0,2.17574,11.0,12.0,72.0,0.0,2.0,34.64,1.83,2034.0,1293.34,2205.0,0.0
1.0,1.0,1.0,0.0,48.0,0.0,40.0,0.0,1.0,123.29,2.0,1390.0,842.5,903.0,0.0
2.0,2.0,2.0,1.0,2.0,2.0,313.0,0.0,4.0,39.25,15.0,1391.0,843.49,1294.0,0.0
2.0,4.0,4.0,1.76924,69.0,0.0,546.75,0.0,8.0,14.91,58.75,1392.0,844.48,1296.0,0.0
1.0,2.0,2.0,0.918296,2.0,1.0,66.0,0.0,7.0,157.68,21.0,325.0,197.48,21.0,0.0
1.0,2.0,2.0,0.97245,77.0,0.0,0.0,0.0,0.0,0.0,0.0,2036.0,1293.38,1088.0,0.0
1.0,2.0,2.0,0.208181,60.0,1.0,258.0,1.0,7.0,3.89,20.0,2037.0,1294.37,1089.0,1.0
1.0,1.0,1.0,0.0,1.0,1.0,465.0,1.0,5.0,7.78,30.0,2038.0,1295.36,1090.0,0.0
1.0,1.0,1.0,0.0,129.0,0.0,0.0,0.0,0.0,0.0,0.0,2042.0,1299.16,1121.0,0.0
2.0,3.0,6.0,1.50103,43.0,173.0,151.33,0.0,6.0,106.94,12.83,2044.0,1300.87,2216.0,1.0
1.0,1.0,3.0,0.448747,53.0,2.0,41.0,0.0,5.0,203.23,7.33,2046.0,1302.78,1095.0,0.0
1.0,1.0,1.0,0.0,11.0,0.0,1258.0,0.0,5.0,1.66,43.0,326.0,198.18,3.0,0.0
1.0,1.0,2.0,0.988699,112.0,0.0,0.0,0.0,0.0,0.0,0.0,2048.0,1304.21,1096.0,0.0
1.0,1.0,1.0,0.0,2.0,1.0,94.0,0.0,1.0,165.94,1.0,2050.0,1304.74,1125.0,0.0
1.0,2.0,2.0,1.0,7.0,5.0,70.0,0.0,2.0,2.39,1.0,1393.0,842.78,906.0,0.0
1.0,1.0,2.0,0.907525,96.0,0.0,0.0,0.0,0.0,0.0,0.0,2051.0,1303.02,1126.0,0.0
1.0,3.0,10.0,3.12991,0.0,27.0,52.6,0.0,2.0,57.05,1.3,2054.0,1305.46,1099.0,0.0
1.0,1.0,1.0,0.0,24.0,3.0,143.0,1.0,4.0,40.33,15.0,2055.0,1306.04,1129.0,0.0
1.0,4.0,4.0,1.7358900000000002,87.0,67.0,51.75,0.0,3.0,227.68,2.25,1394.0,841.12,907.0,0.0
1.0,2.0,5.0,2.27028,302.0,2.0,121.4,1.0,6.0,2.16,11.6,2056.0,1305.87,1130.0,1.0
1.0,1.0,1.0,0.0,1.0,1.0,656.0,1.0,6.0,0.01,59.0,2057.0,1306.85,1131.0,0.0
1.0,2.0,2.0,0.949452,16.0,3.0,141.0,0.0,3.0,144.95,7.0,38.0,18.43,16.0,0.0
1.0,3.0,10.0,2.94042,585.0,90.0,49.2,0.0,4.0,189.76,2.6,2059.0,1308.39,1101.0,0.0
1.0,2.0,2.0,0.8857709999999999,115.0,20.0,138.5,0.0,4.0,58.62,15.5,2060.0,1309.39,1102.0,1.0
1.0,1.0,2.0,0.116115,64.0,0.0,31.5,0.0,4.0,39.88,2.5,2061.0,1310.33,1103.0,0.0
1.0,1.0,2.0,0.77935,7.0,6.0,76.0,0.0,1.0,0.3,0.5,329.0,200.08,109.0,0.0
2.0,2.0,2.0,0.09597,350.0,379.0,771.5,0.0,5.0,14.66,25.0,330.0,201.03,15.0,0.0
3.0,4.0,4.0,0.814142,18.0,23.0,539.25,0.0,10.0,17.24,41.25,331.0,202.02,216.0,0.0
1.0,5.0,11.0,2.366,194.0,117.0,79.55,0.0,6.0,186.19,3.0,1395.0,840.57,908.0,0.0
1.0,5.0,9.0,1.03669,282.0,7.0,222.44,0.0,11.0,34.09,21.11,2064.0,1311.49,1134.0,1.0
2.0,5.0,6.0,2.32996,8.0,10.0,66.83,0.0,2.0,130.86,2.83,2065.0,1312.49,2240.0,0.0
1.0,2.0,2.0,1.0,2.0,2.0,107.5,0.0,1.0,67.92,2.0,2066.0,1313.44,1136.0,0.0
1.0,4.0,14.0,3.12381,0.0,27.0,91.71,0.0,5.0,117.74,2.14,332.0,202.72,175.0,0.0
3.0,3.0,3.0,0.944481,154.0,172.0,726.67,0.0,9.0,8.99,116.33,333.0,203.72,36.0,0.0
1.0,2.0,3.0,0.73453,28.0,28.0,274.67,0.0,9.0,628.45,35.33,362.0,204.32,46.0,0.0
1.0,1.0,2.0,1.0,4.0,4.0,97.5,0.0,1.0,942.13,1.0,363.0,205.32,47.0,0.0
1.0,2.0,2.0,0.993357,70.0,3.0,419.0,0.0,3.0,43.81,3.0,106.0,68.09,84.0,0.0
1.0,2.0,3.0,1.21906,6.0,57.0,812.67,0.0,7.0,12.38,33.67,2077.0,1321.3,1114.0,0.0
1.0,1.0,2.0,0.918296,1.0,2.0,41.5,0.0,4.0,189.29,3.5,336.0,206.27,177.0,0.0
1.0,2.0,4.0,1.6905,143.0,170.0,228.0,0.0,8.0,51.6,14.5,107.0,68.95,85.0,1.0
1.0,3.0,4.0,1.7703,74.0,4.0,44.5,1.0,4.0,8.21,4.25,1397.0,839.6,910.0,0.0
1.0,2.0,2.0,0.978162,121.0,0.0,0.0,0.0,0.0,0.0,0.0,2078.0,1320.71,1141.0,0.0
2.0,6.0,9.0,2.72866,268.0,62.0,294.22,0.0,9.0,45.22,32.0,2079.0,1321.49,2257.0,1.0
1.0,3.0,4.0,1.68009,76.0,2.0,39.25,0.0,1.0,7.51,1.75,1399.0,841.35,912.0,0.0
1.0,3.0,4.0,1.68009,76.0,2.0,28.0,0.0,1.0,68.19,0.25,1400.0,842.34,913.0,0.0
2.0,3.0,3.0,1.5,4.0,4.0,505.0,0.0,6.0,56.35,18.33,1401.0,843.29,942.0,0.0
1.0,1.0,1.0,0.0,12.0,0.0,1303.0,0.0,6.0,0.79,53.0,2080.0,1322.35,1116.0,0.0
1.0,2.0,3.0,1.54759,109.0,0.0,0.0,0.0,0.0,0.0,0.0,2083.0,1325.08,1119.0,0.0
2.0,5.0,9.0,2.69676,266.0,0.0,18.56,0.0,5.0,36.03,2.78,2084.0,1325.93,2263.0,1.0
1.0,1.0,1.0,0.0,2.0,0.0,37.0,0.0,1.0,0.06,1.0,2086.0,1327.79,1121.0,0.0
5.0,7.0,10.0,2.83393,28.0,24.0,251.4,0.0,9.0,36.54,35.7,340.0,209.92,323.0,0.0
1.0,1.0,1.0,0.0,76.0,0.0,0.0,0.0,0.0,0.0,0.0,2088.0,1327.89,1146.0,0.0
1.0,1.0,1.0,0.0,7.0,2.0,261.0,1.0,3.0,0.04,32.0,2090.0,1329.55,1148.0,0.0
1.0,1.0,1.0,0.0,59.0,0.0,0.0,0.0,0.0,0.0,0.0,2091.0,1330.3,1149.0,0.0
1.0,1.0,1.0,0.0,8.0,2.0,89.0,0.0,1.0,103.14,1.0,341.0,210.54,180.0,0.0
1.0,1.0,1.0,0.0,3.0,0.0,105.0,0.0,3.0,129.39,7.0,342.0,211.53,181.0,0.0
1.0,1.0,1.0,0.0,1.0,0.0,33.0,0.0,1.0,10.17,2.0,2094.0,1328.5,1125.0,0.0
1.0,2.0,2.0,1.0,2.0,2.0,490.0,0.0,8.0,0.68,31.5,1402.0,838.39,393.0,0.0
1.0,3.0,5.0,2.22371,115.0,6.0,44.2,0.0,4.0,52.04,3.6,1403.0,839.33,915.0,1.0
1.0,1.0,2.0,0.991076,7.0,2.0,114.5,0.0,2.0,19.07,4.0,1404.0,840.32,916.0,0.0
1.0,1.0,1.0,0.0,51.0,0.0,0.0,0.0,0.0,0.0,0.0,2098.0,1330.19,1153.0,0.0
1.0,1.0,1.0,0.0,19.0,4.0,51.0,1.0,1.0,0.05,1.0,2099.0,1331.06,1154.0,0.0
1.0,2.0,2.0,0.909736,120.0,0.0,0.0,0.0,0.0,0.0,0.0,2100.0,1332.03,1128.0,0.0
1.0,1.0,1.0,0.0,36.0,36.0,210.0,0.0,5.0,6.5,38.0,344.0,212.37,1.0,0.0
1.0,1.0,1.0,0.0,23.0,14.0,210.0,0.0,6.0,0.38,39.0,1405.0,840.1,39.0,0.0
1.0,5.0,9.0,2.58515,119.0,21.0,214.44,0.0,7.0,40.24,20.56,2101.0,1331.13,1155.0,1.0
1.0,1.0,1.0,0.0,35.0,35.0,206.0,0.0,4.0,0.01,17.0,1407.0,841.87,41.0,0.0
1.0,1.0,1.0,0.0,2.0,38.0,372.0,0.0,9.0,40.1,71.0,1409.0,843.76,917.0,0.0
1.0,1.0,1.0,0.0,2.0,32.0,342.0,0.0,9.0,40.1,56.0,1410.0,844.75,918.0,0.0
1.0,1.0,1.0,0.0,2.0,1.0,126.0,0.0,4.0,0.0,11.0,2103.0,1332.7,1157.0,0.0
1.0,1.0,1.0,0.0,0.0,1.0,137.0,1.0,4.0,126.08,8.0,1411.0,845.64,919.0,0.0
1.0,1.0,1.0,0.0,1.0,2.0,137.0,1.0,4.0,126.07,8.0,1412.0,846.63,920.0,0.0
1.0,1.0,1.0,0.0,24.0,3.0,629.0,0.0,6.0,4.84,31.0,2105.0,1334.38,1159.0,0.0
1.0,2.0,2.0,0.362051,4.0,25.0,542.5,0.0,6.0,0.02,42.5,2106.0,1335.34,1160.0,1.0
2.0,2.0,2.0,0.997503,16.0,18.0,1013.0,0.0,9.0,5.09,174.0,346.0,214.05,29.0,0.0
1.0,1.0,1.0,0.0,9.0,3.0,170.0,0.0,2.0,157.75,3.0,347.0,214.89,115.0,0.0
1.0,1.0,1.0,0.0,1.0,1.0,1280.0,0.0,5.0,0.42,51.0,1413.0,846.76,29.0,0.0
1.0,1.0,1.0,0.0,1.0,1.0,142.0,0.0,3.0,40.78,10.0,1414.0,847.76,97.0,0.0
1.0,1.0,1.0,0.0,2.0,1.0,144.0,0.0,2.0,5.51,3.0,2107.0,1334.7,1161.0,0.0
1.0,1.0,1.0,0.0,11.0,8.0,186.0,0.0,7.0,1.22,57.0,348.0,215.66,183.0,0.0
1.0,1.0,1.0,0.0,0.0,265.0,265.0,0.0,1.0,0.02,1.0,109.0,70.1,87.0,0.0
1.0,2.0,3.0,1.54857,16.0,1.0,113.33,0.0,1.0,0.05,0.33,110.0,71.1,88.0,0.0
1.0,1.0,1.0,0.0,4.0,5.0,52.0,0.0,2.0,91.61,3.0,364.0,203.5,169.0,0.0
2.0,14.0,20.0,3.86471,1040.0,10.0,74.95,0.0,8.0,13.83,6.25,2108.0,1333.01,2292.0,1.0
1.0,6.0,6.0,2.39874,31.0,0.0,127.83,0.0,9.0,57.52,10.67,1417.0,848.68,98.0,0.0
2.0,7.0,10.0,2.70843,588.0,4.0,50.1,0.0,5.0,12.53,2.3,2110.0,1334.73,1237.0,1.0
1.0,2.0,3.0,1.49639,38.0,2.0,974.33,1.0,10.0,2.06,76.33,2111.0,1335.68,1165.0,0.0
1.0,1.0,3.0,1.57154,18.0,0.0,126.33,0.0,6.0,253.29,11.33,1418.0,849.58,99.0,0.0
1.0,3.0,3.0,1.50955,16.0,15.0,141.67,0.0,6.0,48.25,12.0,1419.0,850.55,100.0,0.0
1.0,1.0,3.0,1.5,4.0,4.0,370.67,0.0,8.0,0.84,22.0,111.0,71.99,89.0,1.0
1.0,1.0,1.0,0.0,1.0,2.0,41.0,0.0,4.0,163.59,5.0,1421.0,851.68,101.0,0.0
1.0,1.0,1.0,0.0,5.0,2.0,44.0,0.0,1.0,0.05,2.0,1423.0,853.52,103.0,0.0
1.0,2.0,4.0,1.6808599999999998,119.0,10.0,212.25,0.0,3.0,66.86,15.25,2112.0,1334.62,1166.0,1.0
1.0,3.0,3.0,1.06634,22.0,25.0,286.33,0.0,4.0,14.42,21.67,2113.0,1335.43,1167.0,0.0
1.0,4.0,4.0,1.31769,72.0,6.0,40.0,1.0,4.0,96.47,3.5,2114.0,1331.13,1168.0,0.0
3.0,5.0,5.0,2.0095400000000003,27.0,11.0,78.2,0.0,1.0,2.51,0.8,2116.0,1333.07,2375.0,0.0
1.0,4.0,5.0,1.95207,253.0,57.0,109.8,0.0,7.0,24.19,7.6,2119.0,1334.18,1172.0,1.0
1.0,4.0,5.0,2.25968,190.0,2.0,15.4,0.0,7.0,0.8,5.6,1425.0,850.66,105.0,0.0
1.0,2.0,2.0,0.6962119999999999,47.0,1.0,55.0,0.0,3.0,35.65,8.0,1426.0,851.66,106.0,1.0
1.0,1.0,2.0,1.0,2.0,2.0,74.0,0.0,4.0,176.77,6.0,1428.0,853.64,108.0,0.0
2.0,8.0,13.0,2.90897,199.0,54.0,378.23,0.0,9.0,18.03,25.69,2120.0,1334.93,2306.0,1.0
1.0,4.0,4.0,1.91804,21.0,8.0,69.0,0.0,3.0,0.03,6.0,1429.0,854.6,109.0,0.0
1.0,1.0,1.0,0.0,4.0,0.0,38.0,0.0,1.0,174.17,2.0,2121.0,1335.83,1134.0,0.0
1.0,2.0,2.0,0.721928,9.0,1.0,61.0,0.0,1.0,0.93,1.5,2122.0,1336.75,76.0,0.0
3.0,8.0,8.0,2.69468,27.0,27.0,136.25,0.0,1.0,1.63,3.38,2124.0,1336.69,2387.0,0.0
1.0,1.0,1.0,0.0,4.0,4.0,88.0,0.0,1.0,0.02,5.0,2125.0,1337.64,78.0,0.0
1.0,1.0,1.0,0.0,5.0,5.0,84.0,0.0,1.0,5.07,1.0,2126.0,1338.52,1136.0,0.0
1.0,1.0,1.0,0.0,3.0,0.0,117.0,0.0,2.0,54.98,9.0,2127.0,1339.51,1137.0,0.0
1.0,2.0,2.0,0.995558,102.0,0.0,0.0,0.0,0.0,0.0,0.0,2129.0,1340.9,1139.0,0.0
1.0,1.0,1.0,0.0,6.0,0.0,296.0,0.0,6.0,45.61,28.0,1431.0,854.16,923.0,0.0
1.0,1.0,1.0,0.0,6.0,0.0,282.0,0.0,5.0,287.94,24.0,1432.0,855.15,924.0,0.0
1.0,2.0,2.0,0.200622,17.0,15.0,280.0,0.0,5.0,52.75,15.0,2130.0,1340.5,1176.0,0.0
1.0,1.0,1.0,0.0,2.0,3.0,131.0,0.0,2.0,128.3,5.0,2131.0,1341.3,1177.0,0.0
1.0,2.0,2.0,0.793814,163.0,0.0,0.0,0.0,0.0,0.0,0.0,2133.0,1342.81,1141.0,0.0
1.0,1.0,1.0,0.0,1.0,1.0,342.0,0.0,8.0,15.33,88.0,2134.0,1343.69,1178.0,0.0
1.0,2.0,2.0,0.650022,21.0,3.0,803.5,1.0,8.0,9.62,57.5,2136.0,1345.68,1180.0,1.0
1.0,2.0,2.0,0.476159,86.0,2.0,139.5,0.0,6.0,161.05,12.0,2138.0,1347.34,1182.0,0.0
1.0,1.0,1.0,0.0,1.0,0.0,62.0,0.0,1.0,6.54,1.0,1435.0,856.57,926.0,0.0
1.0,2.0,2.0,0.702467,16.0,5.0,184.0,1.0,6.0,289.19,16.0,1436.0,857.56,927.0,0.0
1.0,1.0,1.0,0.0,3.0,2.0,240.0,1.0,6.0,0.09,28.0,1437.0,858.42,928.0,0.0
1.0,1.0,1.0,0.0,3.0,2.0,238.0,1.0,5.0,0.09,26.0,1438.0,859.42,929.0,0.0
2.0,18.0,34.0,4.57523,328.0,89.0,108.59,0.0,8.0,58.06,7.97,58.0,30.29,55.0,1.0
1.0,1.0,1.0,0.0,109.0,0.0,0.0,0.0,0.0,0.0,0.0,2141.0,1347.78,1142.0,0.0
1.0,1.0,1.0,0.0,5.0,1.0,197.0,1.0,7.0,3.76,26.0,1439.0,859.07,395.0,0.0
1.0,1.0,1.0,0.0,5.0,1.0,176.0,1.0,6.0,211.99,16.0,1440.0,860.05,396.0,0.0
1.0,1.0,3.0,1.55459,15.0,9.0,93.33,0.0,8.0,149.88,12.33,1441.0,861.04,930.0,0.0
1.0,1.0,1.0,0.0,5.0,5.0,180.0,0.0,6.0,0.01,17.0,1442.0,862.03,397.0,0.0
1.0,1.0,4.0,1.57399,7.0,10.0,251.5,0.0,8.0,18.51,22.0,1443.0,863.03,398.0,0.0
1.0,2.0,2.0,0.992774,21.0,19.0,34.5,0.0,4.0,11.62,4.0,2144.0,1349.0,1145.0,0.0
1.0,1.0,3.0,1.58129,29.0,11.0,95.33,0.0,8.0,0.33,12.67,1444.0,863.53,931.0,1.0
1.0,2.0,4.0,1.71976,16.0,11.0,85.25,0.0,5.0,159.25,6.25,1445.0,864.51,932.0,0.0
1.0,2.0,2.0,0.937456,65.0,0.0,227.0,0.0,3.0,73.93,9.0,2145.0,1349.94,1185.0,0.0
1.0,1.0,2.0,0.970951,16.0,4.0,219.0,0.0,7.0,6.23,16.5,1447.0,866.48,934.0,0.0
1.0,1.0,2.0,0.970951,16.0,4.0,212.0,0.0,6.0,6.23,14.5,1448.0,867.46,935.0,0.0
1.0,2.0,2.0,0.483031,66.0,1.0,245.0,0.0,7.0,72.66,18.0,1449.0,868.42,936.0,0.0
1.0,2.0,2.0,0.483031,66.0,1.0,239.0,0.0,6.0,292.97,14.0,1450.0,869.4,937.0,0.0
1.0,2.0,3.0,1.5494,11.0,19.0,208.67,1.0,6.0,14.12,20.67,2146.0,1350.65,1186.0,0.0
1.0,1.0,1.0,0.0,8.0,8.0,313.0,1.0,9.0,56.52,30.0,2147.0,1351.63,1146.0,0.0
1.0,6.0,21.0,3.89451,1014.0,59.0,74.1,0.0,10.0,36.86,7.33,2149.0,1353.59,1148.0,1.0
1.0,1.0,1.0,0.0,2.0,2.0,214.0,0.0,7.0,17.19,44.0,2151.0,1350.98,1150.0,0.0
1.0,1.0,1.0,0.0,3.0,0.0,194.0,0.0,1.0,0.01,10.0,1452.0,867.22,939.0,0.0
1.0,1.0,1.0,0.0,1.0,1.0,47.0,0.0,1.0,6.04,3.0,1453.0,868.0,940.0,0.0
1.0,1.0,1.0,0.0,1.0,1.0,174.0,0.0,2.0,55.48,4.0,1454.0,868.65,941.0,0.0
2.0,9.0,16.0,3.06581,469.0,108.0,234.19,0.0,9.0,22.8,20.81,2153.0,1349.8,2340.0,1.0
1.0,1.0,1.0,0.0,81.0,0.0,0.0,0.0,0.0,0.0,0.0,2155.0,1350.45,1154.0,0.0
2.0,5.0,7.0,2.59697,200.0,14.0,79.86,1.0,9.0,84.97,10.43,2156.0,1351.45,2344.0,1.0
2.0,5.0,7.0,2.47451,257.0,22.0,502.0,0.0,10.0,18.15,45.71,2157.0,1352.23,2346.0,1.0
2.0,6.0,7.0,2.25437,187.0,9.0,119.57,0.0,8.0,0.13,12.0,2158.0,1353.11,2348.0,1.0
1.0,1.0,2.0,0.992774,17.0,3.0,452.0,1.0,3.0,4.32,18.0,2162.0,1356.81,1160.0,0.0
3.0,9.0,9.0,3.07148,27.0,30.0,69.33,0.0,2.0,8.72,1.78,365.0,200.28,436.0,0.0
1.0,2.0,3.0,1.13074,26.0,3.0,65.67,1.0,8.0,100.71,11.67,1455.0,868.17,110.0,0.0
1.0,1.0,1.0,0.0,1.0,1.0,310.0,0.0,7.0,46.46,92.0,349.0,211.63,116.0,0.0
2.0,3.0,10.0,3.08949,12.0,25.0,89.1,0.0,6.0,296.11,5.4,368.0,203.21,395.0,1.0
1.0,1.0,1.0,0.0,1.0,1.0,310.0,0.0,8.0,0.03,93.0,350.0,212.61,117.0,0.0
1.0,14.0,24.0,4.12044,0.0,49.0,167.88,0.0,11.0,69.98,13.71,351.0,213.61,118.0,0.0
2.0,6.0,11.0,3.05156,31.0,37.0,124.73,0.0,7.0,298.13,5.45,369.0,204.21,397.0,1.0
3.0,14.0,25.0,4.30328,89.0,89.0,129.24,0.0,9.0,124.32,6.72,372.0,207.04,450.0,1.0
2.0,7.0,14.0,2.99284,253.0,377.0,88.57,0.0,8.0,3.06,3.36,2165.0,1357.63,2356.0,1.0
1.0,2.0,4.0,1.91437,185.0,83.0,80.5,0.0,2.0,0.04,1.5,2166.0,1358.45,1163.0,1.0
1.0,2.0,3.0,1.13876,130.0,0.0,105.67,0.0,2.0,0.02,2.33,2167.0,1359.4,1164.0,1.0
1.0,1.0,1.0,0.0,19.0,16.0,215.0,0.0,4.0,14.2,20.0,352.0,214.27,2.0,0.0
1.0,1.0,1.0,0.0,36.0,34.0,209.0,0.0,5.0,0.0,22.0,354.0,216.27,4.0,0.0
1.0,3.0,3.0,1.12622,17.0,75.0,231.33,0.0,5.0,10.26,11.0,355.0,217.27,5.0,0.0
1.0,2.0,2.0,0.78589,33.0,48.0,271.0,0.0,5.0,0.01,16.0,356.0,218.27,6.0,0.0
1.0,1.0,1.0,0.0,8.0,8.0,165.0,0.0,5.0,0.0,25.0,357.0,219.26,7.0,0.0
1.0,1.0,1.0,0.0,4.0,4.0,362.0,0.0,4.0,0.01,22.0,358.0,220.26,8.0,0.0
1.0,2.0,2.0,0.956155,41.0,12.0,263.5,0.0,5.0,0.06,17.5,359.0,221.24,9.0,0.0
1.0,7.0,12.0,3.02256,0.0,28.0,123.83,0.0,8.0,243.56,13.33,360.0,222.17,184.0,0.0
1.0,57.0,92.0,6.02137,0.0,216.0,114.02,0.0,11.0,107.9,4.65,361.0,223.13,185.0,0.0
1.0,1.0,1.0,0.0,1.0,1.0,98.0,0.0,6.0,1.03,16.0,362.0,224.13,186.0,0.0
2.0,47.0,54.0,4.85194,180.0,165.0,107.63,0.0,12.0,156.8,8.57,374.0,208.77,407.0,1.0
1.0,1.0,1.0,0.0,1.0,1.0,98.0,0.0,7.0,0.06,17.0,363.0,225.1,187.0,0.0
1.0,4.0,23.0,3.82782,80.0,65.0,233.48,0.0,9.0,139.29,14.04,376.0,210.69,180.0,0.0
1.0,1.0,1.0,0.0,1.0,0.0,101.0,0.0,7.0,27.74,41.0,2168.0,1358.43,79.0,0.0
1.0,7.0,7.0,2.59491,9.0,2.0,140.29,0.0,6.0,24.39,8.71,1457.0,867.45,111.0,0.0
1.0,2.0,2.0,0.985228,4.0,3.0,297.5,0.0,5.0,0.25,18.5,1458.0,868.11,46.0,0.0
1.0,1.0,1.0,0.0,21.0,11.0,128.0,1.0,5.0,133.94,24.0,2171.0,1360.46,1167.0,1.0
1.0,1.0,1.0,0.0,1.0,0.0,216.0,0.0,5.0,0.16,29.0,364.0,225.83,10.0,0.0
1.0,1.0,1.0,0.0,1.0,1.0,380.0,0.0,4.0,0.16,26.0,365.0,226.83,11.0,0.0
1.0,1.0,1.0,0.0,1.0,1.0,1158.0,0.0,4.0,30.43,16.0,366.0,227.83,10.0,0.0
1.0,1.0,1.0,0.0,1.0,1.0,309.0,1.0,5.0,14.34,22.0,367.0,228.81,119.0,0.0
1.0,1.0,1.0,0.0,2.0,2.0,256.0,1.0,5.0,374.02,14.0,368.0,229.81,120.0,0.0
1.0,3.0,4.0,1.27561,18.0,21.0,111.0,0.0,7.0,1.41,9.75,369.0,230.8,121.0,0.0
2.0,15.0,38.0,4.1375199999999985,131.0,138.0,132.79,0.0,7.0,117.21,6.76,377.0,211.49,412.0,1.0
2.0,12.0,34.0,4.43804,87.0,78.0,154.18,0.0,9.0,66.14,6.47,378.0,212.46,414.0,1.0
1.0,1.0,1.0,0.0,1.0,1.0,2368.0,0.0,9.0,2.95,201.0,2172.0,1359.86,1196.0,0.0
1.0,1.0,1.0,0.0,6.0,0.0,192.0,0.0,3.0,224.09,7.0,2173.0,1360.8,1168.0,0.0
1.0,1.0,1.0,0.0,2.0,2.0,47.0,0.0,1.0,0.0,1.0,2176.0,1363.54,81.0,0.0
1.0,1.0,1.0,0.0,1.0,1.0,40.0,0.0,3.0,0.0,10.0,2178.0,1364.92,1172.0,0.0
2.0,6.0,20.0,3.86304,72.0,66.0,195.4,0.0,9.0,127.13,11.65,381.0,215.1,418.0,1.0
1.0,2.0,2.0,0.402179,24.0,1.0,462.0,0.0,8.0,1.72,69.0,2179.0,1363.47,1173.0,0.0
1.0,6.0,25.0,4.47928,46.0,24.0,140.76,0.0,10.0,85.26,11.6,2180.0,1364.46,1198.0,1.0
1.0,8.0,20.0,3.63399,472.0,230.0,262.7,0.0,10.0,17.98,15.8,2183.0,1367.37,1201.0,1.0
1.0,3.0,6.0,1.69166,366.0,0.0,17.17,0.0,10.0,0.48,15.33,1461.0,865.38,944.0,0.0
1.0,1.0,1.0,0.0,6.0,0.0,102.0,0.0,2.0,81.29,2.0,2188.0,1368.31,1177.0,0.0
1.0,1.0,1.0,0.0,6.0,0.0,101.0,0.0,1.0,112.85,2.0,2189.0,1369.31,1178.0,0.0
1.0,1.0,1.0,0.0,10.0,2.0,450.0,0.0,5.0,27.07,31.0,1462.0,866.37,47.0,0.0
1.0,1.0,1.0,0.0,5.0,0.0,1286.0,0.0,6.0,0.02,53.0,1463.0,867.34,30.0,0.0
1.0,8.0,13.0,3.2051,817.0,0.0,7.92,0.0,7.0,0.24,3.31,2190.0,1369.87,82.0,1.0
1.0,1.0,1.0,0.0,19.0,23.0,489.0,1.0,8.0,0.35,55.0,2191.0,1370.71,1179.0,1.0
1.0,1.0,1.0,0.0,53.0,0.0,0.0,0.0,0.0,0.0,0.0,2193.0,1372.55,1180.0,0.0
1.0,1.0,5.0,2.09457,59.0,9.0,238.2,1.0,5.0,85.87,14.0,2194.0,1373.45,1181.0,1.0
1.0,2.0,2.0,0.749595,20.0,8.0,932.0,0.0,8.0,3.1,115.5,2195.0,1374.44,1205.0,0.0
3.0,4.0,4.0,1.99377,4.0,15.0,413.75,0.0,8.0,27.16,24.75,370.0,230.14,222.0,0.0
7.0,25.0,25.0,4.3971800000000005,53.0,53.0,244.16,0.0,12.0,64.71,21.72,371.0,231.13,311.0,0.0
2.0,10.0,59.0,5.37099,231.0,253.0,206.73,0.0,10.0,89.81,9.83,383.0,215.87,422.0,1.0
3.0,10.0,57.0,5.32019,190.0,180.0,230.68,0.0,11.0,12.63,12.44,2198.0,1375.77,2402.0,1.0
1.0,1.0,1.0,0.0,12.0,15.0,95.0,1.0,7.0,236.32,17.0,2200.0,1377.59,1185.0,0.0
1.0,1.0,1.0,0.0,1.0,2.0,310.0,0.0,8.0,6.78,94.0,2201.0,1378.27,1208.0,0.0
1.0,4.0,5.0,1.64522,130.0,3.0,534.8,0.0,9.0,0.29,57.2,2202.0,1379.26,1209.0,1.0
1.0,1.0,1.0,0.0,1.0,1.0,49.0,1.0,2.0,0.01,6.0,1466.0,868.45,114.0,0.0
1.0,1.0,1.0,0.0,1.0,2.0,339.0,0.0,9.0,0.02,73.0,1468.0,870.42,946.0,0.0
1.0,1.0,1.0,0.0,2.0,2.0,165.0,1.0,5.0,0.99,26.0,2204.0,1380.95,1186.0,0.0
1.0,1.0,1.0,0.0,0.0,24.0,593.0,0.0,8.0,97.2,73.0,384.0,216.71,48.0,0.0
1.0,2.0,2.0,0.485461,95.0,0.0,33.0,0.0,4.0,16.97,8.0,373.0,232.72,190.0,0.0
1.0,1.0,1.0,0.0,1.0,25.0,85.0,0.0,1.0,0.01,1.0,374.0,233.72,191.0,0.0
2.0,3.0,4.0,2.0,4.0,4.0,302.5,0.0,6.0,1.84,20.25,375.0,234.7,314.0,0.0
0.0,0.0,0.0,0.0,0.0,0.0,0.0,0.0,0.0,0.0,0.0,385.0,217.68,0.0,0.0
10.0,90.0,90.0,5.974069999999998,120.0,122.0,142.51,0.0,14.0,142.81,8.54,386.0,218.67,724.0,0.0
1.0,2.0,2.0,0.586448,0.0,71.0,68.5,0.0,4.0,0.07,9.5,376.0,235.68,193.0,0.0
10.0,90.0,90.0,5.93234,123.0,125.0,142.51,0.0,14.0,0.11,8.57,388.0,220.54,744.0,0.0
0.0,0.0,0.0,0.0,0.0,0.0,0.0,0.0,0.0,0.0,0.0,389.0,221.54,0.0,0.0
10.0,90.0,90.0,6.43104,98.0,98.0,142.49,0.0,14.0,0.02,8.58,390.0,222.54,754.0,0.0
2.0,7.0,17.0,3.64611,38.0,28.0,145.12,0.0,7.0,230.59,5.88,391.0,223.49,432.0,1.0
3.0,3.0,3.0,1.0783200000000002,18.0,7.0,797.67,0.0,10.0,1.06,131.67,1469.0,870.38,1032.0,0.0
1.0,1.0,1.0,0.0,1.0,1.0,165.0,1.0,5.0,0.1,28.0,2207.0,1381.97,1189.0,0.0
1.0,1.0,1.0,0.0,6.0,6.0,470.0,0.0,6.0,0.78,38.0,2208.0,1382.79,1212.0,0.0
1.0,1.0,1.0,0.0,1.0,1.0,158.0,0.0,1.0,36.89,4.0,2209.0,1383.68,1213.0,0.0
2.0,9.0,16.0,2.9093,390.0,29.0,217.94,0.0,8.0,64.09,18.94,2210.0,1384.5,2404.0,1.0
1.0,1.0,1.0,0.0,1.0,2.0,500.0,0.0,6.0,135.37,71.0,2211.0,1385.47,1215.0,0.0
1.0,1.0,1.0,0.0,3.0,2.0,48.0,0.0,1.0,0.02,2.0,2212.0,1386.44,1216.0,0.0
2.0,2.0,2.0,1.0,5.0,1.0,433.5,0.0,9.0,1.81,157.0,1470.0,870.11,1003.0,0.0
1.0,2.0,2.0,0.6851970000000001,86.0,84.0,72.5,0.0,2.0,275.39,2.0,392.0,224.15,48.0,0.0
1.0,1.0,1.0,0.0,5.0,1.0,470.0,1.0,6.0,0.7,39.0,2213.0,1386.0,1217.0,0.0
1.0,2.0,2.0,0.852405,22.0,14.0,338.5,0.0,6.0,12.38,28.0,1471.0,870.9,48.0,0.0
1.0,1.0,1.0,0.0,1.0,1.0,114.0,0.0,7.0,0.0,29.0,2215.0,1387.7,1192.0,0.0
1.0,1.0,1.0,0.0,1.0,1.0,227.0,0.0,6.0,0.1,42.0,2216.0,1388.66,5.0,0.0
2.0,3.0,3.0,0.905587,8.0,7.0,636.33,0.0,9.0,11.03,39.0,1472.0,871.72,981.0,0.0
1.0,1.0,1.0,0.0,52.0,0.0,0.0,0.0,0.0,0.0,0.0,2218.0,1390.36,1194.0,0.0
1.0,1.0,1.0,0.0,8.0,8.0,145.0,0.0,2.0,58.82,3.0,2220.0,1390.3,1196.0,0.0
1.0,1.0,1.0,0.0,0.0,1.0,55.0,0.0,1.0,0.76,1.0,2221.0,1391.2,84.0,0.0
1.0,1.0,1.0,0.0,3.0,1.0,56.0,0.0,1.0,10.67,6.0,2222.0,1391.94,1220.0,0.0
1.0,2.0,2.0,0.991076,8.0,1.0,67.5,0.0,4.0,249.31,4.0,2223.0,1392.92,1197.0,0.0
1.0,1.0,2.0,1.0,2.0,2.0,52.0,0.0,3.0,149.13,3.5,2224.0,1393.91,1198.0,0.0
1.0,2.0,2.0,0.721928,5.0,0.0,377.5,0.0,9.0,26.8,58.5,2226.0,1395.85,24.0,0.0
1.0,1.0,1.0,0.0,1.0,1.0,91.0,0.0,1.0,4.17,1.0,2227.0,1396.67,1200.0,0.0
2.0,2.0,2.0,0.721928,2.0,3.0,802.0,0.0,9.0,2.04,75.5,1474.0,871.86,432.0,0.0
1.0,1.0,1.0,0.0,1.0,1.0,877.0,0.0,2.0,38.25,2.0,1475.0,872.86,950.0,0.0
1.0,1.0,1.0,0.0,1.0,0.0,458.0,0.0,5.0,1.36,33.0,1476.0,873.82,50.0,0.0
1.0,20.0,45.0,4.60866,2340.0,352.0,83.91,0.0,5.0,104.7,1.27,27.0,20.72,26.0,1.0
1.0,1.0,1.0,0.0,1.0,1.0,41.0,0.0,1.0,1.1,1.0,3.0,2.94,1.0,0.0
1.0,2.0,2.0,0.503258,8.0,1.0,28.5,0.0,1.0,0.56,1.0,4.0,3.94,2.0,0.0
1.0,1.0,2.0,1.0,10.0,6.0,56.0,0.0,2.0,158.11,3.5,2230.0,1397.23,1203.0,0.0
1.0,1.0,1.0,0.0,5.0,3.0,188.0,0.0,3.0,9.52,9.0,2232.0,1399.07,1204.0,0.0
1.0,1.0,1.0,0.0,11.0,5.0,130.0,0.0,3.0,90.42,17.0,2233.0,1400.06,1205.0,0.0
1.0,2.0,3.0,1.50764,119.0,8.0,59.33,0.0,2.0,3.7,2.33,2234.0,1396.51,1224.0,1.0
1.0,2.0,2.0,0.371232,15.0,13.0,783.0,0.0,9.0,8.04,92.5,2235.0,1397.45,1225.0,0.0
1.0,1.0,1.0,0.0,5.0,5.0,634.0,0.0,8.0,0.0,110.0,2236.0,1398.45,1226.0,0.0
1.0,2.0,2.0,0.918296,3.0,6.0,398.0,0.0,4.0,2.7,10.0,29.0,22.59,28.0,0.0
1.0,1.0,1.0,0.0,1.0,1.0,1294.0,0.0,6.0,3.64,63.0,2240.0,1400.13,14.0,0.0
1.0,1.0,1.0,0.0,1.0,1.0,49.0,0.0,4.0,185.01,9.0,2242.0,1401.98,1229.0,0.0
2.0,7.0,10.0,2.88645,607.0,0.0,244.7,0.0,9.0,12.38,22.8,2243.0,1402.93,2438.0,1.0
2.0,2.0,2.0,0.918296,3.0,3.0,760.0,0.0,7.0,2.51,49.0,2244.0,1403.9,21.0,0.0
1.0,1.0,1.0,0.0,1.0,1.0,1294.0,0.0,6.0,0.02,65.0,2245.0,1404.85,16.0,0.0
1.0,2.0,4.0,1.92513,11.0,7.0,203.5,1.0,8.0,52.31,18.0,1477.0,869.12,951.0,0.0
1.0,2.0,4.0,1.1909999999999998,134.0,2.0,61.0,0.0,5.0,91.58,5.75,2246.0,1405.63,1209.0,0.0
1.0,1.0,1.0,0.0,8.0,5.0,60.0,0.0,1.0,144.02,2.0,1478.0,869.91,952.0,0.0
1.0,1.0,1.0,0.0,8.0,2.0,659.0,1.0,6.0,12.32,63.0,2247.0,1406.15,1231.0,0.0
1.0,2.0,2.0,0.151097,92.0,0.0,160.0,1.0,4.0,203.6,12.0,109.0,57.76,33.0,0.0
1.0,2.0,4.0,1.95915,8.0,4.0,204.5,1.0,8.0,0.77,18.25,1480.0,870.95,954.0,0.0
1.0,1.0,2.0,0.799049,22.0,11.0,101.0,0.0,3.0,114.68,8.0,1481.0,871.83,955.0,0.0
1.0,4.0,6.0,2.29416,266.0,11.0,26.17,1.0,4.0,5.24,3.17,1482.0,872.69,115.0,1.0
1.0,2.0,2.0,1.0,2.0,2.0,536.0,0.0,8.0,106.34,40.0,2248.0,1405.09,1232.0,0.0
1.0,1.0,1.0,0.0,20.0,0.0,769.0,0.0,9.0,6.39,314.0,378.0,234.32,23.0,0.0
1.0,4.0,4.0,1.23664,7.0,8.0,398.75,0.0,9.0,1.82,49.25,1483.0,872.45,956.0,0.0
1.0,1.0,1.0,0.0,1.0,1.0,52.0,0.0,1.0,8.72,2.0,1484.0,873.14,116.0,0.0
1.0,1.0,1.0,0.0,7.0,0.0,252.0,0.0,5.0,14.24,33.0,2250.0,1404.37,1210.0,0.0
1.0,1.0,1.0,0.0,61.0,0.0,0.0,0.0,0.0,0.0,0.0,2252.0,1405.77,1212.0,0.0
1.0,6.0,8.0,2.38849,102.0,16.0,456.63,0.0,9.0,41.79,31.5,2255.0,1406.71,1234.0,1.0
1.0,2.0,3.0,0.7881130000000001,60.0,1.0,268.67,0.0,3.0,9.16,19.33,2256.0,1407.53,1235.0,0.0
1.0,1.0,2.0,1.0,14.0,2.0,52.0,0.0,2.0,11.3,1.5,2257.0,1408.35,1236.0,0.0
1.0,2.0,2.0,1.0,2.0,2.0,128.5,0.0,4.0,54.48,5.5,2258.0,1407.31,70.0,0.0
1.0,1.0,1.0,0.0,1.0,1.0,226.0,0.0,6.0,4.18,45.0,110.0,58.42,16.0,0.0
1.0,3.0,6.0,2.41453,22.0,8.0,173.83,0.0,8.0,40.22,17.5,2259.0,1406.02,1237.0,1.0
1.0,1.0,1.0,0.0,1.0,1.0,141.0,0.0,4.0,0.02,37.0,2260.0,1406.98,1238.0,0.0
1.0,3.0,4.0,1.80092,15.0,10.0,123.5,0.0,6.0,21.95,7.25,2262.0,1408.12,1239.0,0.0
1.0,1.0,1.0,0.0,1.0,1.0,226.0,0.0,6.0,1.25,46.0,398.0,226.06,21.0,0.0
2.0,3.0,4.0,1.64022,7.0,8.0,106.5,0.0,3.0,6.96,1.0,399.0,227.0,439.0,0.0
2.0,2.0,4.0,1.84899,18.0,6.0,70.25,0.0,5.0,91.12,7.5,2264.0,1408.24,2457.0,0.0
1.0,1.0,1.0,0.0,10.0,6.0,157.0,0.0,6.0,15.79,31.0,2266.0,1409.9,1241.0,0.0
1.0,1.0,1.0,0.0,2.0,2.0,789.0,0.0,9.0,5.58,315.0,401.0,228.54,69.0,0.0
0.0,0.0,0.0,0.0,0.0,0.0,0.0,0.0,0.0,0.0,0.0,403.0,230.49,0.0,0.0
2.0,2.0,2.0,0.90637,59.0,28.0,1043.0,0.0,10.0,0.19,185.0,1488.0,869.41,90.0,0.0
1.0,1.0,1.0,0.0,32.0,0.0,197.0,0.0,1.0,22.16,11.0,1490.0,871.38,959.0,0.0
2.0,3.0,3.0,0.889134,103.0,3.0,214.33,0.0,7.0,70.26,20.33,2267.0,1408.51,2461.0,0.0
1.0,3.0,3.0,1.58404,165.0,7.0,256.33,0.0,8.0,19.81,24.33,5.0,4.8,1.0,0.0
2.0,2.0,2.0,0.999142,28.0,30.0,1058.5,0.0,10.0,0.76,185.5,1491.0,871.26,92.0,0.0
1.0,1.0,1.0,0.0,1.0,1.0,98.0,0.0,6.0,14.99,23.0,2268.0,1407.19,1243.0,0.0
1.0,2.0,3.0,1.53913,67.0,9.0,104.67,1.0,3.0,362.32,1.33,2269.0,1408.16,1244.0,0.0
1.0,1.0,1.0,0.0,84.0,0.0,818.0,0.0,9.0,0.22,320.0,1492.0,871.93,58.0,0.0
2.0,2.0,2.0,0.4340810000000001,55.0,1.0,435.5,0.0,9.0,14.23,133.0,1493.0,872.91,179.0,0.0
1.0,1.0,1.0,0.0,0.0,66.0,902.0,0.0,9.0,0.02,321.0,1494.0,873.91,60.0,0.0
0.0,0.0,0.0,0.0,0.0,0.0,0.0,0.0,0.0,0.0,0.0,1495.0,874.9,0.0,0.0
1.0,1.0,1.0,0.0,3.0,3.0,308.0,0.0,8.0,14.24,80.0,1496.0,875.89,400.0,0.0
1.0,1.0,1.0,0.0,1.0,1.0,1297.0,0.0,6.0,0.46,71.0,2270.0,1408.51,17.0,0.0
2.0,2.0,2.0,1.0,2.0,2.0,878.0,0.0,7.0,6.0,48.5,2272.0,1410.49,25.0,0.0
1.0,2.0,3.0,1.1988299999999998,69.0,19.0,199.33,1.0,8.0,15.83,27.67,2273.0,1409.71,1245.0,1.0
1.0,1.0,1.0,0.0,1.0,1.0,226.0,0.0,6.0,2.11,49.0,2274.0,1410.7,8.0,0.0
2.0,2.0,2.0,0.970951,7.0,18.0,329.0,0.0,7.0,2.11,30.0,2275.0,1411.08,2467.0,0.0
2.0,10.0,23.0,3.2490900000000003,389.0,112.0,256.48,0.0,11.0,93.14,19.65,2276.0,1412.02,2469.0,1.0
1.0,2.0,3.0,1.18167,22.0,12.0,157.0,0.0,2.0,2.42,3.67,2277.0,1412.97,1223.0,0.0
1.0,1.0,1.0,0.0,4.0,4.0,97.0,0.0,1.0,1.72,2.0,2279.0,1413.07,1225.0,0.0
1.0,1.0,1.0,0.0,3.0,3.0,144.0,1.0,7.0,4.59,15.0,1499.0,875.93,961.0,0.0
1.0,3.0,13.0,2.85793,19.0,24.0,99.46,0.0,5.0,38.54,3.62,2281.0,1415.01,1227.0,0.0
1.0,3.0,3.0,1.26777,15.0,6.0,95.67,0.0,7.0,85.83,16.33,2282.0,1416.0,1248.0,0.0
1.0,1.0,1.0,0.0,9.0,1.0,121.0,0.0,3.0,43.61,8.0,2283.0,1416.99,1249.0,0.0
1.0,2.0,2.0,0.721928,8.0,7.0,189.0,0.0,8.0,153.52,50.0,2284.0,1417.93,1250.0,0.0
1.0,6.0,6.0,2.14883,5.0,9.0,235.33,0.0,8.0,5.77,24.83,1500.0,876.59,962.0,0.0
1.0,4.0,4.0,1.79248,1.0,5.0,302.5,0.0,8.0,25.62,26.75,1501.0,877.51,963.0,0.0
2.0,7.0,18.0,3.83544,815.0,15.0,183.5,0.0,10.0,13.19,15.61,2285.0,1418.15,2479.0,1.0
1.0,1.0,1.0,0.0,1.0,1.0,51.0,0.0,1.0,0.0,1.0,2286.0,1419.14,1252.0,0.0
1.0,1.0,1.0,0.0,6.0,0.0,455.0,0.0,7.0,363.87,44.0,2287.0,1420.05,1253.0,0.0
2.0,4.0,5.0,1.98364,18.0,5.0,71.2,0.0,3.0,15.22,1.0,7.0,6.69,5.0,0.0
2.0,5.0,5.0,1.18836,40.0,19.0,84.4,0.0,5.0,171.28,6.2,1502.0,874.1,1085.0,0.0
2.0,2.0,2.0,0.987138,21.0,9.0,387.0,0.0,8.0,3.07,81.5,2289.0,1414.75,2483.0,0.0
1.0,1.0,1.0,0.0,6.0,0.0,66.0,0.0,4.0,7.05,20.0,2291.0,1414.95,1231.0,0.0
1.0,2.0,2.0,0.970951,4.0,11.0,267.0,0.0,7.0,0.4,53.0,2292.0,1415.82,1232.0,0.0
2.0,8.0,12.0,2.73561,432.0,66.0,161.17,0.0,8.0,134.7,9.0,2293.0,1416.8,2488.0,1.0
4.0,13.0,27.0,4.14364,2861.0,1.0,108.78,0.0,11.0,4.62,9.81,2294.0,1417.65,1287.0,1.0
1.0,6.0,6.0,1.3663299999999998,348.0,142.0,51.83,0.0,7.0,200.58,6.33,1503.0,873.57,122.0,0.0
1.0,1.0,3.0,1.56242,7.0,48.0,103.0,0.0,3.0,67.36,3.67,2295.0,1418.04,1235.0,0.0
1.0,1.0,2.0,1.0,6.0,4.0,100.0,0.0,2.0,173.14,3.5,2296.0,1418.99,1236.0,0.0
1.0,1.0,1.0,0.0,64.0,0.0,0.0,0.0,0.0,0.0,0.0,2297.0,1418.43,1256.0,0.0
1.0,2.0,14.0,2.78341,95.0,95.0,93.14,0.0,3.0,1.53,2.71,2298.0,1419.35,1237.0,1.0
1.0,2.0,2.0,0.413817,60.0,0.0,126.5,1.0,6.0,10.98,12.0,2299.0,1420.22,1257.0,1.0
1.0,1.0,1.0,0.0,0.0,64.0,64.0,0.0,3.0,61.71,3.0,2301.0,1421.76,1239.0,0.0
1.0,1.0,1.0,0.0,95.0,0.0,0.0,0.0,0.0,0.0,0.0,2302.0,1422.6,1259.0,0.0
1.0,1.0,1.0,0.0,2.0,1.0,324.0,0.0,8.0,2.0,100.0,2303.0,1423.6,1260.0,0.0
1.0,1.0,2.0,0.439497,12.0,10.0,101.0,0.0,2.0,0.96,4.0,1505.0,873.99,965.0,0.0
1.0,1.0,1.0,0.0,4.0,4.0,318.0,0.0,5.0,0.01,27.0,31.0,23.78,30.0,0.0
1.0,2.0,4.0,1.41325,0.0,329.0,82.25,0.0,4.0,433.73,1.5,33.0,25.78,1.0,0.0
1.0,1.0,1.0,0.0,3.0,1.0,72.0,0.0,1.0,179.01,2.0,2304.0,1422.69,1261.0,0.0
1.0,1.0,1.0,0.0,1.0,1.0,80.0,0.0,1.0,37.06,2.0,2305.0,1423.67,1262.0,0.0
1.0,2.0,4.0,1.5924,28.0,27.0,149.75,0.0,1.0,1.93,0.25,2306.0,1424.65,1240.0,1.0
1.0,1.0,78.0,5.79666,371.0,524.0,76.86,0.0,5.0,153.06,1.47,2307.0,1425.63,1241.0,0.0
1.0,1.0,3.0,1.54397,178.0,0.0,0.0,0.0,0.0,0.0,0.0,2309.0,1427.34,1264.0,0.0
1.0,1.0,1.0,0.0,34.0,0.0,0.0,0.0,0.0,0.0,0.0,1507.0,874.63,84.0,0.0
2.0,2.0,2.0,0.918296,5.0,1.0,165.0,1.0,5.0,28.29,19.0,1508.0,875.6,1368.0,0.0
1.0,3.0,3.0,1.5576,136.0,0.0,0.0,0.0,0.0,0.0,0.0,35.0,27.73,32.0,0.0
1.0,3.0,4.0,0.9004719999999999,216.0,32.0,16.0,0.0,1.0,0.46,0.25,1509.0,876.46,124.0,0.0
2.0,9.0,9.0,2.85105,298.0,116.0,237.56,0.0,12.0,14.7,20.11,9.0,8.56,5.0,1.0
1.0,1.0,1.0,0.0,2.0,2.0,665.0,0.0,6.0,19.7,64.0,2313.0,1421.26,1267.0,0.0
1.0,1.0,1.0,0.0,1.0,1.0,325.0,0.0,8.0,4.76,101.0,2314.0,1422.26,1268.0,0.0
1.0,1.0,1.0,0.0,3.0,3.0,325.0,0.0,8.0,0.05,102.0,2315.0,1423.13,1269.0,0.0
1.0,1.0,1.0,0.0,19.0,1.0,325.0,0.0,8.0,0.01,103.0,1510.0,871.78,403.0,0.0
1.0,3.0,3.0,1.41283,39.0,9.0,77.0,0.0,6.0,345.33,10.33,1511.0,872.73,125.0,0.0
1.0,1.0,1.0,0.0,1.0,1.0,227.0,0.0,6.0,6.17,51.0,36.0,28.47,0.0,0.0
1.0,1.0,1.0,0.0,4.0,2.0,293.0,0.0,1.0,130.02,6.0,2320.0,1425.91,1244.0,0.0
1.0,1.0,1.0,0.0,7.0,7.0,98.0,0.0,1.0,5.88,4.0,2321.0,1426.89,1273.0,0.0
1.0,1.0,1.0,0.0,50.0,0.0,153.0,0.0,1.0,1.08,1.0,2324.0,1429.3,1275.0,0.0
1.0,1.0,1.0,0.0,49.0,3.0,252.0,0.0,6.0,27.88,59.0,1512.0,870.85,967.0,1.0
1.0,2.0,2.0,0.975119,13.0,14.0,154.5,0.0,7.0,108.68,24.0,1513.0,871.79,968.0,1.0
1.0,1.0,1.0,0.0,1.0,1.0,237.0,0.0,7.0,0.12,48.0,1514.0,872.61,969.0,0.0
1.0,1.0,1.0,0.0,4.0,0.0,451.0,0.0,5.0,97.24,11.0,1515.0,873.48,404.0,0.0
2.0,10.0,14.0,3.30294,108.0,32.0,163.21,0.0,7.0,58.68,11.0,2327.0,1429.35,2525.0,1.0
1.0,3.0,3.0,1.58496,3.0,0.0,29.67,0.0,7.0,110.18,7.67,1518.0,875.36,972.0,0.0
1.0,1.0,1.0,0.0,2.0,1.0,24.0,0.0,5.0,106.95,9.0,1519.0,876.35,973.0,0.0
4.0,10.0,17.0,3.70763,30.0,31.0,102.29,0.0,6.0,240.38,4.82,2330.0,1430.25,2687.0,0.0
1.0,1.0,2.0,0.534339,106.0,9.0,33.5,0.0,3.0,6.59,8.5,1270.0,427.66,560.0,0.0
1.0,3.0,8.0,2.74644,11.0,9.0,188.88,0.0,5.0,78.66,11.13,1271.0,428.63,561.0,1.0
1.0,1.0,1.0,0.0,5.0,1.0,130.0,0.0,5.0,35.6,9.0,2331.0,1430.63,1250.0,0.0
1.0,1.0,1.0,0.0,70.0,0.0,0.0,0.0,0.0,0.0,0.0,2332.0,1431.25,1281.0,0.0
1.0,1.0,1.0,0.0,18.0,4.0,97.0,0.0,1.0,0.32,1.0,1521.0,876.75,975.0,0.0
2.0,3.0,3.0,1.50136,27.0,2.0,161.67,0.0,6.0,0.3,11.67,1522.0,877.62,1382.0,0.0
1.0,2.0,2.0,0.8631209999999999,6.0,1.0,65.0,0.0,2.0,35.9,3.5,2336.0,1428.57,86.0,0.0
1.0,1.0,1.0,0.0,3.0,1.0,84.0,0.0,1.0,6.06,1.0,2337.0,1429.42,1285.0,0.0
2.0,9.0,15.0,3.00458,562.0,78.0,432.07,0.0,10.0,36.02,35.73,2338.0,1430.25,2537.0,1.0
1.0,1.0,1.0,0.0,2.0,2.0,84.0,0.0,1.0,2.03,1.0,2340.0,1432.1,1288.0,0.0
2.0,7.0,11.0,2.67915,372.0,4.0,271.0,0.0,9.0,53.28,23.55,2342.0,1433.81,2542.0,1.0
1.0,3.0,4.0,1.73935,8.0,12.0,95.5,0.0,11.0,7.78,29.25,1524.0,875.53,978.0,0.0
1.0,1.0,2.0,0.998001,18.0,1.0,268.5,0.0,5.0,180.69,16.0,2343.0,1430.81,1253.0,0.0
1.0,1.0,1.0,0.0,3.0,0.0,79.0,0.0,3.0,168.09,12.0,2345.0,1432.41,1254.0,0.0
1.0,1.0,1.0,0.0,3.0,0.0,316.0,0.0,9.0,41.68,52.0,2348.0,1435.2,1294.0,0.0
1.0,2.0,2.0,1.0,6.0,0.0,352.0,0.0,4.0,40.45,6.0,2349.0,1436.2,1255.0,0.0
1.0,1.0,1.0,0.0,3.0,0.0,62.0,0.0,1.0,1.97,1.0,2350.0,1437.02,1295.0,0.0
1.0,1.0,1.0,0.0,13.0,0.0,1307.0,0.0,6.0,1.25,76.0,1526.0,875.46,39.0,0.0
3.0,11.0,11.0,3.1135,77.0,16.0,121.91,0.0,11.0,54.27,19.55,1527.0,874.21,1513.0,1.0
1.0,1.0,1.0,0.0,4.0,1.0,139.0,0.0,2.0,23.19,6.0,2352.0,1434.21,1257.0,0.0
1.0,1.0,1.0,0.0,5.0,5.0,43.0,0.0,1.0,3.34,2.0,1530.0,876.53,982.0,0.0
1.0,1.0,1.0,0.0,3.0,2.0,47.0,0.0,2.0,0.48,2.0,384.0,228.28,196.0,0.0
1.0,1.0,2.0,0.292322,214.0,0.0,0.0,0.0,0.0,0.0,0.0,1531.0,876.46,983.0,0.0
1.0,1.0,1.0,0.0,8.0,5.0,207.0,0.0,1.0,16.93,1.0,1532.0,877.43,984.0,0.0
1.0,1.0,1.0,0.0,1.0,1.0,1320.0,0.0,6.0,2.76,77.0,2353.0,1432.73,20.0,0.0
1.0,2.0,2.0,0.244142,99.0,0.0,59.5,0.0,4.0,15.47,6.0,2354.0,1433.72,1258.0,0.0
1.0,1.0,1.0,0.0,1.0,1.0,43.0,0.0,1.0,1.0,3.0,1536.0,881.03,987.0,0.0
3.0,3.0,3.0,1.54032,24.0,18.0,518.67,0.0,11.0,1.07,62.0,1537.0,881.99,1156.0,0.0
1.0,5.0,5.0,1.83225,14.0,0.0,199.0,0.0,8.0,16.77,29.2,1538.0,882.96,989.0,0.0
1.0,1.0,1.0,0.0,6.0,1.0,117.0,0.0,3.0,20.88,20.0,1539.0,883.96,129.0,0.0
2.0,13.0,25.0,4.13248,840.0,91.0,197.84,0.0,9.0,28.91,16.2,2355.0,1431.82,2556.0,1.0
1.0,5.0,8.0,2.80004,10.0,9.0,132.0,0.0,4.0,0.83,3.0,1540.0,882.39,990.0,0.0
1.0,1.0,1.0,0.0,4.0,2.0,50.0,0.0,2.0,196.15,2.0,1541.0,883.27,991.0,0.0
1.0,1.0,1.0,0.0,0.0,1.0,115.0,0.0,4.0,3.07,22.0,1542.0,884.13,992.0,0.0
1.0,1.0,1.0,0.0,19.0,0.0,166.0,0.0,7.0,1.96,45.0,1543.0,885.0,993.0,0.0
1.0,1.0,1.0,0.0,0.0,1.0,108.0,0.0,1.0,0.17,1.0,1549.0,888.28,996.0,0.0
1.0,2.0,2.0,0.721928,4.0,31.0,123.5,0.0,2.0,94.77,2.0,1550.0,888.19,87.0,0.0
2.0,2.0,2.0,0.918296,3.0,3.0,58.0,0.0,1.0,3.83,0.5,1552.0,889.83,1407.0,0.0
1.0,1.0,1.0,0.0,44.0,0.0,0.0,0.0,0.0,0.0,0.0,2357.0,1423.05,1299.0,0.0
1.0,1.0,1.0,0.0,0.0,2.0,375.0,0.0,1.0,4.74,5.0,2358.0,1422.43,1300.0,0.0
1.0,1.0,1.0,0.0,0.0,10.0,390.0,0.0,7.0,16.9,48.0,2360.0,1424.1,1302.0,0.0
2.0,2.0,2.0,0.684038,10.0,1.0,209.0,0.0,6.0,33.57,18.5,1554.0,887.47,1410.0,0.0
1.0,1.0,1.0,0.0,1.0,1.0,99.0,1.0,4.0,106.92,7.0,1555.0,888.47,1000.0,0.0
1.0,1.0,1.0,0.0,1.0,1.0,100.0,1.0,4.0,177.31,6.0,1556.0,889.46,1001.0,0.0
1.0,9.0,16.0,3.73952,338.0,18.0,63.44,0.0,7.0,78.81,5.25,1557.0,888.77,1002.0,1.0
2.0,8.0,13.0,3.167,244.0,19.0,170.31,1.0,10.0,49.07,15.77,2361.0,1416.92,2564.0,1.0
1.0,1.0,1.0,0.0,7.0,2.0,67.0,0.0,1.0,199.94,2.0,1558.0,888.54,1003.0,0.0
1.0,1.0,1.0,0.0,0.0,9.0,226.0,1.0,6.0,0.54,40.0,2362.0,1416.57,1304.0,0.0
1.0,2.0,2.0,0.721928,10.0,5.0,52.5,0.0,1.0,4.93,2.0,1559.0,889.33,1004.0,0.0
1.0,2.0,3.0,1.46182,49.0,7.0,192.33,0.0,8.0,98.83,23.33,1560.0,890.28,1005.0,1.0
1.0,1.0,1.0,0.0,1.0,0.0,365.0,0.0,8.0,0.63,95.0,1561.0,891.19,412.0,0.0
1.0,1.0,1.0,0.0,1.0,1.0,209.0,0.0,5.0,53.41,10.0,2363.0,1415.12,1305.0,0.0
1.0,3.0,4.0,1.6183299999999998,18.0,13.0,91.0,0.0,1.0,61.96,1.5,2365.0,1416.8,1306.0,0.0
1.0,3.0,5.0,1.91436,24.0,11.0,94.0,0.0,5.0,92.76,3.4,2366.0,1417.76,1307.0,0.0
1.0,3.0,3.0,1.56534,23.0,0.0,248.33,0.0,9.0,149.03,27.33,2367.0,1418.53,1308.0,0.0
3.0,6.0,32.0,4.42342,1386.0,55.0,162.59,1.0,10.0,10.77,14.03,2369.0,1419.77,2647.0,1.0
1.0,6.0,18.0,3.62224,227.0,52.0,64.56,0.0,8.0,191.11,3.94,1563.0,890.61,1007.0,0.0
1.0,1.0,3.0,1.4856,325.0,0.0,0.0,0.0,0.0,0.0,0.0,2371.0,1420.28,1266.0,0.0
1.0,1.0,1.0,0.0,7.0,7.0,463.0,0.0,8.0,0.98,64.0,2374.0,1423.07,1312.0,0.0
1.0,1.0,1.0,0.0,3.0,22.0,968.0,0.0,8.0,0.11,139.0,2375.0,1424.07,1268.0,0.0
1.0,1.0,1.0,0.0,11.0,0.0,276.0,0.0,7.0,0.93,59.0,2376.0,1422.87,76.0,0.0
1.0,1.0,1.0,0.0,0.0,1.0,380.0,0.0,4.0,55.6,27.0,1565.0,890.67,53.0,0.0
1.0,1.0,2.0,1.0,3.0,1.0,81.0,0.0,2.0,28.1,4.0,2378.0,1424.71,1270.0,0.0
1.0,1.0,2.0,1.0,20.0,0.0,73.5,0.0,1.0,103.97,0.5,2379.0,1425.68,1271.0,0.0
1.0,4.0,4.0,1.94007,13.0,9.0,132.75,0.0,7.0,28.87,7.75,2381.0,1427.37,87.0,0.0
1.0,1.0,1.0,0.0,29.0,45.0,167.0,0.0,3.0,10.01,22.0,1566.0,891.34,132.0,0.0
1.0,3.0,11.0,2.9901,41.0,50.0,86.0,0.0,3.0,103.88,0.45,2382.0,1428.21,1272.0,1.0
1.0,1.0,1.0,0.0,9.0,2.0,302.0,0.0,5.0,12.62,35.0,2384.0,1428.63,1273.0,0.0
1.0,1.0,2.0,1.0,4.0,10.0,120.0,0.0,2.0,11.99,1.0,2385.0,1429.47,1274.0,0.0
1.0,3.0,8.0,2.74644,9.0,11.0,189.13,1.0,5.0,21.72,11.25,2388.0,1432.41,1276.0,0.0
1.0,1.0,1.0,0.0,2.0,2.0,1504.0,0.0,8.0,13.18,191.0,2390.0,1433.52,1317.0,0.0
1.0,1.0,1.0,0.0,10.0,0.0,244.0,0.0,2.0,27.31,17.0,2391.0,1429.41,1318.0,0.0
1.0,1.0,1.0,0.0,1.0,0.0,122.0,0.0,6.0,1.45,34.0,1568.0,888.1,1009.0,0.0
1.0,1.0,3.0,1.5,15.0,13.0,93.0,0.0,1.0,11.7,1.33,2392.0,1429.02,1278.0,0.0
1.0,1.0,1.0,0.0,3.0,1.0,117.0,0.0,2.0,17.83,3.0,2393.0,1430.02,1279.0,0.0
1.0,2.0,2.0,0.995887,106.0,0.0,0.0,0.0,0.0,0.0,0.0,2394.0,1430.72,77.0,0.0
2.0,4.0,9.0,2.80763,40.0,36.0,92.67,0.0,6.0,17.84,3.67,2395.0,1431.54,2599.0,0.0
1.0,2.0,4.0,1.55991,178.0,1.0,11.75,0.0,4.0,22.47,2.25,2397.0,1433.05,1282.0,0.0
2.0,4.0,6.0,2.09649,266.0,7.0,43.0,0.0,2.0,0.01,1.0,2398.0,1434.0,2604.0,1.0
1.0,1.0,1.0,0.0,8.0,4.0,150.0,0.0,5.0,4.92,32.0,2402.0,1436.32,1287.0,0.0
1.0,1.0,1.0,0.0,6.0,1.0,85.0,0.0,2.0,4.91,8.0,2403.0,1437.31,1288.0,0.0
1.0,3.0,10.0,2.56314,172.0,50.0,95.2,0.0,2.0,30.59,0.6,2405.0,1439.05,1290.0,1.0
1.0,3.0,3.0,1.46918,23.0,2.0,625.67,0.0,8.0,2.04,66.0,2406.0,1439.39,1322.0,0.0
1.0,3.0,4.0,1.0384,61.0,40.0,140.5,0.0,6.0,2.39,8.25,1570.0,886.94,1011.0,1.0
1.0,1.0,1.0,0.0,1.0,0.0,231.0,0.0,3.0,348.66,7.0,2407.0,1438.98,88.0,0.0
1.0,1.0,1.0,0.0,2.0,2.0,77.0,0.0,1.0,1.6,1.0,2408.0,1439.95,1323.0,0.0
1.0,2.0,2.0,0.970951,12.0,3.0,163.0,1.0,6.0,67.69,12.5,2409.0,1440.95,1324.0,0.0
1.0,3.0,3.0,0.942653,643.0,1.0,94.33,0.0,5.0,10.43,5.67,2411.0,1441.78,1326.0,1.0
1.0,2.0,3.0,1.58496,3.0,3.0,76.67,0.0,3.0,52.94,1.67,2413.0,1442.43,1292.0,0.0
1.0,1.0,1.0,0.0,1.0,3.0,96.0,0.0,1.0,1.64,3.0,1572.0,887.18,414.0,0.0
1.0,2.0,2.0,0.953629,431.0,29.0,321.0,0.0,1.0,0.65,0.5,2414.0,1443.11,1328.0,1.0
1.0,1.0,1.0,0.0,10.0,4.0,490.0,1.0,8.0,0.04,62.0,1574.0,889.1,1014.0,0.0
1.0,2.0,2.0,0.960595,243.0,2.0,522.0,0.0,1.0,0.06,1.0,2415.0,1443.97,1329.0,1.0
1.0,2.0,2.0,0.721928,115.0,115.0,642.5,0.0,1.0,0.06,1.5,2416.0,1444.82,1330.0,0.0
1.0,3.0,3.0,0.372084,98.0,98.0,476.33,0.0,4.0,0.41,6.0,2417.0,1445.81,1331.0,0.0
1.0,2.0,2.0,0.949938,148.0,20.0,691.0,0.0,1.0,0.06,3.0,2419.0,1447.57,1333.0,1.0
1.0,2.0,2.0,0.940476,312.0,7.0,755.0,0.0,1.0,0.03,3.5,2420.0,1448.48,1334.0,1.0
1.0,1.0,2.0,1.0,2.0,2.0,74.0,0.0,4.0,73.18,6.5,1576.0,890.75,133.0,0.0
1.0,3.0,3.0,1.58496,3.0,3.0,60.67,0.0,2.0,57.2,3.67,1577.0,891.73,134.0,0.0
1.0,1.0,1.0,0.0,5.0,1.0,76.0,0.0,1.0,113.76,1.0,1578.0,891.93,1015.0,0.0
1.0,1.0,1.0,0.0,0.0,113.0,607.0,0.0,1.0,123.9,1.0,2421.0,1447.97,1293.0,0.0
1.0,3.0,3.0,1.52456,149.0,0.0,0.0,0.0,0.0,0.0,0.0,1579.0,892.78,1016.0,0.0
1.0,1.0,1.0,0.0,17.0,2.0,154.0,0.0,5.0,3.02,33.0,2422.0,1448.63,1294.0,0.0
1.0,2.0,2.0,0.79504,7.0,18.0,178.5,1.0,6.0,64.79,23.0,2423.0,1449.62,1295.0,0.0
2.0,5.0,8.0,1.815,275.0,6.0,360.13,0.0,10.0,26.95,30.13,2424.0,1450.55,2631.0,1.0
1.0,1.0,2.0,0.6098399999999999,280.0,0.0,0.0,0.0,0.0,0.0,0.0,2426.0,1452.37,1337.0,0.0
1.0,1.0,1.0,0.0,3.0,3.0,66.0,0.0,4.0,0.03,12.0,38.0,28.51,34.0,0.0
1.0,5.0,7.0,2.42253,147.0,19.0,128.57,1.0,6.0,10.5,8.29,2427.0,1453.05,1338.0,1.0
1.0,1.0,1.0,0.0,58.0,0.0,0.0,0.0,0.0,0.0,0.0,2429.0,1452.93,1340.0,0.0
1.0,1.0,1.0,0.0,2.0,5.0,78.0,0.0,1.0,20.91,1.0,2430.0,1453.58,1341.0,0.0
1.0,3.0,7.0,2.37056,251.0,17.0,338.43,0.0,8.0,36.28,17.86,2431.0,1454.58,1342.0,1.0
1.0,1.0,1.0,0.0,41.0,0.0,0.0,0.0,0.0,0.0,0.0,2432.0,1455.56,1343.0,0.0
1.0,1.0,2.0,1.0,2.0,4.0,84.0,0.0,1.0,6.89,1.5,2434.0,1452.93,1298.0,0.0
1.0,1.0,5.0,2.29229,29.0,245.0,95.6,0.0,4.0,21.36,2.0,2435.0,1453.9,1299.0,0.0
2.0,4.0,4.0,1.29169,11.0,3.0,714.5,0.0,10.0,6.02,76.5,2436.0,1454.85,2644.0,0.0
1.0,2.0,3.0,1.0803,120.0,2.0,320.0,0.0,6.0,0.08,17.0,40.0,30.32,36.0,0.0
1.0,6.0,14.0,2.06144,872.0,138.0,351.0,0.0,8.0,78.49,12.93,2437.0,1454.96,1345.0,1.0
1.0,1.0,2.0,0.970951,5.0,20.0,146.5,1.0,1.0,3.68,1.0,2438.0,1454.59,1346.0,0.0
1.0,1.0,1.0,0.0,4.0,4.0,923.0,0.0,6.0,0.67,52.0,2439.0,1455.57,1301.0,0.0
1.0,1.0,1.0,0.0,5.0,5.0,144.0,0.0,1.0,0.02,2.0,11.0,9.72,5.0,0.0
1.0,2.0,2.0,0.954434,8.0,8.0,154.0,0.0,1.0,32.05,1.0,12.0,10.71,6.0,0.0
2.0,2.0,2.0,0.970951,3.0,2.0,781.5,0.0,8.0,10.79,61.0,2441.0,1457.09,32.0,0.0
1.0,1.0,1.0,0.0,2.0,3.0,343.0,0.0,8.0,36.11,104.0,1581.0,888.45,416.0,0.0
1.0,4.0,9.0,2.69476,285.0,76.0,21.33,0.0,2.0,38.48,0.56,13.0,11.71,5.0,1.0
1.0,1.0,1.0,0.0,8.0,5.0,923.0,0.0,6.0,0.35,53.0,385.0,219.33,197.0,0.0
1.0,1.0,1.0,0.0,0.0,2.0,38.0,0.0,1.0,0.0,1.0,2443.0,1456.46,1349.0,0.0
1.0,1.0,1.0,0.0,0.0,143.0,143.0,0.0,1.0,10.95,1.0,2444.0,1457.27,1302.0,0.0
2.0,4.0,6.0,2.28828,301.0,13.0,52.33,0.0,7.0,140.87,4.67,2445.0,1458.23,2653.0,1.0
2.0,2.0,2.0,0.137099,51.0,1.0,720.0,0.0,8.0,12.06,61.5,1583.0,888.84,180.0,0.0
1.0,2.0,2.0,1.0,0.0,14.0,110.0,0.0,7.0,25.19,19.0,1584.0,889.84,137.0,0.0
1.0,1.0,1.0,0.0,6.0,18.0,59.0,0.0,1.0,0.07,1.0,1585.0,890.75,138.0,0.0
1.0,1.0,1.0,0.0,1.0,1.0,611.0,0.0,1.0,1.92,1.0,1586.0,891.75,417.0,0.0
1.0,1.0,1.0,0.0,6.0,9.0,298.0,1.0,6.0,35.56,60.0,112.0,63.26,90.0,0.0
1.0,1.0,1.0,0.0,1.0,1.0,665.0,0.0,6.0,37.97,65.0,2446.0,1457.35,1351.0,0.0
1.0,1.0,1.0,0.0,0.0,37.0,347.0,0.0,9.0,11.7,78.0,1587.0,891.75,1018.0,0.0
2.0,2.0,2.0,0.975119,0.0,27.0,232.5,0.0,8.0,2.03,57.5,1588.0,892.71,1437.0,0.0
1.0,5.0,12.0,3.10003,826.0,8.0,23.0,0.0,1.0,0.78,0.08,2447.0,1458.18,1304.0,0.0
1.0,2.0,5.0,2.16177,94.0,18.0,77.2,0.0,1.0,0.01,0.2,2448.0,1459.15,1305.0,0.0
1.0,2.0,2.0,0.721928,14.0,1.0,231.5,0.0,6.0,95.4,20.5,1589.0,893.56,1020.0,0.0
1.0,2.0,2.0,0.253878,92.0,2.0,34.0,1.0,2.0,34.33,5.5,2449.0,1459.85,1352.0,0.0
1.0,1.0,1.0,0.0,9.0,11.0,310.0,0.0,9.0,0.79,79.0,1590.0,893.56,1021.0,0.0
2.0,2.0,4.0,1.87294,18.0,7.0,57.5,0.0,1.0,21.49,0.5,2451.0,1459.65,2661.0,0.0
1.0,1.0,1.0,0.0,3.0,11.0,71.0,0.0,1.0,3.77,1.0,1592.0,895.16,1022.0,0.0
1.0,2.0,2.0,0.749595,13.0,1.0,202.5,0.0,4.0,196.02,11.0,1593.0,895.79,1023.0,0.0
1.0,1.0,1.0,0.0,78.0,0.0,0.0,0.0,0.0,0.0,0.0,2456.0,1459.01,1356.0,0.0
1.0,1.0,1.0,0.0,47.0,5.0,75.0,1.0,1.0,0.01,1.0,2458.0,1460.62,1358.0,0.0
1.0,2.0,3.0,1.14883,14.0,0.0,181.0,0.0,7.0,101.06,22.67,1594.0,893.01,1024.0,0.0
1.0,2.0,3.0,1.10331,15.0,0.0,220.33,0.0,6.0,335.97,15.33,1595.0,893.94,1025.0,0.0
1.0,2.0,3.0,1.01367,114.0,1.0,28.33,0.0,1.0,9.65,1.67,1597.0,893.93,89.0,0.0
2.0,2.0,2.0,0.721928,8.0,2.0,846.5,0.0,10.0,5.26,77.0,2459.0,1456.77,1334.0,0.0
1.0,1.0,2.0,0.292322,214.0,0.0,0.0,0.0,0.0,0.0,0.0,387.0,218.78,199.0,0.0
1.0,1.0,1.0,0.0,1.0,0.0,64.0,0.0,1.0,0.01,1.0,388.0,219.78,200.0,0.0
1.0,2.0,2.0,0.721928,5.0,0.0,387.5,0.0,9.0,21.34,61.5,389.0,220.78,18.0,0.0
1.0,1.0,1.0,0.0,1.0,1.0,83.0,0.0,2.0,56.5,19.0,390.0,221.75,12.0,0.0
2.0,2.0,2.0,0.8112779999999999,4.0,4.0,1117.0,0.0,10.0,28.1,195.0,1598.0,894.03,106.0,0.0
2.0,2.0,2.0,1.0,4.0,4.0,1117.0,0.0,10.0,0.44,195.5,1599.0,894.38,108.0,0.0
1.0,2.0,2.0,0.998196,25.0,15.0,238.0,0.0,6.0,6.14,21.0,1600.0,895.35,1027.0,0.0
2.0,3.0,3.0,1.1095,80.0,1.0,26.0,1.0,1.0,1.12,0.33,2461.0,1455.43,2672.0,0.0
3.0,3.0,3.0,1.06128,12.0,4.0,624.0,0.0,8.0,19.05,54.33,2462.0,1456.34,1415.0,0.0
1.0,1.0,1.0,0.0,1.0,1.0,99.0,0.0,5.0,5.44,18.0,392.0,223.24,125.0,0.0
1.0,1.0,1.0,0.0,4.0,0.0,110.0,0.0,1.0,55.79,3.0,2463.0,1456.89,1361.0,0.0
1.0,2.0,3.0,1.5,4.0,4.0,99.67,0.0,1.0,6.76,0.67,2464.0,1457.84,1314.0,0.0
2.0,2.0,2.0,0.543564,6.0,2.0,851.5,0.0,8.0,0.2,71.5,2465.0,1458.83,104.0,0.0
1.0,2.0,4.0,1.97494,4.0,5.0,121.0,0.0,5.0,34.08,8.25,1603.0,897.3,1029.0,0.0
2.0,3.0,4.0,1.46661,33.0,10.0,97.75,0.0,4.0,313.89,5.25,1604.0,898.3,1450.0,0.0
0.0,0.0,0.0,0.0,0.0,0.0,0.0,0.0,0.0,0.0,0.0,1605.0,899.3,0.0,0.0
2.0,4.0,5.0,1.86929,67.0,13.0,133.4,0.0,6.0,470.46,7.8,1606.0,900.26,1452.0,0.0
2.0,2.0,2.0,0.991076,5.0,4.0,946.0,0.0,9.0,57.0,138.5,1607.0,901.1,110.0,0.0
1.0,2.0,2.0,0.8739809999999999,10.0,7.0,348.0,0.0,7.0,15.23,36.0,1609.0,902.78,54.0,0.0
1.0,1.0,4.0,2.0,16.0,16.0,111.0,0.0,1.0,23.0,0.25,393.0,223.97,13.0,0.0
1.0,2.0,2.0,0.970951,2.0,3.0,349.5,0.0,7.0,0.34,36.5,113.0,56.09,17.0,0.0
1.0,1.0,3.0,1.5,4.0,4.0,122.0,0.0,3.0,92.37,2.0,1610.0,902.99,1032.0,0.0
1.0,1.0,1.0,0.0,35.0,6.0,79.0,0.0,3.0,78.88,5.0,1611.0,903.98,1033.0,0.0
1.0,1.0,1.0,0.0,38.0,10.0,74.0,0.0,1.0,371.64,1.0,1612.0,904.9,1034.0,0.0
1.0,1.0,1.0,0.0,7.0,7.0,108.0,0.0,3.0,0.06,6.0,1613.0,905.89,1035.0,0.0
1.0,1.0,1.0,0.0,3.0,3.0,108.0,0.0,3.0,0.0,7.0,1614.0,906.89,1036.0,0.0
1.0,1.0,1.0,0.0,5.0,5.0,928.0,0.0,6.0,6.77,55.0,2467.0,1457.75,1316.0,0.0
1.0,1.0,1.0,0.0,4.0,3.0,928.0,0.0,6.0,0.0,56.0,2468.0,1458.74,1317.0,0.0
1.0,1.0,1.0,0.0,1.0,1.0,93.0,0.0,1.0,1.18,2.0,1615.0,907.66,141.0,0.0
1.0,1.0,1.0,0.0,66.0,0.0,0.0,0.0,0.0,0.0,0.0,2470.0,1460.68,1363.0,0.0
1.0,1.0,1.0,0.0,21.0,5.0,176.0,0.0,3.0,57.77,11.0,2473.0,1463.6,1321.0,0.0
1.0,1.0,1.0,0.0,5.0,5.0,157.0,0.0,2.0,1.14,4.0,1616.0,908.57,423.0,0.0
1.0,1.0,1.0,0.0,5.0,5.0,157.0,0.0,2.0,1.12,4.0,1618.0,910.55,425.0,0.0
1.0,1.0,1.0,0.0,3.0,1.0,71.0,0.0,1.0,132.93,2.0,2474.0,1464.48,1322.0,0.0
1.0,1.0,1.0,0.0,4.0,2.0,194.0,0.0,4.0,322.12,11.0,2475.0,1465.47,1364.0,0.0
1.0,1.0,1.0,0.0,3.0,3.0,168.0,1.0,3.0,0.11,4.0,2476.0,1466.36,1323.0,0.0
1.0,1.0,1.0,0.0,1.0,1.0,929.0,0.0,6.0,0.23,58.0,394.0,224.68,202.0,0.0
1.0,1.0,1.0,0.0,3.0,5.0,764.0,0.0,1.0,11.66,11.0,2477.0,1465.08,1365.0,0.0
1.0,1.0,1.0,0.0,4.0,3.0,83.0,1.0,2.0,195.55,8.0,1620.0,908.45,142.0,0.0
1.0,2.0,2.0,0.8112779999999999,7.0,1.0,744.0,0.0,7.0,49.46,50.0,1621.0,909.43,427.0,0.0
1.0,2.0,2.0,0.8112779999999999,7.0,1.0,531.5,0.0,6.0,292.15,35.0,1622.0,910.39,428.0,0.0
1.0,3.0,4.0,1.76962,187.0,2.0,124.0,0.0,8.0,4.51,15.75,1623.0,910.91,1039.0,1.0
1.0,2.0,2.0,1.0,7.0,1.0,230.5,1.0,6.0,151.92,22.5,1624.0,911.86,1040.0,0.0
1.0,1.0,1.0,0.0,12.0,1.0,82.0,0.0,5.0,73.05,8.0,2478.0,1460.69,1324.0,0.0
2.0,3.0,3.0,0.504864,0.0,90.0,298.67,0.0,7.0,0.04,18.0,1627.0,914.71,1473.0,0.0
1.0,1.0,7.0,2.0149,64.0,55.0,70.57,0.0,3.0,89.54,3.43,2480.0,1462.44,1325.0,0.0
1.0,2.0,2.0,0.721928,24.0,1.0,254.5,0.0,1.0,100.02,4.0,2482.0,1464.37,1368.0,0.0
1.0,4.0,11.0,3.03591,54.0,130.0,64.82,0.0,3.0,206.01,1.45,2483.0,1465.25,80.0,0.0
1.0,1.0,1.0,0.0,2.0,1.0,71.0,0.0,1.0,0.09,4.0,2485.0,1467.21,1326.0,0.0
2.0,2.0,3.0,1.52193,7.0,3.0,549.67,0.0,6.0,18.37,31.33,2486.0,1466.64,1353.0,0.0
1.0,1.0,1.0,0.0,7.0,32.0,108.0,0.0,3.0,4.28,8.0,2487.0,1467.15,1328.0,0.0
1.0,1.0,1.0,0.0,8.0,32.0,102.0,0.0,2.0,4.29,2.0,2488.0,1468.14,1329.0,0.0
1.0,1.0,2.0,0.999708,147.0,2.0,20.5,0.0,5.0,14.54,3.0,1272.0,410.74,562.0,0.0
1.0,1.0,1.0,0.0,1.0,4.0,160.0,0.0,2.0,162.35,9.0,2490.0,1469.89,1370.0,0.0
1.0,1.0,2.0,0.999943,113.0,0.0,0.0,0.0,0.0,0.0,0.0,2491.0,1470.67,1371.0,0.0
1.0,1.0,1.0,0.0,1.0,1.0,57.0,0.0,1.0,0.02,1.0,2492.0,1471.61,1372.0,0.0
1.0,1.0,1.0,0.0,4.0,0.0,56.0,0.0,1.0,0.03,1.0,2493.0,1472.6,1373.0,0.0
1.0,3.0,6.0,2.14616,34.0,10.0,232.0,1.0,8.0,68.09,32.33,2494.0,1473.53,1374.0,1.0
1.0,1.0,2.0,0.918296,3.0,3.0,58.5,0.0,1.0,0.51,1.5,405.0,209.33,196.0,0.0
1.0,1.0,1.0,0.0,20.0,2.0,190.0,0.0,5.0,62.82,21.0,1630.0,915.17,144.0,0.0
1.0,1.0,1.0,0.0,16.0,0.0,48.0,0.0,1.0,1.63,1.0,406.0,210.33,250.0,0.0
1.0,1.0,3.0,1.53948,7.0,4.0,122.0,0.0,3.0,5.13,2.33,1631.0,916.11,1045.0,0.0
1.0,1.0,1.0,0.0,1.0,1.0,308.0,0.0,8.0,62.96,81.0,1632.0,916.94,431.0,0.0
1.0,2.0,3.0,1.58496,6.0,0.0,59.33,0.0,4.0,47.04,3.33,2496.0,1473.63,1331.0,0.0
2.0,4.0,5.0,2.16457,19.0,19.0,423.2,0.0,8.0,75.36,45.2,2497.0,1474.62,2707.0,0.0
1.0,1.0,1.0,0.0,6.0,1.0,314.0,0.0,9.0,7.89,81.0,1633.0,917.77,1046.0,0.0
2.0,3.0,3.0,0.921928,10.0,0.0,254.33,0.0,7.0,6.4,25.33,396.0,224.78,216.0,0.0
1.0,2.0,2.0,0.342464,47.0,0.0,180.5,0.0,8.0,23.53,17.0,2498.0,1475.25,1376.0,0.0
1.0,2.0,2.0,0.342464,47.0,0.0,146.5,0.0,6.0,120.06,11.0,2499.0,1476.24,1377.0,0.0
1.0,2.0,2.0,0.852405,17.0,1.0,161.0,0.0,4.0,133.28,7.0,1635.0,918.76,1048.0,0.0
1.0,1.0,1.0,0.0,1.0,1.0,314.0,1.0,3.0,89.77,18.0,2501.0,1476.57,1379.0,0.0
1.0,2.0,3.0,0.5740149999999999,13.0,65.0,563.0,0.0,8.0,11.33,32.33,407.0,210.98,197.0,0.0
1.0,1.0,1.0,0.0,8.0,6.0,369.0,1.0,8.0,0.15,36.0,2503.0,1478.47,1381.0,0.0
1.0,1.0,1.0,0.0,1.0,1.0,229.0,0.0,7.0,0.72,57.0,1637.0,920.49,55.0,0.0
1.0,1.0,1.0,0.0,1.0,1.0,77.0,0.0,1.0,12.97,3.0,2504.0,1479.43,1382.0,0.0
1.0,2.0,2.0,0.468996,16.0,4.0,173.0,0.0,9.0,55.84,20.0,1638.0,921.4,1049.0,0.0
1.0,1.0,1.0,0.0,6.0,2.0,320.0,0.0,9.0,0.16,40.0,1639.0,922.14,1050.0,0.0
1.0,1.0,1.0,0.0,1.0,1.0,78.0,0.0,2.0,66.99,3.0,2506.0,1480.52,1384.0,0.0
1.0,1.0,2.0,0.964079,10.0,8.0,180.0,0.0,1.0,40.77,1.5,2507.0,1481.42,1385.0,0.0
0.0,0.0,0.0,0.0,0.0,0.0,0.0,0.0,0.0,0.0,0.0,409.0,212.83,0.0,0.0
1.0,3.0,3.0,0.0,2.0,6.0,59.33,0.0,4.0,91.82,3.0,410.0,213.83,48.0,0.0
1.0,1.0,1.0,0.0,65.0,0.0,0.0,0.0,0.0,0.0,0.0,2509.0,1481.81,1386.0,0.0
1.0,3.0,4.0,0.0,1.0,1.0,52.25,0.0,4.0,26.42,2.75,1641.0,922.86,90.0,0.0
1.0,1.0,1.0,0.0,2.0,4.0,95.0,0.0,1.0,42.04,1.0,2510.0,1482.59,1333.0,0.0
2.0,2.0,2.0,0.708836,25.0,6.0,1125.5,0.0,10.0,6.06,197.5,1642.0,923.65,113.0,0.0
1.0,1.0,1.0,0.0,18.0,16.0,236.0,0.0,1.0,17.24,3.0,2512.0,1484.36,1387.0,0.0
1.0,1.0,1.0,0.0,9.0,13.0,88.0,0.0,1.0,99.23,1.0,2513.0,1485.05,1388.0,0.0
1.0,1.0,3.0,1.34202,14.0,8.0,112.0,0.0,4.0,26.34,5.67,2514.0,1483.59,1389.0,0.0
0.0,0.0,0.0,0.0,0.0,0.0,0.0,0.0,0.0,0.0,0.0,412.0,215.06,0.0,0.0
3.0,4.0,4.0,1.7841599999999995,11.0,1.0,564.5,0.0,11.0,4.54,60.75,2515.0,1482.43,1388.0,0.0
1.0,1.0,1.0,0.0,2.0,4.0,44.0,0.0,1.0,298.76,1.0,2517.0,1482.14,1336.0,0.0
1.0,1.0,1.0,0.0,8.0,7.0,50.0,0.0,2.0,298.78,6.0,2518.0,1483.09,1337.0,0.0
1.0,1.0,1.0,0.0,4.0,6.0,173.0,0.0,3.0,1.31,31.0,1643.0,920.24,145.0,0.0
2.0,12.0,39.0,4.75566,2358.0,0.0,12.21,0.0,12.0,0.18,5.26,1644.0,921.13,1485.0,1.0
0.0,0.0,0.0,0.0,0.0,0.0,0.0,0.0,0.0,0.0,0.0,1645.0,922.13,0.0,0.0
2.0,12.0,36.0,4.75066,1788.0,9.0,126.92,0.0,9.0,14.03,11.75,2519.0,1483.43,2728.0,1.0
1.0,3.0,10.0,2.99458,37.0,74.0,80.4,0.0,1.0,0.7,0.1,1646.0,922.05,1053.0,1.0
1.0,1.0,1.0,0.0,43.0,0.0,0.0,0.0,0.0,0.0,0.0,1649.0,924.66,1056.0,0.0
1.0,1.0,1.0,0.0,27.0,0.0,238.0,0.0,1.0,3.85,4.0,2522.0,1484.39,1392.0,0.0
2.0,3.0,3.0,1.44665,16.0,1.0,736.67,0.0,10.0,2.87,67.0,1650.0,925.65,68.0,0.0
2.0,4.0,4.0,1.85429,7.0,6.0,466.0,0.0,8.0,1.19,35.25,2524.0,1486.32,1368.0,0.0
2.0,2.0,3.0,1.06128,17.0,7.0,175.0,0.0,8.0,125.59,40.33,1651.0,926.59,1492.0,1.0
1.0,1.0,1.0,0.0,3.0,3.0,94.0,0.0,4.0,0.04,11.0,1652.0,927.52,1058.0,0.0
1.0,2.0,3.0,1.00745,97.0,43.0,270.0,1.0,8.0,29.19,23.33,2526.0,1487.59,1394.0,1.0
1.0,2.0,2.0,0.994985,69.0,3.0,136.0,0.0,1.0,1.8,0.5,2527.0,1486.76,1395.0,1.0
1.0,2.0,2.0,0.684038,6.0,5.0,554.0,0.0,8.0,0.37,41.5,2529.0,1488.68,1397.0,0.0
1.0,1.0,1.0,0.0,13.0,0.0,676.0,0.0,6.0,0.02,36.0,2530.0,1489.64,1398.0,0.0
1.0,2.0,2.0,0.998134,57.0,2.0,94.5,0.0,2.0,132.64,2.5,1657.0,930.99,1062.0,0.0
3.0,5.0,5.0,1.32216,139.0,2.0,538.2,0.0,9.0,19.0,37.6,2531.0,1490.49,2770.0,1.0
1.0,2.0,2.0,1.0,2.0,2.0,427.0,0.0,5.0,15.27,29.5,2532.0,1491.41,1400.0,0.0
2.0,2.0,2.0,0.967788,37.0,1.0,408.5,0.0,6.0,0.05,19.0,2533.0,1492.35,2744.0,0.0
1.0,1.0,4.0,1.33556,181.0,1.0,53.75,0.0,2.0,106.81,1.75,2534.0,1493.13,1344.0,0.0
1.0,2.0,2.0,0.5851569999999999,106.0,8.0,25.0,1.0,2.0,73.16,8.5,2535.0,1494.11,1345.0,0.0
1.0,1.0,1.0,0.0,1.0,1.0,73.0,0.0,1.0,0.69,1.0,1659.0,932.1,1064.0,0.0
1.0,1.0,2.0,0.246023,30.0,19.0,58.5,0.0,4.0,371.08,3.5,2536.0,1493.31,28.0,0.0
1.0,1.0,1.0,0.0,5.0,3.0,90.0,0.0,4.0,378.46,9.0,2537.0,1494.31,60.0,0.0
1.0,1.0,1.0,0.0,2.0,2.0,230.0,0.0,8.0,0.23,61.0,1660.0,932.46,56.0,0.0
1.0,2.0,2.0,0.6098399999999999,12.0,8.0,123.5,0.0,4.0,7.32,16.5,2538.0,1495.1,91.0,0.0
1.0,3.0,4.0,1.91051,148.0,0.0,0.0,0.0,0.0,0.0,0.0,2539.0,1495.88,1346.0,0.0
1.0,2.0,2.0,0.704577,45.0,2.0,161.5,0.0,6.0,266.64,29.0,1661.0,933.12,1065.0,0.0
1.0,1.0,1.0,0.0,1.0,1.0,1431.0,0.0,6.0,1.19,99.0,0.0,0.0,0.0,0.0
2.0,6.0,11.0,3.02103,357.0,4.0,40.55,0.0,8.0,50.11,3.09,2540.0,1496.37,2749.0,1.0
1.0,1.0,1.0,0.0,14.0,1.0,97.0,0.0,6.0,0.01,15.0,2541.0,1497.34,1348.0,0.0
1.0,1.0,1.0,0.0,7.0,3.0,110.0,0.0,6.0,0.0,16.0,2542.0,1498.34,1349.0,0.0
1.0,1.0,1.0,0.0,7.0,1.0,118.0,0.0,7.0,5.07,34.0,1662.0,933.33,1066.0,0.0
1.0,1.0,2.0,0.991076,13.0,5.0,74.0,1.0,3.0,2.18,3.5,1663.0,934.0,1067.0,0.0
2.0,2.0,2.0,0.566509,10.0,5.0,47.0,0.0,1.0,157.52,1.0,1664.0,934.99,583.0,0.0
1.0,3.0,4.0,1.91051,148.0,0.0,0.0,0.0,0.0,0.0,0.0,2543.0,1497.65,1350.0,0.0
1.0,1.0,2.0,1.0,2.0,2.0,113.0,0.0,1.0,79.18,3.0,1665.0,935.96,1068.0,0.0
1.0,1.0,4.0,2.0,4.0,4.0,49.0,0.0,1.0,0.72,0.5,2544.0,1498.61,1351.0,0.0
1.0,1.0,1.0,0.0,20.0,0.0,501.0,0.0,7.0,60.97,64.0,2546.0,1500.42,1353.0,0.0
1.0,2.0,3.0,1.14718,94.0,3.0,280.0,0.0,4.0,8.26,22.67,2548.0,1496.98,1405.0,0.0
1.0,1.0,1.0,0.0,7.0,2.0,37.0,1.0,2.0,370.13,5.0,1.0,0.99,0.0,0.0
1.0,1.0,2.0,1.0,10.0,0.0,119.0,0.0,2.0,15.04,2.0,2552.0,1493.53,1354.0,0.0
3.0,19.0,56.0,4.50059,380.0,1408.0,159.14,0.0,10.0,153.76,7.7,2553.0,1494.48,2856.0,1.0
1.0,3.0,4.0,1.51821,94.0,29.0,373.25,0.0,7.0,0.1,13.5,2555.0,1496.05,1411.0,1.0
1.0,3.0,4.0,1.61392,164.0,11.0,247.5,0.0,7.0,0.06,13.75,2556.0,1496.91,1412.0,1.0
1.0,3.0,5.0,1.78432,16.0,3.0,278.2,0.0,7.0,0.84,13.0,2557.0,1497.82,1413.0,0.0
1.0,2.0,2.0,0.942683,36.0,14.0,130.0,1.0,4.0,132.85,9.5,2558.0,1498.67,1356.0,1.0
1.0,2.0,2.0,0.465502,89.0,2.0,37.0,1.0,3.0,63.09,4.5,2559.0,1499.66,1357.0,1.0
1.0,2.0,2.0,0.721928,33.0,12.0,109.5,1.0,2.0,131.37,4.5,2560.0,1500.65,1358.0,1.0
1.0,3.0,5.0,1.80247,17.0,13.0,107.8,0.0,5.0,44.33,8.4,2.0,1.98,1.0,0.0
1.0,2.0,4.0,1.81541,29.0,0.0,356.75,0.0,7.0,133.41,19.5,2561.0,1500.04,1359.0,1.0
1.0,2.0,2.0,0.889174,134.0,3.0,971.5,0.0,1.0,24.78,6.0,2562.0,1500.93,1414.0,1.0
1.0,2.0,8.0,2.9880400000000003,302.0,0.0,0.0,0.0,0.0,0.0,0.0,2564.0,1502.78,1360.0,0.0
1.0,3.0,4.0,1.17985,72.0,5.0,219.0,0.0,8.0,40.94,28.0,2566.0,1504.26,1417.0,1.0
1.0,1.0,1.0,0.0,48.0,0.0,0.0,0.0,0.0,0.0,0.0,2567.0,1505.23,1418.0,0.0
2.0,8.0,8.0,2.97356,24.0,21.0,363.75,0.0,12.0,19.14,35.38,186.0,51.17,46.0,0.0
1.0,3.0,3.0,0.7957609999999999,61.0,1.0,264.0,1.0,8.0,64.96,25.67,2569.0,1505.0,1420.0,1.0
1.0,1.0,1.0,0.0,18.0,6.0,136.0,0.0,3.0,14.68,22.0,17.0,14.63,9.0,0.0
1.0,1.0,1.0,0.0,15.0,0.0,0.0,0.0,0.0,0.0,0.0,18.0,15.62,7.0,0.0
1.0,1.0,1.0,0.0,3.0,3.0,326.0,0.0,8.0,15.52,108.0,1666.0,921.04,437.0,0.0
1.0,4.0,8.0,1.55026,117.0,12.0,92.0,0.0,6.0,66.95,4.25,2575.0,1502.89,1426.0,1.0
1.0,1.0,1.0,0.0,2.0,2.0,104.0,0.0,1.0,35.98,1.0,2576.0,1502.08,1364.0,0.0
0.0,0.0,0.0,0.0,0.0,0.0,0.0,0.0,0.0,0.0,0.0,2577.0,1503.06,0.0,0.0
4.0,20.0,77.0,5.7120000000000015,2797.0,1162.0,87.77,0.0,12.0,77.26,5.23,2578.0,1503.73,1507.0,1.0
1.0,1.0,1.0,0.0,2.0,4.0,483.0,0.0,6.0,12.24,42.0,2579.0,1504.71,11.0,0.0
1.0,1.0,1.0,0.0,1.0,0.0,481.0,0.0,6.0,0.02,43.0,2580.0,1505.67,12.0,0.0
1.0,1.0,4.0,0.986826,105.0,18.0,236.75,0.0,9.0,0.1,29.25,2583.0,1508.46,1368.0,1.0
1.0,2.0,2.0,0.7049449999999999,103.0,17.0,153.5,0.0,9.0,0.03,21.5,2584.0,1509.32,1369.0,1.0
1.0,2.0,3.0,1.08058,30.0,13.0,115.0,0.0,2.0,0.02,0.67,2586.0,1510.86,1371.0,0.0
1.0,1.0,1.0,0.0,2.0,1.0,85.0,0.0,1.0,124.92,2.0,115.0,62.81,93.0,0.0
1.0,2.0,3.0,1.45156,225.0,18.0,46.33,0.0,2.0,0.21,1.0,2588.0,1511.22,1373.0,1.0
1.0,1.0,1.0,0.0,1.0,1.0,101.0,0.0,4.0,1.1,5.0,1667.0,919.07,1069.0,0.0
1.0,1.0,1.0,0.0,3.0,2.0,431.0,0.0,7.0,4.89,74.0,1670.0,922.07,1072.0,0.0
2.0,7.0,17.0,3.36932,422.0,130.0,64.12,0.0,5.0,15.22,1.24,1671.0,922.96,1511.0,1.0
3.0,4.0,4.0,1.9314,15.0,14.0,525.0,0.0,11.0,9.61,42.75,1673.0,924.08,1182.0,0.0
2.0,3.0,4.0,1.92193,5.0,5.0,725.75,0.0,10.0,130.01,58.75,19.0,16.48,3.0,0.0
3.0,4.0,4.0,1.31089,27.0,7.0,556.75,0.0,12.0,8.24,44.5,1675.0,925.66,1188.0,0.0
1.0,1.0,1.0,0.0,0.0,0.0,0.0,0.0,1.0,2.24,1.0,1676.0,926.33,1077.0,0.0
2.0,3.0,3.0,0.946373,7.0,7.0,712.33,0.0,11.0,0.89,55.0,1677.0,926.29,114.0,0.0
1.0,3.0,3.0,1.10501,17.0,2.0,458.0,0.0,8.0,7.46,37.0,2593.0,1510.19,1431.0,0.0
1.0,1.0,1.0,0.0,1.0,1.0,227.0,0.0,8.0,1.68,64.0,1.0,0.96,1.0,0.0
1.0,1.0,1.0,0.0,2.0,2.0,1427.0,0.0,8.0,0.8,107.0,2596.0,1508.7,32.0,0.0
1.0,6.0,9.0,2.66176,333.0,15.0,326.33,0.0,8.0,36.07,27.33,2597.0,1509.61,1433.0,1.0
2.0,5.0,16.0,2.98044,520.0,60.0,130.31,0.0,9.0,4.56,5.69,2600.0,1509.53,2811.0,1.0
1.0,1.0,1.0,0.0,6.0,6.0,167.0,0.0,1.0,54.18,1.0,1678.0,922.24,1078.0,0.0
2.0,3.0,3.0,1.0307,125.0,9.0,56.0,1.0,3.0,38.59,1.33,1679.0,923.24,1170.0,1.0
1.0,2.0,2.0,0.6962119999999999,16.0,0.0,154.5,0.0,2.0,0.02,2.5,2601.0,1510.49,1377.0,0.0
1.0,5.0,9.0,2.64665,326.0,27.0,85.22,1.0,7.0,134.02,6.0,116.0,63.25,94.0,1.0
3.0,4.0,4.0,1.7841599999999995,10.0,2.0,580.75,0.0,12.0,6.11,65.75,2602.0,1511.44,1441.0,0.0
1.0,1.0,1.0,0.0,106.0,0.0,0.0,0.0,0.0,0.0,0.0,2603.0,1512.19,1379.0,0.0
1.0,2.0,2.0,0.391244,21.0,5.0,139.0,0.0,2.0,2.73,3.0,2604.0,1513.15,1380.0,0.0
1.0,2.0,4.0,1.02193,18.0,2.0,138.5,0.0,2.0,0.11,2.25,2605.0,1514.14,1381.0,0.0
1.0,1.0,1.0,0.0,1.0,1.0,83.0,0.0,3.0,23.11,18.0,398.0,217.21,205.0,0.0
1.0,2.0,4.0,1.80755,13.0,13.0,123.75,1.0,2.0,9.5,1.0,1683.0,926.21,1083.0,0.0
3.0,3.0,3.0,1.22439,8.0,1.0,666.0,0.0,10.0,1.64,51.0,1684.0,927.13,1200.0,0.0
1.0,2.0,2.0,0.721928,8.0,7.0,358.0,0.0,8.0,1.21,44.0,1685.0,928.06,62.0,0.0
1.0,1.0,1.0,0.0,12.0,0.0,91.0,0.0,4.0,5.23,23.0,1686.0,929.06,63.0,0.0
1.0,1.0,1.0,0.0,5.0,4.0,107.0,0.0,1.0,106.06,3.0,2606.0,1513.3,1382.0,0.0
1.0,1.0,2.0,0.970951,0.0,5.0,100.5,0.0,1.0,0.12,1.0,2608.0,1514.95,1384.0,0.0
1.0,1.0,1.0,0.0,6.0,1.0,876.0,0.0,7.0,236.22,26.0,2609.0,1515.8,20.0,0.0
1.0,2.0,5.0,1.53947,39.0,11.0,132.0,0.0,3.0,191.09,2.0,41.0,28.68,37.0,0.0
1.0,2.0,2.0,1.0,2.0,2.0,96.5,0.0,2.0,0.67,4.0,188.0,52.65,48.0,0.0
1.0,1.0,1.0,0.0,1.0,1.0,855.0,0.0,9.0,24.05,327.0,1687.0,928.96,66.0,0.0
1.0,2.0,2.0,0.205593,61.0,1.0,18.5,0.0,2.0,0.27,2.5,2611.0,1516.04,1385.0,0.0
1.0,1.0,1.0,0.0,38.0,1.0,107.0,0.0,1.0,0.06,1.0,1690.0,931.14,1086.0,0.0
1.0,1.0,1.0,0.0,1.0,1.0,228.0,0.0,8.0,1.0,67.0,2.0,1.93,2.0,0.0
1.0,1.0,1.0,0.0,1.0,1.0,228.0,0.0,8.0,0.04,68.0,1691.0,931.05,65.0,0.0
1.0,1.0,1.0,0.0,87.0,0.0,0.0,0.0,0.0,0.0,0.0,2613.0,1515.25,1387.0,0.0
1.0,2.0,3.0,0.838192,9.0,171.0,174.0,0.0,4.0,0.82,9.67,1692.0,931.94,1087.0,0.0
1.0,1.0,1.0,0.0,49.0,0.0,0.0,0.0,0.0,0.0,0.0,1693.0,932.88,439.0,0.0
1.0,1.0,1.0,0.0,1.0,1.0,280.0,0.0,7.0,0.0,25.0,2617.0,1518.45,1439.0,0.0
1.0,1.0,1.0,0.0,12.0,0.0,103.0,0.0,4.0,2.78,24.0,1694.0,932.76,66.0,0.0
1.0,1.0,1.0,0.0,7.0,0.0,489.0,0.0,6.0,2.8,50.0,1695.0,933.73,67.0,0.0
1.0,1.0,1.0,0.0,1.0,1.0,228.0,0.0,8.0,0.93,69.0,1696.0,934.61,68.0,0.0
1.0,1.0,1.0,0.0,2.0,2.0,85.0,0.0,1.0,25.91,3.0,1697.0,935.5,1088.0,0.0
1.0,1.0,1.0,0.0,1.0,1.0,106.0,0.0,8.0,2.71,54.0,1698.0,936.42,148.0,0.0
1.0,1.0,2.0,1.0,2.0,2.0,50.0,0.0,3.0,10.02,2.0,2619.0,1518.5,1390.0,0.0
2.0,5.0,16.0,3.85685,623.0,4.0,177.63,0.0,10.0,0.02,14.06,2621.0,1520.16,2833.0,1.0
1.0,1.0,1.0,0.0,2.0,0.0,60.0,0.0,1.0,2.91,1.0,1699.0,937.1,149.0,0.0
1.0,1.0,1.0,0.0,1.0,1.0,40.0,0.0,3.0,185.26,3.0,2624.0,1522.87,1394.0,0.0
1.0,1.0,1.0,0.0,2.0,2.0,105.0,0.0,1.0,5.54,1.0,1700.0,935.64,1089.0,0.0
2.0,4.0,4.0,1.93626,6.0,5.0,504.75,0.0,9.0,41.96,62.25,1701.0,936.62,1530.0,0.0
2.0,2.0,3.0,0.963997,61.0,51.0,257.0,0.0,5.0,35.13,11.33,2628.0,1522.16,2844.0,0.0
1.0,2.0,2.0,0.918296,3.0,3.0,362.0,0.0,8.0,3.01,47.0,1702.0,935.98,69.0,0.0
1.0,1.0,1.0,0.0,76.0,0.0,0.0,0.0,0.0,0.0,0.0,1703.0,936.82,1091.0,0.0
1.0,2.0,2.0,0.650022,6.0,0.0,362.0,0.0,8.0,0.2,47.5,1704.0,937.67,70.0,0.0
1.0,1.0,1.0,0.0,1.0,1.0,855.0,0.0,9.0,5.35,328.0,1705.0,938.66,67.0,0.0
1.0,1.0,1.0,0.0,8.0,0.0,406.0,0.0,10.0,84.98,35.0,1706.0,939.66,1092.0,0.0
1.0,2.0,2.0,0.8739809999999999,33.0,1.0,84.0,1.0,5.0,94.67,5.5,1707.0,940.42,1093.0,0.0
1.0,5.0,6.0,2.1865,154.0,49.0,374.17,0.0,9.0,31.26,37.33,2629.0,1517.85,1448.0,1.0
1.0,1.0,1.0,0.0,1.0,13.0,501.0,0.0,6.0,1.1,53.0,1711.0,942.94,71.0,0.0
6.0,22.0,34.0,4.40289,228.0,194.0,221.32,0.0,14.0,112.28,19.47,414.0,206.94,480.0,1.0
1.0,1.0,1.0,0.0,1.0,1.0,291.0,0.0,6.0,0.69,11.0,1712.0,942.94,441.0,0.0
1.0,1.0,1.0,0.0,4.0,6.0,443.0,0.0,5.0,41.24,19.0,2635.0,1520.71,1453.0,0.0
1.0,2.0,2.0,1.0,2.0,2.0,302.0,0.0,5.0,13.74,23.0,1713.0,942.4,72.0,0.0
1.0,1.0,1.0,0.0,6.0,6.0,123.0,0.0,3.0,2.25,7.0,1714.0,943.02,1097.0,0.0
2.0,3.0,3.0,1.14883,7.0,0.0,731.67,0.0,11.0,1.28,60.67,1715.0,944.01,129.0,0.0
1.0,1.0,1.0,0.0,1.0,1.0,111.0,0.0,2.0,9.81,3.0,1716.0,945.01,1098.0,0.0
1.0,9.0,20.0,3.56043,15.0,1054.0,102.5,0.0,9.0,321.86,4.65,1717.0,946.0,1099.0,0.0
1.0,1.0,1.0,0.0,2.0,4.0,120.0,0.0,8.0,22.04,23.0,2636.0,1519.8,1454.0,0.0
1.0,1.0,1.0,0.0,13.0,4.0,156.0,0.0,1.0,22.29,4.0,2639.0,1522.13,1457.0,0.0
1.0,3.0,3.0,0.7943100000000001,12.0,13.0,150.33,0.0,5.0,1.17,14.0,2640.0,1523.01,1458.0,0.0
1.0,1.0,1.0,0.0,6.0,2.0,83.0,0.0,1.0,22.35,5.0,2641.0,1523.99,1459.0,0.0
1.0,1.0,1.0,0.0,1.0,2.0,89.0,0.0,2.0,32.81,3.0,3.0,2.81,2.0,0.0
1.0,1.0,1.0,0.0,18.0,1.0,352.0,0.0,1.0,62.59,4.0,2642.0,1524.64,1460.0,0.0
1.0,1.0,1.0,0.0,2.0,0.0,110.0,0.0,5.0,37.55,7.0,1719.0,946.94,1101.0,0.0
2.0,6.0,15.0,3.58924,209.0,107.0,220.4,0.0,10.0,59.65,11.93,2643.0,1524.44,2862.0,1.0
1.0,1.0,1.0,0.0,24.0,0.0,369.0,0.0,1.0,0.47,5.0,2644.0,1525.41,1462.0,0.0
1.0,1.0,1.0,0.0,7.0,1.0,280.0,0.0,7.0,7.69,26.0,2645.0,1526.3,1463.0,0.0
1.0,8.0,16.0,3.33163,382.0,52.0,312.31,0.0,10.0,41.66,23.94,2649.0,1529.51,1467.0,1.0
1.0,5.0,7.0,2.49497,133.0,115.0,74.29,1.0,2.0,85.08,2.71,117.0,63.13,95.0,1.0
1.0,2.0,2.0,0.468996,2.0,8.0,374.0,0.0,8.0,1.78,49.5,1720.0,946.2,74.0,0.0
1.0,5.0,19.0,3.77725,113.0,143.0,280.05,0.0,10.0,7.09,13.95,2651.0,1529.38,1469.0,1.0
3.0,3.0,3.0,1.55666,3.0,4.0,607.0,0.0,7.0,45.33,22.67,1722.0,946.52,1234.0,0.0
1.0,1.0,1.0,0.0,2.0,10.0,255.0,0.0,4.0,0.0,14.0,2654.0,1529.77,1472.0,0.0
1.0,4.0,8.0,2.0238,375.0,5.0,448.25,0.0,7.0,55.54,29.13,2655.0,1530.22,1473.0,1.0
2.0,2.0,2.0,0.468996,19.0,1.0,484.0,0.0,9.0,5.0,170.5,1723.0,946.16,1171.0,0.0
1.0,4.0,4.0,1.38523,131.0,0.0,205.25,0.0,11.0,4.28,22.75,1724.0,946.43,1104.0,1.0
1.0,7.0,11.0,2.66847,108.0,72.0,351.91,0.0,10.0,7.18,28.91,2658.0,1529.03,1476.0,1.0
1.0,2.0,2.0,0.189278,69.0,0.0,32.0,0.0,2.0,13.51,1.0,1727.0,948.15,150.0,0.0
1.0,11.0,23.0,3.35782,729.0,45.0,228.39,0.0,10.0,3.68,12.78,2661.0,1531.66,1479.0,1.0
2.0,2.0,2.0,0.297472,24.0,14.0,182.0,0.0,1.0,2.02,4.5,2662.0,1532.64,2884.0,0.0
1.0,3.0,3.0,1.07766,70.0,40.0,40.33,0.0,2.0,18.33,1.0,1728.0,949.01,151.0,0.0
2.0,12.0,17.0,3.50146,373.0,48.0,188.76,0.0,8.0,5.87,12.82,2664.0,1534.37,2887.0,1.0
2.0,6.0,6.0,1.57104,42.0,37.0,114.0,0.0,5.0,3.7,5.67,2666.0,1536.22,2891.0,1.0
1.0,1.0,1.0,0.0,2.0,0.0,397.0,0.0,1.0,0.08,12.0,2668.0,1538.07,1484.0,0.0
1.0,2.0,2.0,0.62357,20.0,25.0,70.5,1.0,4.0,158.28,2.5,1730.0,949.89,1105.0,0.0
1.0,2.0,2.0,0.8856129999999999,31.0,25.0,66.0,1.0,4.0,692.06,2.5,1731.0,950.86,446.0,0.0
1.0,2.0,3.0,1.28174,23.0,52.0,245.67,0.0,8.0,3.52,32.33,2669.0,1537.23,1485.0,0.0
1.0,1.0,1.0,0.0,1.0,0.0,511.0,0.0,7.0,4.22,57.0,1732.0,951.56,76.0,0.0
1.0,3.0,3.0,1.11055,26.0,4.0,213.33,0.0,7.0,1.06,21.33,2670.0,1537.85,1486.0,0.0
2.0,5.0,6.0,2.34206,49.0,6.0,154.83,0.0,3.0,92.55,5.83,2671.0,1537.89,2897.0,0.0
2.0,3.0,3.0,1.55575,21.0,12.0,103.0,0.0,1.0,315.92,1.67,2672.0,1538.85,1582.0,0.0
2.0,3.0,4.0,1.03862,178.0,5.0,113.0,0.0,6.0,205.73,7.0,2673.0,1538.44,2900.0,0.0
1.0,1.0,1.0,0.0,2.0,2.0,169.0,0.0,5.0,62.23,34.0,415.0,205.33,254.0,0.0
1.0,3.0,14.0,3.0667,132.0,73.0,78.36,0.0,1.0,26.26,0.43,1735.0,951.8,1107.0,1.0
1.0,2.0,2.0,0.987994,130.0,33.0,301.5,1.0,7.0,14.5,23.5,1736.0,952.55,1108.0,1.0
1.0,2.0,2.0,0.970951,8.0,2.0,181.0,0.0,5.0,0.77,19.5,1737.0,953.44,153.0,0.0
1.0,5.0,4.0,1.12356,69.0,2.0,73.5,0.0,3.0,54.25,2.0,1738.0,954.41,154.0,0.0
2.0,9.0,15.0,2.80205,309.0,20.0,180.07,0.0,6.0,93.36,7.13,2675.0,1537.48,2902.0,1.0
2.0,2.0,2.0,0.99403,7.0,4.0,216.5,0.0,1.0,1.53,7.0,2676.0,1538.3,2904.0,0.0
1.0,1.0,1.0,0.0,2.0,0.0,361.0,0.0,3.0,10.06,7.0,2678.0,1537.69,1415.0,0.0
1.0,1.0,1.0,0.0,1.0,1.0,178.0,0.0,3.0,82.94,5.0,2682.0,1539.16,86.0,0.0
1.0,7.0,9.0,2.62262,428.0,291.0,155.33,1.0,12.0,11.69,14.0,2683.0,1540.12,1417.0,1.0
1.0,1.0,2.0,0.993859,141.0,0.0,0.0,0.0,0.0,0.0,0.0,2684.0,1541.08,1418.0,0.0
1.0,2.0,4.0,1.968,205.0,0.0,0.0,0.0,0.0,0.0,0.0,2685.0,1542.04,1419.0,0.0
1.0,1.0,1.0,0.0,1.0,1.0,217.0,0.0,6.0,83.56,40.0,1741.0,953.04,92.0,0.0
1.0,1.0,1.0,0.0,16.0,0.0,214.0,0.0,7.0,133.65,45.0,1742.0,954.04,1109.0,0.0
1.0,1.0,1.0,0.0,2.0,1.0,434.0,0.0,7.0,5.58,79.0,1743.0,954.94,1110.0,0.0
1.0,2.0,2.0,0.650022,6.0,6.0,219.0,0.0,1.0,69.13,7.0,2686.0,1541.0,1496.0,0.0
2.0,2.0,2.0,0.998196,99.0,21.0,149.5,1.0,3.0,2.54,8.0,2688.0,1542.81,2918.0,0.0
4.0,18.0,36.0,4.37235,3294.0,4.0,75.47,0.0,12.0,12.93,8.5,2693.0,1545.23,2994.0,1.0
1.0,1.0,1.0,0.0,17.0,3.0,31.0,0.0,1.0,1.49,1.0,1746.0,954.89,158.0,0.0
1.0,2.0,2.0,0.985859,93.0,0.0,143.5,0.0,7.0,22.6,17.0,1747.0,955.74,159.0,0.0
1.0,1.0,1.0,0.0,69.0,0.0,0.0,0.0,0.0,0.0,0.0,1748.0,956.59,1112.0,0.0
2.0,2.0,2.0,0.522559,9.0,8.0,769.5,0.0,8.0,11.61,58.0,2695.0,1544.64,1462.0,0.0
1.0,2.0,2.0,0.8112779999999999,4.0,0.0,486.5,0.0,6.0,9.79,17.0,2697.0,1546.63,1503.0,0.0
1.0,1.0,1.0,0.0,16.0,0.0,1311.0,0.0,8.0,9.91,80.0,2698.0,1547.63,1504.0,0.0
2.0,7.0,11.0,2.61979,306.0,80.0,169.27,0.0,9.0,30.2,16.0,2699.0,1548.61,2932.0,1.0
1.0,2.0,2.0,0.522559,17.0,0.0,259.0,0.0,3.0,90.89,10.5,2701.0,1549.8,1506.0,0.0
1.0,3.0,3.0,1.27327,25.0,0.0,768.0,0.0,8.0,0.32,33.0,2702.0,1550.78,1507.0,0.0
1.0,4.0,7.0,2.52582,21.0,26.0,60.71,0.0,1.0,48.32,0.29,2705.0,1551.4,95.0,0.0
1.0,1.0,1.0,0.0,22.0,13.0,562.0,0.0,6.0,26.69,42.0,1749.0,954.68,447.0,0.0
2.0,10.0,26.0,4.26978,2215.0,0.0,60.96,0.0,12.0,0.18,7.65,3.0,2.77,0.0,1.0
1.0,1.0,1.0,0.0,0.0,0.0,0.0,0.0,0.0,0.0,0.0,4.0,3.77,1.0,0.0
1.0,1.0,1.0,0.0,1.0,1.0,571.0,0.0,6.0,0.14,43.0,1751.0,956.45,448.0,0.0
1.0,1.0,1.0,0.0,11.0,2.0,83.0,0.0,1.0,0.07,1.0,1752.0,957.4,1114.0,0.0
1.0,1.0,1.0,0.0,1.0,1.0,92.0,0.0,2.0,0.02,2.0,1753.0,958.37,1115.0,0.0
1.0,1.0,1.0,0.0,7.0,9.0,60.0,0.0,2.0,51.14,3.0,2707.0,1551.34,1509.0,0.0
1.0,5.0,17.0,4.08746,17.0,17.0,60.71,0.0,6.0,223.44,2.29,1755.0,960.13,1117.0,0.0
0.0,0.0,0.0,0.0,0.0,0.0,0.0,0.0,0.0,0.0,0.0,1757.0,961.01,0.0,0.0
1.0,3.0,4.0,1.85595,175.0,8.0,128.0,0.0,1.0,8.49,3.5,2708.0,1547.04,1510.0,1.0
1.0,1.0,1.0,0.0,11.0,0.0,114.0,0.0,6.0,44.69,17.0,2709.0,1548.01,1431.0,0.0
1.0,2.0,3.0,1.39673,131.0,1.0,18.33,0.0,1.0,43.32,0.67,2710.0,1548.29,1511.0,0.0
1.0,3.0,3.0,1.52193,19.0,11.0,158.0,1.0,3.0,91.65,4.0,1760.0,960.93,1121.0,0.0
2.0,3.0,10.0,3.14866,558.0,0.0,276.2,1.0,10.0,12.89,22.8,2712.0,1548.13,2945.0,0.0
1.0,2.0,2.0,0.231813,43.0,10.0,184.0,0.0,2.0,81.64,5.5,1762.0,961.12,1123.0,0.0
2.0,3.0,5.0,2.29547,9.0,4.0,368.0,0.0,10.0,176.21,28.0,1763.0,962.11,1182.0,0.0
1.0,2.0,2.0,0.231813,106.0,0.0,236.0,0.0,7.0,129.38,25.0,114.0,52.42,34.0,0.0
1.0,1.0,1.0,0.0,5.0,0.0,512.0,0.0,7.0,14.26,58.0,5.0,4.7,3.0,0.0
1.0,1.0,1.0,0.0,1.0,0.0,113.0,0.0,12.0,6.22,112.0,21.0,17.11,11.0,0.0
2.0,3.0,3.0,1.5485799999999998,9.0,4.0,954.33,0.0,8.0,41.03,90.67,2715.0,1542.49,2950.0,0.0
1.0,2.0,2.0,0.522559,14.0,3.0,316.0,0.0,7.0,14.83,41.0,1767.0,961.42,77.0,0.0
1.0,1.0,2.0,0.8631209999999999,6.0,1.0,684.5,0.0,8.0,2.41,92.0,1768.0,962.26,1127.0,0.0
1.0,1.0,1.0,0.0,9.0,6.0,108.0,0.0,1.0,52.79,1.0,2716.0,1541.86,1515.0,0.0
2.0,4.0,5.0,2.22807,7.0,10.0,616.0,0.0,9.0,38.01,70.6,2717.0,1542.69,2953.0,0.0
2.0,5.0,12.0,2.54095,468.0,11.0,115.17,0.0,2.0,14.93,2.83,2719.0,1543.98,2957.0,1.0
1.0,1.0,1.0,0.0,2.0,6.0,91.0,0.0,8.0,0.14,34.0,7.0,6.67,1.0,0.0
1.0,1.0,1.0,0.0,1.0,1.0,1474.0,0.0,9.0,4.04,118.0,2720.0,1543.34,38.0,0.0
1.0,2.0,2.0,0.989467,65.0,51.0,25.5,0.0,1.0,69.47,0.5,25.0,20.98,15.0,0.0
1.0,2.0,2.0,0.678954,2.0,37.0,59.5,0.0,8.0,295.24,19.0,2722.0,1542.66,1519.0,0.0
2.0,8.0,12.0,2.0309,156.0,35.0,339.58,0.0,11.0,9.89,24.25,2727.0,1545.03,2969.0,1.0
1.0,1.0,1.0,0.0,4.0,4.0,546.0,0.0,8.0,152.0,67.0,2728.0,1545.75,1446.0,0.0
1.0,2.0,3.0,1.5,3.0,1.0,106.67,0.0,3.0,38.86,4.0,28.0,23.9,17.0,0.0
2.0,3.0,3.0,1.37095,4.0,1.0,284.33,0.0,9.0,28.73,39.0,1769.0,957.14,1206.0,0.0
1.0,1.0,1.0,0.0,3.0,1.0,217.0,0.0,1.0,25.75,8.0,2731.0,1546.8,1527.0,0.0
1.0,1.0,1.0,0.0,1.0,1.0,55.0,0.0,5.0,461.39,8.0,399.0,206.37,40.0,0.0
2.0,32.0,72.0,5.4805199999999985,1014.0,254.0,197.68,0.0,10.0,148.84,10.0,2734.0,1546.98,2978.0,1.0
1.0,7.0,10.0,2.15156,208.0,18.0,259.2,0.0,7.0,6.54,19.7,2737.0,1549.7,1531.0,1.0
1.0,1.0,1.0,0.0,22.0,2.0,132.0,0.0,8.0,0.06,83.0,2738.0,1550.57,1532.0,0.0
1.0,1.0,1.0,0.0,1.0,0.0,90.0,0.0,2.0,245.87,3.0,2739.0,1551.54,1452.0,0.0
1.0,3.0,3.0,1.11045,38.0,5.0,500.67,1.0,7.0,96.91,37.33,2740.0,1552.52,1533.0,0.0
1.0,1.0,1.0,0.0,65.0,0.0,0.0,0.0,0.0,0.0,0.0,2741.0,1553.36,1534.0,0.0
1.0,3.0,3.0,1.58496,3.0,0.0,27.67,0.0,7.0,111.25,8.67,1771.0,956.95,1130.0,0.0
1.0,1.0,1.0,0.0,1.0,1.0,155.0,0.0,4.0,0.36,16.0,2742.0,1554.04,1453.0,0.0
2.0,5.0,10.0,2.77822,66.0,37.0,165.2,0.0,8.0,83.48,6.0,2744.0,1554.25,2991.0,1.0
2.0,5.0,5.0,1.89869,185.0,35.0,147.4,0.0,3.0,213.65,7.0,2745.0,1555.04,2993.0,1.0
1.0,2.0,2.0,0.905928,26.0,2.0,91.0,0.0,1.0,4.1,1.5,29.0,24.7,18.0,0.0
1.0,2.0,7.0,0.0,5.0,0.0,5.71,0.0,2.0,129.29,0.86,30.0,25.7,8.0,0.0
1.0,1.0,1.0,0.0,1.0,1.0,28.0,0.0,1.0,0.01,1.0,32.0,27.69,10.0,0.0
1.0,7.0,13.0,2.7999400000000003,217.0,32.0,377.54,0.0,10.0,55.3,35.54,2746.0,1553.75,1538.0,1.0
1.0,1.0,1.0,0.0,14.0,0.0,70.0,0.0,1.0,0.07,1.0,33.0,28.69,11.0,0.0
1.0,1.0,1.0,0.0,2.0,1.0,117.0,0.0,8.0,1.01,25.0,2749.0,1556.59,1540.0,0.0
2.0,6.0,23.0,4.24721,1417.0,28.0,132.96,0.0,8.0,11.14,13.22,2750.0,1557.24,2999.0,1.0
1.0,3.0,4.0,1.26425,3.0,67.0,49.75,0.0,12.0,0.06,28.75,1774.0,956.95,1133.0,0.0
1.0,1.0,1.0,0.0,2.0,1.0,14.0,0.0,1.0,0.4,1.0,36.0,31.66,14.0,0.0
1.0,2.0,2.0,0.991076,171.0,0.0,0.0,0.0,0.0,0.0,0.0,2751.0,1557.69,1459.0,0.0
1.0,1.0,1.0,0.0,1.0,1.0,1474.0,0.0,9.0,6.35,119.0,2752.0,1558.68,39.0,0.0
1.0,2.0,5.0,2.22349,67.0,8.0,62.2,0.0,1.0,1.03,0.4,37.0,32.61,15.0,0.0
1.0,1.0,1.0,0.0,5.0,1.0,303.0,0.0,1.0,17.97,1.0,2753.0,1557.9,1460.0,0.0
3.0,26.0,72.0,1.67674,11.0,0.0,117.32,0.0,13.0,30.47,6.53,2757.0,1561.62,1538.0,0.0
1.0,9.0,45.0,5.14899,3971.0,0.0,0.0,0.0,0.0,0.0,0.0,2758.0,1562.6,1465.0,1.0
1.0,4.0,6.0,2.4633700000000003,11.0,6.0,116.33,0.0,7.0,40.03,11.17,2760.0,1564.45,87.0,0.0
1.0,2.0,4.0,1.99942,200.0,0.0,0.0,0.0,0.0,0.0,0.0,2761.0,1565.43,88.0,0.0
1.0,1.0,1.0,0.0,7.0,0.0,518.0,0.0,7.0,4.33,61.0,2762.0,1566.43,14.0,0.0
1.0,1.0,1.0,0.0,5.0,0.0,525.0,0.0,7.0,0.11,62.0,2763.0,1567.14,15.0,0.0
2.0,4.0,4.0,1.7990099999999998,205.0,8.0,284.5,0.0,2.0,3.46,9.75,2764.0,1567.96,3011.0,1.0
1.0,2.0,2.0,0.918296,19.0,11.0,417.0,1.0,1.0,0.01,18.5,2767.0,1569.33,1547.0,1.0
1.0,2.0,5.0,1.784,90.0,74.0,47.0,0.0,3.0,349.15,1.0,400.0,205.83,41.0,0.0
1.0,3.0,4.0,1.72957,9.0,15.0,185.0,0.0,7.0,2.58,21.75,2769.0,1568.92,1470.0,0.0
1.0,1.0,3.0,1.06128,16.0,16.0,138.67,0.0,2.0,6.24,7.0,2770.0,1569.9,1548.0,0.0
1.0,1.0,1.0,0.0,6.0,6.0,167.0,0.0,1.0,1.88,1.0,1776.0,954.55,1135.0,0.0
1.0,2.0,2.0,0.6609619999999999,66.0,4.0,93.0,0.0,1.0,0.95,0.5,1779.0,957.51,1138.0,0.0
1.0,1.0,1.0,0.0,5.0,2.0,288.0,0.0,2.0,0.07,2.0,1780.0,958.49,1139.0,0.0
1.0,4.0,4.0,1.38837,85.0,7.0,91.75,0.0,6.0,76.44,15.75,2773.0,1572.42,1549.0,1.0
1.0,1.0,1.0,0.0,2.0,0.0,92.0,0.0,1.0,20.93,1.0,1782.0,960.36,1141.0,0.0
1.0,1.0,1.0,0.0,1.0,1.0,92.0,0.0,2.0,0.24,5.0,1783.0,961.35,1142.0,0.0
1.0,6.0,13.0,3.4581800000000005,591.0,11.0,37.62,0.0,6.0,36.15,3.85,2774.0,1573.09,1550.0,1.0
1.0,2.0,4.0,1.6851599999999998,41.0,13.0,134.0,0.0,1.0,17.35,0.25,8.0,7.48,2.0,0.0
1.0,1.0,2.0,1.0,4.0,4.0,135.0,0.0,1.0,0.37,5.0,2776.0,1574.9,1551.0,0.0
2.0,3.0,3.0,1.15422,7.0,32.0,587.67,0.0,9.0,20.24,44.33,189.0,51.84,50.0,0.0
2.0,2.0,2.0,0.991076,7.0,2.0,1007.0,0.0,10.0,1.43,84.5,1784.0,961.31,138.0,0.0
2.0,3.0,5.0,2.12997,176.0,0.0,32.8,0.0,4.0,35.3,3.2,2777.0,1574.07,3025.0,1.0
1.0,2.0,3.0,1.00408,27.0,8.0,99.67,0.0,1.0,0.62,0.33,2778.0,1575.06,1474.0,0.0
3.0,25.0,37.0,4.70677,58.0,61.0,189.54,0.0,11.0,140.67,9.59,2779.0,1575.96,3124.0,1.0
1.0,1.0,1.0,0.0,82.0,0.0,0.0,0.0,0.0,0.0,0.0,2780.0,1576.56,1554.0,0.0
1.0,1.0,3.0,1.58486,233.0,0.0,0.0,0.0,0.0,0.0,0.0,2781.0,1577.56,1555.0,0.0
1.0,2.0,2.0,0.402179,1.0,24.0,90.5,1.0,2.0,0.0,3.5,2783.0,1579.54,1477.0,0.0
2.0,2.0,2.0,1.0,2.0,4.0,50.0,0.0,5.0,174.89,7.5,401.0,206.18,169.0,0.0
1.0,1.0,1.0,0.0,3.0,3.0,124.0,0.0,2.0,55.96,5.0,2784.0,1578.31,1478.0,0.0
1.0,2.0,2.0,0.954434,6.0,2.0,62.0,0.0,1.0,227.6,2.0,1785.0,960.3,1143.0,0.0
1.0,2.0,2.0,0.362051,26.0,3.0,102.0,0.0,1.0,4.96,0.5,1786.0,961.29,1144.0,0.0
1.0,2.0,2.0,0.242292,22.0,3.0,63.0,0.0,1.0,2.49,1.0,1787.0,962.28,1145.0,0.0
1.0,1.0,1.0,0.0,10.0,5.0,185.0,0.0,1.0,0.02,2.0,1788.0,963.26,1146.0,0.0
1.0,1.0,1.0,0.0,3.0,2.0,177.0,0.0,6.0,67.06,44.0,1791.0,965.23,1147.0,0.0
1.0,1.0,1.0,0.0,1.0,1.0,232.0,0.0,8.0,8.9,76.0,1792.0,966.2,80.0,0.0
1.0,2.0,2.0,0.426229,69.0,0.0,86.5,0.0,5.0,228.42,8.5,2787.0,1578.77,1481.0,0.0
1.0,1.0,1.0,0.0,13.0,0.0,386.0,0.0,5.0,24.96,41.0,2789.0,1580.61,1557.0,0.0
1.0,1.0,1.0,0.0,5.0,2.0,76.0,0.0,1.0,0.92,1.0,1794.0,967.8,161.0,0.0
1.0,2.0,2.0,0.918296,4.0,2.0,60.0,0.0,1.0,0.47,1.0,1795.0,968.79,162.0,0.0
1.0,1.0,1.0,0.0,1.0,1.0,15.0,0.0,1.0,5.85,2.0,1796.0,969.58,163.0,0.0
1.0,1.0,1.0,0.0,1.0,1.0,96.0,0.0,6.0,68.18,41.0,1797.0,969.45,25.0,0.0
1.0,2.0,3.0,0.5489539999999999,28.0,14.0,165.0,0.0,3.0,1.46,2.67,2793.0,1581.93,1486.0,0.0
1.0,2.0,2.0,0.970951,7.0,3.0,209.0,0.0,4.0,1.93,7.5,2794.0,1582.91,1487.0,0.0
2.0,2.0,2.0,0.413817,17.0,7.0,572.0,0.0,2.0,5.5,21.5,2797.0,1585.4,3050.0,1.0
1.0,3.0,3.0,1.06761,20.0,3.0,619.67,0.0,8.0,49.47,45.0,2798.0,1586.38,1561.0,0.0
2.0,3.0,4.0,1.53495,114.0,39.0,112.5,1.0,2.0,150.81,3.25,1798.0,969.91,545.0,1.0
1.0,5.0,5.0,1.92782,153.0,8.0,201.8,0.0,9.0,124.42,20.2,2799.0,1587.19,1562.0,1.0
1.0,1.0,1.0,0.0,3.0,19.0,99.0,0.0,1.0,58.91,1.0,2801.0,1587.15,1564.0,0.0
2.0,4.0,5.0,1.73135,38.0,12.0,149.2,0.0,6.0,102.8,10.8,1800.0,970.56,1246.0,1.0
1.0,1.0,1.0,0.0,1.0,1.0,155.0,0.0,3.0,0.02,12.0,1801.0,971.53,1151.0,0.0
1.0,1.0,1.0,0.0,13.0,1.0,545.0,0.0,10.0,0.32,40.0,1802.0,972.5,1152.0,0.0
1.0,1.0,1.0,0.0,1.0,1.0,1489.0,0.0,9.0,5.12,124.0,2805.0,1588.69,42.0,0.0
2.0,6.0,28.0,4.26246,73.0,80.0,151.21,0.0,7.0,22.25,3.68,2806.0,1589.21,3060.0,1.0
1.0,3.0,3.0,1.36631,16.0,16.0,483.67,0.0,7.0,20.0,30.0,2807.0,1590.2,1568.0,0.0
1.0,1.0,1.0,0.0,4.0,6.0,45.0,0.0,1.0,59.9,2.0,2808.0,1591.05,1569.0,0.0
1.0,3.0,3.0,1.21265,30.0,25.0,627.0,0.0,7.0,4.0,30.33,2809.0,1591.42,1570.0,0.0
1.0,2.0,4.0,1.61698,176.0,33.0,123.5,0.0,1.0,4.96,0.5,2810.0,1591.08,1494.0,1.0
2.0,6.0,8.0,2.74005,283.0,2.0,251.75,0.0,7.0,0.5,11.5,2812.0,1592.55,3068.0,1.0
1.0,2.0,6.0,1.34565,179.0,19.0,92.5,0.0,3.0,124.46,8.33,2814.0,1593.9,1573.0,1.0
1.0,3.0,3.0,1.15375,106.0,2.0,13.33,0.0,3.0,114.74,2.0,2815.0,1594.59,89.0,0.0
1.0,2.0,2.0,0.543564,8.0,0.0,382.5,0.0,8.0,4.15,54.5,2817.0,1595.25,16.0,0.0
1.0,1.0,1.0,0.0,5.0,1.0,1638.0,0.0,8.0,10.92,225.0,2818.0,1595.91,1574.0,1.0
2.0,5.0,6.0,2.4237,23.0,8.0,376.33,0.0,4.0,53.45,10.67,2819.0,1596.61,3074.0,0.0
1.0,2.0,2.0,0.999872,68.0,7.0,168.5,1.0,4.0,264.81,11.0,119.0,61.35,97.0,0.0
1.0,2.0,2.0,0.300391,74.0,1.0,241.0,0.0,2.0,0.01,3.0,2821.0,1596.51,1501.0,0.0
1.0,1.0,1.0,0.0,13.0,19.0,112.0,0.0,5.0,295.09,17.0,2823.0,1598.5,1577.0,0.0
1.0,1.0,1.0,0.0,3.0,4.0,557.0,0.0,10.0,3.86,41.0,2824.0,1599.47,1502.0,0.0
1.0,1.0,2.0,0.391244,13.0,13.0,134.5,0.0,6.0,85.63,16.5,2826.0,1601.15,1504.0,0.0
1.0,1.0,1.0,0.0,2.0,2.0,104.0,0.0,2.0,181.39,2.0,1807.0,969.98,1154.0,0.0
1.0,1.0,2.0,1.0,4.0,0.0,93.0,0.0,2.0,127.3,2.0,2828.0,1600.83,1506.0,0.0
1.0,2.0,2.0,0.543564,2.0,6.0,388.5,0.0,8.0,0.84,55.5,1809.0,971.73,83.0,0.0
1.0,2.0,2.0,0.591673,11.0,3.0,179.0,0.0,4.0,36.99,19.5,1810.0,972.66,164.0,0.0
1.0,2.0,2.0,0.512709,23.0,12.0,222.0,0.0,2.0,3.16,1.5,2830.0,1602.49,1507.0,0.0
1.0,2.0,2.0,0.956035,114.0,0.0,0.0,0.0,0.0,0.0,0.0,2831.0,1603.48,1508.0,0.0
2.0,3.0,3.0,1.56705,28.0,4.0,765.33,0.0,12.0,8.1,76.67,1811.0,973.57,80.0,0.0
1.0,1.0,1.0,0.0,2.0,0.0,40.0,0.0,1.0,206.02,1.0,1812.0,974.57,97.0,0.0
1.0,1.0,1.0,0.0,5.0,4.0,156.0,0.0,2.0,0.01,10.0,190.0,52.41,50.0,0.0
1.0,1.0,1.0,0.0,1.0,1.0,98.0,0.0,1.0,4.05,7.0,191.0,53.41,51.0,0.0
1.0,1.0,1.0,0.0,1.0,1.0,110.0,0.0,1.0,1.99,8.0,192.0,54.41,52.0,0.0
2.0,3.0,3.0,1.20909,31.0,6.0,773.33,0.0,12.0,0.07,77.0,1813.0,975.47,82.0,0.0
1.0,2.0,5.0,1.79197,26.0,6.0,188.4,0.0,2.0,2.47,5.2,2833.0,1605.12,1510.0,0.0
2.0,3.0,3.0,0.309041,22.0,103.0,563.67,0.0,9.0,12.82,131.67,1814.0,976.42,92.0,0.0
3.0,17.0,57.0,4.68561,932.0,217.0,187.6,1.0,11.0,106.94,9.88,2834.0,1605.84,3187.0,1.0
1.0,1.0,2.0,0.30540100000000003,53.0,2.0,20.5,0.0,1.0,6.08,0.5,2835.0,1606.8,1512.0,0.0
1.0,2.0,2.0,0.918296,3.0,0.0,219.0,0.0,6.0,53.93,26.5,2836.0,1607.77,1580.0,0.0
2.0,2.0,3.0,1.39654,19.0,5.0,81.33,0.0,1.0,0.65,0.33,1815.0,976.22,1610.0,0.0
1.0,2.0,2.0,0.8631209999999999,26.0,9.0,176.5,0.0,2.0,3.87,4.5,2839.0,1608.83,1513.0,0.0
1.0,2.0,2.0,0.841852,18.0,19.0,357.0,0.0,10.0,4.15,21.5,2840.0,1609.69,1514.0,0.0
1.0,3.0,3.0,1.58496,96.0,87.0,95.33,0.0,1.0,0.02,0.33,43.0,27.92,3.0,0.0
1.0,1.0,2.0,0.8314739999999999,14.0,5.0,105.5,0.0,1.0,0.22,0.5,1816.0,976.99,455.0,0.0
1.0,2.0,3.0,1.56102,55.0,53.0,45.67,0.0,1.0,10.09,0.67,2842.0,1611.56,1516.0,0.0
1.0,1.0,1.0,0.0,3.0,2.0,81.0,0.0,1.0,227.05,2.0,2843.0,1612.55,98.0,0.0
1.0,1.0,5.0,2.32193,10.0,0.0,108.8,0.0,2.0,1.13,3.4,2845.0,1614.09,1517.0,0.0
1.0,3.0,3.0,1.5,4.0,4.0,263.67,0.0,8.0,9.27,26.67,1817.0,973.67,1157.0,0.0
1.0,20.0,42.0,5.05698,36.0,69.0,365.29,0.0,12.0,68.71,21.02,1819.0,975.44,456.0,0.0
1.0,1.0,1.0,0.0,4.0,0.0,326.0,0.0,1.0,4.07,3.0,2846.0,1607.69,1518.0,0.0
1.0,19.0,86.0,6.0033,109.0,91.0,128.0,0.0,10.0,164.67,4.1,1820.0,976.33,457.0,0.0
1.0,11.0,12.0,3.39807,0.0,640.0,53.33,0.0,1.0,2.94,0.25,46.0,30.76,6.0,0.0
1.0,2.0,4.0,0.422543,37.0,13.0,125.25,0.0,3.0,2.16,6.25,2848.0,1609.45,1520.0,0.0
1.0,1.0,1.0,0.0,13.0,3.0,83.0,1.0,1.0,139.87,2.0,1821.0,977.2,165.0,0.0
1.0,4.0,4.0,1.68582,2.0,9.0,136.75,0.0,7.0,90.46,13.75,1822.0,978.19,166.0,0.0
3.0,5.0,5.0,1.28849,17.0,9.0,227.8,0.0,6.0,252.4,17.8,2851.0,1611.91,1720.0,0.0
1.0,1.0,1.0,0.0,1.0,0.0,52.0,0.0,2.0,741.9,2.0,2852.0,1612.9,100.0,0.0
1.0,6.0,9.0,2.57166,12.0,11.0,222.67,0.0,5.0,119.37,5.56,1824.0,979.03,1159.0,0.0
1.0,2.0,5.0,2.04037,6.0,5.0,204.0,0.0,5.0,118.24,16.4,1825.0,980.03,1160.0,0.0
1.0,2.0,3.0,1.15678,3.0,7.0,97.67,0.0,1.0,10.11,2.67,1826.0,981.02,1161.0,0.0
1.0,1.0,1.0,0.0,9.0,5.0,114.0,0.0,2.0,0.9,5.0,2854.0,1613.16,1586.0,0.0
2.0,7.0,12.0,2.37501,56.0,81.0,347.92,0.0,9.0,120.14,30.42,2855.0,1613.68,3111.0,1.0
1.0,1.0,1.0,0.0,0.0,2.0,491.0,0.0,7.0,0.02,86.0,2857.0,1615.07,1526.0,0.0
1.0,14.0,22.0,4.18015,23.0,31.0,137.68,0.0,8.0,208.8,13.41,1829.0,982.49,1164.0,0.0
1.0,2.0,9.0,2.34403,206.0,20.0,116.44,0.0,4.0,107.24,2.44,1830.0,983.46,1165.0,1.0
1.0,2.0,4.0,1.19311,56.0,6.0,195.0,0.0,8.0,13.74,21.25,1831.0,984.46,1166.0,1.0
1.0,3.0,8.0,2.88273,22.0,13.0,102.25,0.0,5.0,213.6,3.63,1832.0,985.46,1167.0,0.0
1.0,5.0,17.0,3.81123,23.0,3.0,115.29,0.0,6.0,184.61,3.47,1833.0,986.46,1168.0,0.0
1.0,36.0,50.0,5.37119,62.0,67.0,121.54,0.0,11.0,257.29,4.6,1834.0,987.44,1169.0,0.0
1.0,6.0,8.0,2.86309,8.0,14.0,99.5,0.0,2.0,141.48,2.63,1836.0,989.39,98.0,0.0
1.0,2.0,2.0,0.918296,2.0,4.0,711.0,0.0,7.0,68.23,59.5,1837.0,990.39,458.0,0.0
1.0,1.0,1.0,0.0,1.0,0.0,232.0,0.0,3.0,104.91,8.0,1838.0,991.39,167.0,0.0
1.0,1.0,1.0,0.0,54.0,0.0,0.0,0.0,0.0,0.0,0.0,2858.0,1614.52,1589.0,0.0
1.0,1.0,1.0,0.0,55.0,0.0,0.0,0.0,0.0,0.0,0.0,2859.0,1615.51,1590.0,0.0
1.0,2.0,2.0,1.0,6.0,2.0,336.0,0.0,4.0,0.09,18.0,1839.0,992.32,1171.0,0.0
1.0,2.0,2.0,0.929364,7.0,22.0,43.0,0.0,2.0,216.93,2.5,1840.0,992.98,1172.0,0.0
1.0,1.0,1.0,0.0,1.0,1.0,147.0,0.0,3.0,248.49,6.0,2862.0,1617.29,0.0,0.0
2.0,3.0,3.0,1.55666,3.0,4.0,761.33,0.0,11.0,6.05,70.0,2863.0,1618.02,61.0,0.0
1.0,1.0,1.0,0.0,5.0,6.0,41.0,0.0,1.0,556.24,1.0,402.0,202.62,43.0,0.0
1.0,2.0,3.0,1.53049,12.0,6.0,228.33,0.0,5.0,29.0,13.0,1841.0,992.46,1173.0,0.0
1.0,1.0,1.0,0.0,6.0,3.0,47.0,0.0,2.0,9.11,3.0,1842.0,993.43,1174.0,0.0
1.0,1.0,3.0,1.369,4.0,36.0,114.0,0.0,2.0,5.74,4.33,2865.0,1617.79,1528.0,0.0
1.0,1.0,1.0,0.0,1.0,3.0,247.0,0.0,1.0,140.73,2.0,1843.0,993.29,1175.0,0.0
0.0,0.0,0.0,0.0,0.0,0.0,0.0,0.0,0.0,0.0,0.0,1844.0,993.72,0.0,0.0
1.0,1.0,1.0,0.0,1.0,5.0,429.0,0.0,7.0,0.0,64.0,2867.0,1617.44,1594.0,0.0
3.0,5.0,5.0,1.36323,138.0,0.0,413.8,0.0,13.0,14.09,47.2,1845.0,994.72,1697.0,0.0
3.0,4.0,4.0,1.82307,8.0,3.0,311.25,1.0,9.0,1.67,40.25,1846.0,995.7,1661.0,0.0
1.0,1.0,1.0,0.0,6.0,6.0,234.0,0.0,8.0,4.35,81.0,1848.0,993.32,84.0,0.0
1.0,1.0,1.0,0.0,1.0,1.0,69.0,0.0,4.0,216.0,11.0,2869.0,1611.39,21.0,0.0
1.0,1.0,1.0,0.0,7.0,4.0,478.0,0.0,6.0,3.31,65.0,2871.0,1609.76,1596.0,0.0
1.0,1.0,1.0,0.0,10.0,1.0,127.0,0.0,3.0,324.79,14.0,1849.0,991.12,1178.0,0.0
1.0,3.0,8.0,2.49466,132.0,3.0,132.0,0.0,1.0,110.54,0.25,1850.0,992.06,1179.0,0.0
1.0,1.0,3.0,1.58496,3.0,3.0,113.67,0.0,3.0,7.53,5.67,2872.0,1609.28,1532.0,0.0
1.0,1.0,1.0,0.0,1.0,1.0,1516.0,0.0,9.0,4.82,130.0,2873.0,1610.27,45.0,0.0
1.0,1.0,3.0,1.58496,18.0,3.0,130.0,0.0,2.0,18.94,3.0,2874.0,1611.26,1533.0,0.0
2.0,6.0,11.0,2.59725,168.0,29.0,151.18,0.0,8.0,34.99,11.18,1853.0,994.3,1644.0,1.0
1.0,4.0,7.0,1.71395,88.0,11.0,96.71,1.0,6.0,272.9,6.71,1855.0,996.23,1184.0,0.0
1.0,1.0,1.0,0.0,1.0,1.0,1151.0,0.0,5.0,52.98,25.0,2876.0,1610.57,46.0,0.0
2.0,3.0,3.0,1.57943,13.0,3.0,761.0,0.0,12.0,4.32,80.0,2877.0,1611.24,84.0,0.0
1.0,1.0,1.0,0.0,26.0,12.0,739.0,0.0,6.0,10.1,40.0,2878.0,1612.19,1598.0,0.0
1.0,1.0,1.0,0.0,1.0,1.0,1521.0,0.0,9.0,0.02,132.0,1856.0,995.99,63.0,0.0
1.0,1.0,2.0,0.6892020000000001,70.0,6.0,109.0,1.0,1.0,20.57,0.5,2879.0,1613.09,1534.0,1.0
1.0,7.0,22.0,4.2325800000000005,642.0,950.0,132.27,1.0,8.0,159.81,6.14,1857.0,996.93,1185.0,1.0
1.0,1.0,1.0,0.0,1.0,1.0,148.0,1.0,6.0,0.01,37.0,1858.0,997.92,1186.0,0.0
1.0,5.0,13.0,3.08509,401.0,150.0,101.62,0.0,6.0,45.02,2.85,2880.0,1613.87,1535.0,1.0
1.0,1.0,1.0,0.0,8.0,0.0,1521.0,0.0,9.0,0.14,133.0,1859.0,998.75,64.0,0.0
1.0,4.0,4.0,1.80632,145.0,0.0,46.75,0.0,4.0,0.05,1.75,403.0,201.4,206.0,1.0
1.0,3.0,7.0,2.30793,189.0,49.0,153.86,0.0,2.0,5.93,1.29,2884.0,1617.44,1539.0,1.0
1.0,1.0,1.0,0.0,1.0,8.0,128.0,0.0,5.0,62.16,13.0,2885.0,1618.16,1540.0,0.0
1.0,1.0,1.0,0.0,1.0,1.0,1529.0,0.0,9.0,0.64,134.0,1860.0,998.71,65.0,0.0
1.0,1.0,1.0,0.0,9.0,21.0,753.0,0.0,6.0,0.13,42.0,2886.0,1617.63,1599.0,0.0
2.0,3.0,3.0,1.58496,6.0,0.0,296.33,0.0,12.0,1.02,69.0,2887.0,1618.53,1579.0,0.0
1.0,2.0,3.0,1.55055,130.0,0.0,0.0,0.0,0.0,0.0,0.0,1862.0,995.58,1188.0,0.0
1.0,2.0,3.0,1.10427,29.0,8.0,35.0,0.0,1.0,1.12,0.33,2890.0,1613.45,1543.0,0.0
2.0,4.0,4.0,1.9877,32.0,1.0,79.75,0.0,4.0,89.61,3.75,2891.0,1614.15,3146.0,0.0
1.0,1.0,1.0,0.0,4.0,1.0,29.0,0.0,1.0,234.05,1.0,2892.0,1615.02,1545.0,0.0
2.0,2.0,2.0,0.918296,4.0,2.0,85.5,0.0,8.0,19.14,18.0,2893.0,1615.78,3149.0,0.0
1.0,2.0,3.0,1.33031,45.0,14.0,29.67,0.0,1.0,0.53,0.33,1863.0,995.28,1189.0,0.0
1.0,1.0,1.0,0.0,3.0,3.0,37.0,0.0,1.0,59.26,1.0,1867.0,999.2,1191.0,0.0
1.0,5.0,20.0,4.00602,34.0,45.0,159.4,0.0,6.0,276.91,4.7,1868.0,1000.16,1192.0,0.0
1.0,1.0,1.0,0.0,4.0,0.0,72.0,0.0,1.0,4.57,1.0,1869.0,1001.11,1193.0,0.0
1.0,1.0,2.0,1.0,4.0,4.0,139.5,0.0,3.0,9.57,6.5,1870.0,1002.07,1194.0,0.0
1.0,1.0,2.0,0.958042,30.0,20.0,202.0,0.0,2.0,13.38,4.5,2894.0,1614.72,1547.0,1.0
1.0,1.0,1.0,0.0,1.0,1.0,1529.0,0.0,9.0,0.24,136.0,1871.0,1002.85,67.0,0.0
2.0,4.0,7.0,1.62287,133.0,6.0,112.29,1.0,3.0,29.43,7.57,2897.0,1617.48,3154.0,1.0
1.0,1.0,1.0,0.0,66.0,0.0,0.0,0.0,0.0,0.0,0.0,2898.0,1618.26,1549.0,0.0
2.0,2.0,2.0,0.965636,20.0,3.0,261.5,0.0,5.0,45.59,10.5,2900.0,1618.31,3159.0,0.0
2.0,2.0,2.0,1.0,8.0,6.0,62.0,0.0,1.0,0.81,0.5,2901.0,1619.28,3161.0,0.0
1.0,3.0,3.0,1.0381200000000002,1.0,146.0,821.0,0.0,8.0,135.48,88.0,2902.0,1620.02,1610.0,0.0
1.0,1.0,1.0,0.0,2.0,2.0,659.0,1.0,5.0,0.99,34.0,2903.0,1621.02,1611.0,0.0
1.0,1.0,1.0,0.0,2.0,2.0,642.0,1.0,5.0,0.96,17.0,2904.0,1622.01,1612.0,0.0
1.0,1.0,1.0,0.0,1.0,1.0,376.0,0.0,6.0,122.69,36.0,1873.0,1003.26,464.0,0.0
1.0,1.0,1.0,0.0,1.0,1.0,96.0,0.0,6.0,175.16,33.0,2905.0,1622.91,22.0,0.0
2.0,3.0,3.0,1.26777,31.0,32.0,123.0,0.0,7.0,28.7,6.0,2906.0,1623.84,1654.0,0.0
1.0,2.0,2.0,0.970951,4.0,1.0,460.0,0.0,8.0,7.47,35.0,2907.0,1624.62,1613.0,0.0
1.0,2.0,2.0,0.961237,78.0,0.0,0.0,0.0,0.0,0.0,0.0,1876.0,1005.93,1196.0,0.0
2.0,11.0,23.0,4.28803,1009.0,8.0,161.52,0.0,9.0,20.2,9.13,2908.0,1624.99,3168.0,1.0
1.0,3.0,3.0,1.55666,5.0,2.0,394.67,0.0,9.0,95.04,26.33,1877.0,1005.91,467.0,0.0
1.0,3.0,3.0,1.22439,6.0,3.0,473.0,0.0,9.0,3.07,57.33,1878.0,1006.91,468.0,0.0
1.0,2.0,2.0,1.0,2.0,0.0,236.0,0.0,7.0,35.83,24.5,2911.0,1626.24,1617.0,0.0
1.0,4.0,4.0,1.53357,220.0,57.0,604.0,1.0,7.0,14.26,35.75,1884.0,1011.0,471.0,1.0
1.0,1.0,1.0,0.0,0.0,1.0,763.0,1.0,5.0,0.12,37.0,1885.0,1011.81,472.0,0.0
1.0,2.0,2.0,0.650022,2.0,4.0,202.5,1.0,8.0,1.58,57.5,1886.0,1012.78,473.0,0.0
1.0,1.0,1.0,0.0,5.0,17.0,108.0,1.0,2.0,18.82,3.0,1889.0,1014.52,476.0,0.0
1.0,1.0,1.0,0.0,3.0,2.0,402.0,0.0,2.0,0.9,7.0,1890.0,1015.49,477.0,0.0
2.0,9.0,11.0,2.84831,64.0,32.0,242.73,1.0,7.0,61.07,9.73,2914.0,1623.59,3177.0,1.0
1.0,1.0,1.0,0.0,0.0,1.0,780.0,0.0,5.0,0.19,39.0,2915.0,1624.06,1621.0,0.0
1.0,1.0,1.0,0.0,77.0,0.0,0.0,0.0,0.0,0.0,0.0,2917.0,1625.69,1622.0,0.0
1.0,1.0,1.0,0.0,1.0,2.0,538.0,0.0,7.0,18.4,69.0,1891.0,1013.22,85.0,0.0
1.0,2.0,3.0,0.488602,605.0,7.0,257.0,0.0,8.0,4.97,38.33,1892.0,1013.51,86.0,0.0
1.0,1.0,1.0,0.0,5.0,0.0,244.0,0.0,8.0,0.0,83.0,1893.0,1014.5,87.0,0.0
1.0,2.0,2.0,1.0,2.0,2.0,73.5,0.0,2.0,179.6,2.5,404.0,199.15,44.0,0.0
1.0,3.0,3.0,0.468167,48.0,4.0,95.0,0.0,2.0,83.4,1.67,2920.0,1621.81,1623.0,0.0
1.0,3.0,3.0,0.5689960000000001,21.0,19.0,48.0,0.0,4.0,357.19,3.0,2921.0,1622.75,1561.0,0.0
1.0,1.0,1.0,0.0,5.0,7.0,50.0,0.0,2.0,19.02,4.0,2924.0,1625.43,1563.0,0.0
2.0,3.0,5.0,2.24053,10.0,8.0,135.8,0.0,3.0,2.33,5.2,1894.0,1013.93,1678.0,0.0
1.0,1.0,1.0,0.0,0.0,16.0,46.0,0.0,2.0,255.93,16.0,2925.0,1625.71,1564.0,0.0
1.0,2.0,2.0,0.286397,16.0,4.0,266.0,0.0,2.0,87.81,1.0,1896.0,1015.02,1202.0,0.0
1.0,2.0,2.0,0.764205,5.0,4.0,146.0,0.0,1.0,34.77,2.0,1897.0,1015.79,1203.0,0.0
1.0,2.0,2.0,0.15935,85.0,1.0,783.0,0.0,8.0,2.16,115.0,2927.0,1625.85,1626.0,0.0
1.0,1.0,2.0,0.8812909999999999,9.0,1.0,120.0,0.0,2.0,1.0,4.5,2928.0,1626.33,1566.0,0.0
2.0,3.0,5.0,2.32193,5.0,5.0,258.0,0.0,8.0,0.05,32.4,1901.0,1019.19,1686.0,0.0
1.0,1.0,1.0,0.0,5.0,5.0,1566.0,0.0,8.0,0.36,231.0,417.0,190.01,201.0,0.0
0.0,0.0,0.0,0.0,0.0,0.0,0.0,0.0,0.0,0.0,0.0,419.0,191.97,0.0,0.0
1.0,1.0,1.0,0.0,9.0,1.0,858.0,0.0,9.0,0.28,334.0,1902.0,1019.23,71.0,0.0
1.0,2.0,2.0,0.961237,7.0,6.0,292.5,0.0,5.0,1.0,20.5,1904.0,1020.57,1207.0,0.0
2.0,3.0,3.0,1.25163,6.0,6.0,166.0,0.0,7.0,220.61,11.67,2930.0,1625.41,1731.0,0.0
1.0,2.0,2.0,0.434973,66.0,1.0,410.0,1.0,1.0,4.41,22.0,2931.0,1624.59,1629.0,0.0
1.0,1.0,1.0,0.0,3.0,0.0,105.0,0.0,8.0,1.42,59.0,1908.0,1023.31,168.0,0.0
1.0,8.0,17.0,3.26384,359.0,43.0,232.0,1.0,10.0,100.77,17.29,2932.0,1625.55,1630.0,1.0
1.0,1.0,1.0,0.0,16.0,5.0,65.0,0.0,1.0,0.0,1.0,2934.0,1627.5,1632.0,0.0
2.0,3.0,3.0,1.28706,70.0,2.0,25.33,0.0,2.0,0.36,0.67,1910.0,1025.12,1694.0,0.0
1.0,1.0,1.0,0.0,3.0,3.0,114.0,0.0,2.0,443.52,3.0,422.0,194.45,258.0,0.0
1.0,1.0,1.0,0.0,2.0,1.0,119.0,0.0,12.0,0.07,123.0,423.0,195.45,259.0,0.0
1.0,1.0,1.0,0.0,1.0,1.0,1529.0,0.0,9.0,0.58,140.0,2937.0,1627.78,48.0,0.0
1.0,8.0,23.0,4.06703,2.0,2057.0,94.61,0.0,12.0,407.35,5.74,2938.0,1628.76,1570.0,0.0
1.0,1.0,2.0,0.292322,214.0,0.0,0.0,0.0,0.0,0.0,0.0,2939.0,1629.67,104.0,0.0
1.0,1.0,1.0,0.0,1.0,1.0,1529.0,0.0,9.0,0.24,141.0,2940.0,1630.13,49.0,0.0
1.0,2.0,3.0,1.1135,95.0,99.0,58.67,0.0,1.0,26.42,0.33,424.0,196.18,60.0,0.0
0.0,0.0,0.0,0.0,0.0,0.0,0.0,0.0,0.0,0.0,0.0,426.0,198.17,0.0,0.0
1.0,3.0,5.0,0.414418,349.0,5.0,300.0,0.0,8.0,3.29,25.4,1911.0,1021.19,88.0,0.0
1.0,2.0,2.0,1.0,2.0,2.0,198.0,0.0,7.0,38.33,22.5,1916.0,1024.04,99.0,0.0
1.0,1.0,1.0,0.0,5.0,2.0,716.0,1.0,6.0,30.13,73.0,2941.0,1620.65,1633.0,0.0
1.0,1.0,1.0,0.0,1.0,0.0,866.0,0.0,9.0,4.28,338.0,1917.0,1022.5,72.0,0.0
1.0,1.0,1.0,0.0,7.0,11.0,175.0,1.0,5.0,0.99,23.0,1918.0,1023.5,485.0,0.0
1.0,5.0,6.0,2.20737,76.0,34.0,59.83,0.0,1.0,32.26,0.83,1919.0,1024.49,1214.0,0.0
1.0,1.0,1.0,0.0,10.0,0.0,676.0,0.0,3.0,20.74,13.0,1921.0,1026.43,1216.0,0.0
1.0,3.0,7.0,2.5954,421.0,1.0,43.71,0.0,7.0,0.62,10.29,1922.0,1027.43,100.0,0.0
1.0,3.0,3.0,1.203,67.0,18.0,54.0,1.0,8.0,82.71,15.33,2943.0,1620.28,1635.0,1.0
2.0,6.0,8.0,2.51844,24.0,25.0,80.88,0.0,1.0,0.17,1.0,1923.0,1028.17,1318.0,0.0
1.0,1.0,1.0,0.0,0.0,2.0,112.0,0.0,3.0,2.98,5.0,2944.0,1621.24,105.0,0.0
1.0,1.0,1.0,0.0,9.0,9.0,686.0,0.0,3.0,0.41,14.0,1924.0,1028.73,1218.0,0.0
1.0,2.0,2.0,0.742488,36.0,2.0,357.0,1.0,7.0,207.31,31.0,1925.0,1028.51,1219.0,0.0
1.0,2.0,2.0,0.989588,22.0,3.0,76.0,1.0,3.0,537.48,7.5,2948.0,1622.45,1574.0,0.0
2.0,25.0,76.0,4.15104,2592.0,2528.0,147.17,0.0,13.0,106.7,8.42,60.0,24.02,42.0,1.0
1.0,2.0,3.0,0.565409,85.0,4.0,55.67,1.0,3.0,35.02,3.0,2949.0,1623.43,1575.0,0.0
1.0,1.0,1.0,0.0,5.0,3.0,415.0,0.0,2.0,0.78,7.0,2950.0,1624.39,1637.0,0.0
1.0,1.0,2.0,0.543564,5.0,3.0,40.0,0.0,2.0,220.16,1.0,2951.0,1625.13,1576.0,0.0
1.0,4.0,5.0,0.641227,453.0,401.0,336.4,0.0,5.0,2.75,2.8,1930.0,1028.75,1222.0,0.0
1.0,2.0,10.0,3.1899,1.0,14.0,50.5,0.0,6.0,2.75,3.7,1931.0,1029.75,1223.0,0.0
1.0,2.0,5.0,2.20663,8.0,9.0,248.2,0.0,8.0,2.75,45.2,1932.0,1030.75,1224.0,0.0
1.0,1.0,1.0,0.0,6.0,2.0,41.0,0.0,1.0,17.97,1.0,1934.0,1032.64,1226.0,0.0
2.0,2.0,3.0,1.37095,5.0,5.0,84.33,1.0,4.0,0.2,3.67,1935.0,1033.39,1715.0,0.0
1.0,1.0,2.0,0.292322,214.0,0.0,0.0,0.0,0.0,0.0,0.0,2953.0,1619.27,1578.0,0.0
2.0,3.0,3.0,1.41534,19.0,13.0,137.0,0.0,5.0,155.8,9.33,1937.0,1035.18,1718.0,0.0
0.0,0.0,0.0,0.0,0.0,0.0,0.0,0.0,0.0,0.0,0.0,1938.0,1036.16,0.0,0.0
1.0,1.0,1.0,0.0,10.0,2.0,40.0,0.0,1.0,0.08,1.0,2954.0,1620.07,1579.0,0.0
2.0,3.0,3.0,0.937301,16.0,6.0,774.0,0.0,12.0,12.01,85.0,2955.0,1620.92,89.0,0.0
10.0,90.0,90.0,6.43104,98.0,98.0,143.88,0.0,14.0,179.93,8.74,429.0,198.68,886.0,0.0
10.0,90.0,90.0,6.43104,98.0,98.0,143.88,0.0,14.0,0.0,8.76,431.0,200.68,906.0,0.0
1.0,6.0,8.0,2.6645,11.0,3.0,267.13,0.0,8.0,13.81,41.25,1939.0,1035.89,1230.0,0.0
1.0,1.0,1.0,0.0,0.0,4.0,504.0,0.0,7.0,0.03,113.0,1941.0,1037.85,1232.0,0.0
1.0,1.0,2.0,1.0,4.0,0.0,564.5,0.0,7.0,7.99,36.0,2957.0,1620.8,18.0,0.0
1.0,2.0,2.0,0.970951,4.0,1.0,301.0,0.0,5.0,2.29,9.0,63.0,26.87,38.0,0.0
1.0,1.0,1.0,0.0,1.0,0.0,118.0,0.0,3.0,0.12,16.0,64.0,27.86,39.0,0.0
1.0,2.0,2.0,0.32984600000000003,19.0,14.0,231.0,0.0,5.0,46.27,36.5,1943.0,1038.32,490.0,0.0
1.0,1.0,1.0,0.0,66.0,0.0,0.0,0.0,0.0,0.0,0.0,1944.0,1039.32,1234.0,0.0
1.0,1.0,1.0,0.0,0.0,1.0,119.0,0.0,3.0,0.37,17.0,1945.0,1040.32,1235.0,0.0
1.0,5.0,8.0,3.0,24.0,0.0,106.88,0.0,2.0,92.87,3.0,65.0,28.83,2.0,0.0
1.0,4.0,5.0,2.09424,29.0,7.0,131.4,1.0,8.0,44.12,14.8,1946.0,1040.87,1236.0,1.0
1.0,3.0,3.0,1.20109,24.0,4.0,176.67,1.0,2.0,69.67,5.0,1947.0,1041.87,1237.0,1.0
1.0,1.0,1.0,0.0,1.0,2.0,128.0,1.0,2.0,0.13,4.0,1949.0,1043.64,1239.0,0.0
1.0,1.0,2.0,0.558629,21.0,2.0,108.5,0.0,4.0,275.7,8.5,1950.0,1044.64,1240.0,0.0
1.0,1.0,2.0,0.954434,18.0,22.0,118.0,0.0,4.0,0.1,9.0,1953.0,1047.47,1242.0,0.0
1.0,3.0,4.0,1.6562,17.0,18.0,257.25,0.0,8.0,84.15,27.75,1955.0,1048.53,1244.0,1.0
1.0,2.0,3.0,1.2389,11.0,2.0,462.33,0.0,8.0,3.68,42.0,1957.0,1050.49,89.0,0.0
1.0,3.0,3.0,1.09243,140.0,3.0,175.67,0.0,4.0,110.63,12.67,2964.0,1622.41,1642.0,0.0
1.0,2.0,2.0,0.984684,110.0,0.0,0.0,0.0,0.0,0.0,0.0,2967.0,1624.22,1586.0,0.0
1.0,1.0,1.0,0.0,4.0,5.0,2814.0,0.0,10.0,3.73,236.0,67.0,30.76,23.0,0.0
1.0,1.0,1.0,0.0,4.0,2.0,2814.0,0.0,10.0,0.01,238.0,405.0,195.36,128.0,0.0
1.0,1.0,3.0,1.5,2.0,6.0,491.67,0.0,7.0,4.27,25.33,1959.0,1050.77,90.0,0.0
1.0,2.0,2.0,0.742488,17.0,2.0,294.5,0.0,8.0,0.52,46.0,1960.0,1051.72,91.0,0.0
1.0,3.0,4.0,1.22305,57.0,27.0,130.0,1.0,2.0,46.14,4.0,1961.0,1052.33,492.0,1.0
1.0,1.0,1.0,0.0,1.0,6.0,227.0,1.0,2.0,0.09,13.0,1962.0,1053.18,493.0,0.0
1.0,4.0,4.0,1.74527,115.0,14.0,131.75,0.0,9.0,0.01,13.0,2972.0,1626.79,1645.0,1.0
1.0,2.0,2.0,0.986787,74.0,0.0,0.0,0.0,0.0,0.0,0.0,2973.0,1627.79,1591.0,0.0
6.0,32.0,66.0,4.84075,2002.0,947.0,150.48,0.0,12.0,3.76,10.97,69.0,32.71,82.0,1.0
1.0,1.0,1.0,0.0,13.0,16.0,456.0,0.0,1.0,0.61,1.0,2974.0,1626.98,1646.0,0.0
1.0,1.0,2.0,0.918296,7.0,5.0,96.5,0.0,1.0,1.09,1.5,2975.0,1627.06,1592.0,0.0
1.0,2.0,2.0,0.99403,0.0,11.0,203.0,0.0,7.0,3.51,24.0,1963.0,1049.68,103.0,0.0
1.0,2.0,2.0,1.0,0.0,4.0,388.0,0.0,9.0,3.09,75.5,1964.0,1050.67,26.0,0.0
1.0,1.0,1.0,0.0,79.0,0.0,0.0,0.0,0.0,0.0,0.0,2976.0,1624.0,1593.0,0.0
1.0,2.0,3.0,1.57818,236.0,36.0,211.0,1.0,5.0,43.73,14.67,2978.0,1625.38,1647.0,1.0
1.0,2.0,2.0,0.944087,8.0,39.0,586.0,1.0,6.0,6.09,55.5,2980.0,1627.19,1648.0,0.0
1.0,3.0,5.0,2.18285,23.0,52.0,328.6,0.0,5.0,0.05,13.6,2981.0,1628.18,1649.0,0.0
3.0,4.0,4.0,1.83286,16.0,5.0,99.0,0.0,2.0,32.68,2.75,1966.0,1050.48,1911.0,0.0
1.0,1.0,3.0,1.55459,4.0,8.0,95.0,0.0,6.0,3.81,8.67,1968.0,1052.13,1246.0,0.0
1.0,5.0,5.0,1.38484,109.0,1.0,506.2,0.0,8.0,37.43,54.4,2984.0,1628.33,1651.0,1.0
1.0,1.0,3.0,1.56279,19.0,30.0,65.33,0.0,1.0,59.73,1.33,2985.0,1627.67,1597.0,0.0
1.0,1.0,1.0,0.0,6.0,7.0,59.0,0.0,1.0,21.92,5.0,2987.0,1629.42,1598.0,0.0
1.0,1.0,1.0,0.0,1.0,1.0,1560.0,0.0,9.0,0.0,150.0,1970.0,1052.54,70.0,0.0
1.0,2.0,2.0,0.5328350000000001,64.0,2.0,412.0,1.0,1.0,9.6,22.5,1971.0,1053.53,497.0,1.0
1.0,1.0,1.0,0.0,6.0,0.0,61.0,0.0,2.0,43.32,2.0,1974.0,1056.53,1249.0,0.0
1.0,1.0,1.0,0.0,2.0,1.0,572.0,1.0,8.0,6.68,67.0,120.0,58.05,98.0,0.0
1.0,5.0,5.0,1.53247,261.0,0.0,144.0,0.0,4.0,51.8,5.8,432.0,199.03,265.0,1.0
2.0,2.0,2.0,0.15935,85.0,1.0,47.0,1.0,3.0,2.83,4.0,1976.0,1056.93,1356.0,0.0
1.0,7.0,9.0,2.02525,292.0,20.0,125.22,1.0,5.0,101.07,3.56,47.0,29.16,38.0,1.0
1.0,2.0,2.0,0.836641,13.0,2.0,322.5,1.0,10.0,6.06,25.0,1979.0,1056.68,1254.0,0.0
1.0,1.0,1.0,0.0,2.0,1.0,95.0,0.0,2.0,0.0,6.0,1980.0,1057.67,1255.0,0.0
1.0,3.0,8.0,2.54127,321.0,179.0,166.75,0.0,3.0,30.05,0.5,1.0,1.0,1.0,1.0
1.0,1.0,1.0,0.0,0.0,4.0,122.0,0.0,6.0,9.4,32.0,1981.0,1055.4,172.0,0.0
1.0,1.0,1.0,0.0,7.0,10.0,48.0,0.0,1.0,0.04,1.0,1983.0,1057.29,107.0,0.0
1.0,1.0,1.0,0.0,1.0,1.0,1560.0,0.0,9.0,4.74,151.0,2991.0,1620.29,51.0,0.0
1.0,1.0,1.0,0.0,3.0,3.0,88.0,0.0,4.0,0.68,10.0,2992.0,1621.29,1601.0,0.0
2.0,3.0,4.0,1.14524,20.0,5.0,133.75,1.0,6.0,64.53,8.5,1984.0,1058.12,1365.0,1.0
1.0,2.0,4.0,1.58965,325.0,97.0,396.75,0.0,8.0,1.5,58.5,2993.0,1619.55,1654.0,1.0
1.0,1.0,1.0,0.0,1.0,1.0,1560.0,0.0,9.0,0.83,153.0,2994.0,1620.53,52.0,0.0
1.0,2.0,14.0,2.78585,39.0,29.0,64.07,0.0,1.0,137.55,0.43,2996.0,1622.41,1602.0,0.0
3.0,3.0,4.0,1.23619,15.0,8.0,696.25,0.0,10.0,11.47,56.0,2997.0,1623.35,1675.0,0.0
1.0,1.0,1.0,0.0,5.0,4.0,53.0,0.0,4.0,0.08,5.0,2998.0,1624.27,1656.0,0.0
1.0,2.0,3.0,1.56936,110.0,0.0,0.0,0.0,0.0,0.0,0.0,2999.0,1625.27,1604.0,0.0
1.0,1.0,1.0,0.0,1.0,0.0,106.0,0.0,3.0,23.66,11.0,1987.0,1059.04,1260.0,0.0
2.0,5.0,9.0,2.24596,125.0,17.0,72.89,1.0,6.0,182.63,4.89,1988.0,1060.01,1759.0,0.0
1.0,2.0,14.0,3.27761,23.0,21.0,64.79,0.0,1.0,0.28,0.5,3001.0,1626.66,1606.0,0.0
1.0,1.0,1.0,0.0,14.0,0.0,2816.0,0.0,10.0,11.75,239.0,1274.0,367.15,627.0,0.0
1.0,1.0,1.0,0.0,8.0,0.0,59.0,0.0,4.0,423.99,6.0,1275.0,368.14,628.0,0.0
1.0,1.0,1.0,0.0,88.0,0.0,0.0,0.0,0.0,0.0,0.0,2.0,1.99,2.0,0.0
1.0,1.0,1.0,0.0,15.0,16.0,88.0,0.0,1.0,0.01,1.0,3.0,2.99,3.0,0.0
1.0,1.0,1.0,0.0,5.0,0.0,481.0,0.0,3.0,22.79,32.0,3003.0,1627.03,1607.0,0.0
1.0,1.0,1.0,0.0,8.0,1.0,399.0,1.0,4.0,50.95,52.0,3004.0,1627.97,1659.0,0.0
1.0,2.0,2.0,0.742488,17.0,2.0,139.5,1.0,4.0,228.1,8.0,39.0,14.36,17.0,0.0
1.0,1.0,1.0,0.0,1.0,1.0,1565.0,0.0,9.0,1.15,155.0,3006.0,1629.3,54.0,0.0
1.0,1.0,1.0,0.0,1.0,1.0,270.0,0.0,9.0,0.26,94.0,3007.0,1630.29,20.0,0.0
1.0,2.0,2.0,0.676942,18.0,10.0,160.5,0.0,6.0,76.5,12.5,3008.0,1631.28,1609.0,0.0
3.0,16.0,43.0,4.63384,1049.0,155.0,126.81,0.0,9.0,112.56,11.37,3010.0,1633.17,3366.0,1.0
1.0,8.0,18.0,3.60707,535.0,72.0,120.22,0.0,7.0,80.71,10.44,3011.0,1633.65,1662.0,1.0
1.0,1.0,1.0,0.0,4.0,4.0,122.0,0.0,4.0,32.81,4.0,3013.0,1634.34,1663.0,0.0
1.0,2.0,5.0,1.7526,237.0,43.0,153.0,0.0,4.0,0.15,7.8,3016.0,1636.98,1666.0,1.0
1.0,1.0,1.0,0.0,1.0,1.0,1151.0,0.0,5.0,0.01,29.0,1992.0,1060.64,73.0,0.0
1.0,3.0,7.0,2.26701,280.0,19.0,156.71,0.0,4.0,1.64,8.86,3017.0,1637.6,1667.0,1.0
2.0,4.0,4.0,1.644,17.0,7.0,83.5,0.0,5.0,287.62,5.5,1993.0,1061.53,1437.0,0.0
1.0,1.0,2.0,0.99403,7.0,4.0,173.5,0.0,4.0,131.43,11.0,3019.0,1639.27,1613.0,0.0
1.0,6.0,8.0,1.91889,1035.0,3.0,43.5,0.0,4.0,28.9,3.0,49.0,30.83,40.0,1.0
1.0,1.0,1.0,0.0,10.0,1.0,342.0,0.0,1.0,55.48,16.0,3020.0,1639.94,1669.0,0.0
1.0,1.0,3.0,1.50797,112.0,6.0,54.67,0.0,5.0,16.93,6.33,4.0,3.97,4.0,0.0
1.0,2.0,2.0,0.619382,24.0,2.0,300.0,1.0,7.0,259.58,31.0,1994.0,1061.43,500.0,0.0
1.0,1.0,1.0,0.0,2.0,0.0,112.0,0.0,5.0,98.09,8.0,1995.0,1062.37,1265.0,0.0
1.0,1.0,1.0,0.0,8.0,12.0,828.0,1.0,2.0,8.78,46.0,3021.0,1639.52,1670.0,0.0
1.0,8.0,8.0,2.02407,422.0,148.0,222.88,0.0,4.0,1.23,4.63,50.0,31.78,41.0,1.0
1.0,5.0,13.0,3.20041,539.0,37.0,54.23,0.0,6.0,129.69,3.31,3025.0,1642.56,1674.0,1.0
1.0,4.0,4.0,0.951994,31.0,3.0,186.75,0.0,6.0,303.47,5.25,3026.0,1643.27,1675.0,0.0
1.0,1.0,1.0,0.0,1.0,0.0,238.0,0.0,4.0,0.03,16.0,3029.0,1644.3,1678.0,0.0
2.0,5.0,6.0,2.26297,19.0,28.0,364.33,0.0,10.0,1.57,37.0,3031.0,1646.06,3294.0,0.0
1.0,8.0,16.0,2.87393,28.0,407.0,318.0,0.0,10.0,63.95,32.13,3032.0,1646.95,1681.0,1.0
1.0,1.0,1.0,0.0,5.0,2.0,63.0,0.0,2.0,11.93,4.0,3033.0,1645.9,1682.0,0.0
1.0,6.0,6.0,1.46483,130.0,130.0,265.83,0.0,4.0,2.89,4.0,1996.0,1059.58,1266.0,1.0
3.0,8.0,8.0,2.46772,18.0,24.0,224.63,0.0,8.0,97.13,7.25,1998.0,1061.57,1550.0,0.0
1.0,2.0,3.0,1.28669,13.0,2.0,466.33,0.0,9.0,0.05,44.67,3035.0,1647.66,22.0,0.0
1.0,1.0,1.0,0.0,19.0,10.0,328.0,0.0,8.0,18.72,73.0,2000.0,1062.26,1269.0,0.0
1.0,1.0,2.0,0.978282,104.0,0.0,0.0,0.0,0.0,0.0,0.0,2001.0,1063.18,501.0,0.0
1.0,1.0,1.0,0.0,3.0,1.0,43.0,0.0,1.0,0.01,1.0,2002.0,1064.15,502.0,0.0
1.0,1.0,1.0,0.0,0.0,0.0,0.0,0.0,0.0,0.0,0.0,2003.0,1064.96,1270.0,0.0
2.0,2.0,6.0,2.31067,75.0,6.0,208.83,1.0,6.0,44.62,23.5,3037.0,1647.01,3301.0,1.0
1.0,4.0,4.0,1.94183,33.0,13.0,266.5,0.0,4.0,1.91,2.5,51.0,32.6,42.0,1.0
1.0,6.0,14.0,2.96521,668.0,61.0,58.43,0.0,7.0,3.55,7.0,3038.0,1647.41,1685.0,1.0
1.0,1.0,2.0,1.0,10.0,6.0,335.0,0.0,7.0,0.01,37.0,3039.0,1648.4,1686.0,0.0
1.0,5.0,7.0,2.29968,100.0,62.0,223.57,1.0,8.0,63.75,12.86,3040.0,1647.64,1687.0,1.0
2.0,3.0,4.0,1.6193799999999998,14.0,12.0,743.75,0.0,12.0,1.94,63.5,2005.0,1065.08,167.0,0.0
3.0,8.0,47.0,5.39941,116.0,77.0,97.94,0.0,11.0,374.68,5.13,115.0,48.07,94.0,0.0
1.0,1.0,1.0,0.0,51.0,0.0,0.0,0.0,0.0,0.0,0.0,3044.0,1648.75,1618.0,0.0
1.0,7.0,13.0,3.02941,561.0,103.0,152.69,0.0,11.0,9.58,19.23,3045.0,1649.41,1691.0,1.0
1.0,1.0,1.0,0.0,44.0,6.0,486.0,0.0,3.0,7.29,33.0,3046.0,1650.38,1619.0,0.0
1.0,1.0,1.0,0.0,48.0,58.0,602.0,0.0,7.0,0.08,68.0,3048.0,1652.19,1693.0,1.0
1.0,1.0,1.0,0.0,1.0,0.0,709.0,0.0,3.0,3.42,9.0,121.0,57.91,99.0,0.0
2.0,2.0,2.0,0.8112779999999999,12.0,12.0,323.0,0.0,3.0,16.56,3.0,2009.0,1066.08,1778.0,0.0
1.0,3.0,9.0,1.85365,164.0,29.0,61.67,0.0,6.0,155.84,3.11,3049.0,1651.33,1620.0,1.0
1.0,2.0,2.0,0.930586,24.0,2.0,132.0,0.0,6.0,0.0,11.5,3050.0,1652.32,1621.0,0.0
2.0,12.0,24.0,3.9214,709.0,139.0,254.21,0.0,10.0,132.49,14.5,3051.0,1652.47,3316.0,1.0
1.0,5.0,5.0,1.52174,33.0,4.0,283.2,0.0,8.0,38.38,28.0,3052.0,1653.43,1695.0,0.0
2.0,7.0,33.0,3.08596,323.0,59.0,88.3,0.0,10.0,29.3,3.18,3053.0,1654.13,3319.0,1.0
1.0,2.0,2.0,0.805805,71.0,2.0,133.5,0.0,6.0,0.01,12.5,3055.0,1654.6,1625.0,0.0
1.0,1.0,1.0,0.0,4.0,1.0,281.0,0.0,6.0,0.01,26.0,3056.0,1655.58,1626.0,0.0
1.0,1.0,2.0,0.21451,85.0,3.0,53.0,0.0,2.0,0.51,1.5,3057.0,1656.56,1627.0,0.0
2.0,6.0,9.0,2.90276,335.0,84.0,371.78,0.0,8.0,1.36,38.22,3058.0,1657.42,3325.0,1.0
2.0,2.0,2.0,1.0,2.0,2.0,918.0,0.0,12.0,2.77,114.0,2010.0,1064.79,169.0,0.0
1.0,2.0,2.0,1.0,2.0,2.0,70.0,1.0,1.0,182.17,3.5,3060.0,1659.18,1698.0,0.0
2.0,4.0,7.0,2.30925,52.0,14.0,435.43,0.0,8.0,0.1,42.86,3061.0,1660.11,3329.0,1.0
1.0,2.0,2.0,0.918296,2.0,1.0,51.0,0.0,6.0,61.98,8.0,3062.0,1661.0,1631.0,0.0
2.0,15.0,33.0,4.53267,201.0,1611.0,182.03,0.0,11.0,248.64,10.73,3063.0,1661.63,3332.0,1.0
1.0,4.0,4.0,1.65945,169.0,15.0,148.5,0.0,7.0,26.11,20.25,3064.0,1662.54,1701.0,1.0
1.0,2.0,4.0,1.60401,233.0,15.0,99.0,0.0,2.0,3.67,5.5,3065.0,1663.43,1702.0,1.0
1.0,1.0,1.0,0.0,23.0,1.0,694.0,1.0,7.0,43.78,64.0,2012.0,1065.52,506.0,0.0
2.0,2.0,2.0,1.0,1.0,3.0,95.5,0.0,6.0,0.01,14.5,3068.0,1664.34,3339.0,0.0
2.0,3.0,3.0,1.54885,14.0,25.0,74.0,0.0,8.0,135.66,14.67,3069.0,1662.86,3341.0,0.0
1.0,2.0,2.0,0.420486,122.0,7.0,50.5,0.0,1.0,0.1,2.0,3072.0,1664.75,1709.0,0.0
2.0,2.0,3.0,1.36126,38.0,0.0,237.67,0.0,7.0,116.99,18.67,2013.0,1062.95,1782.0,0.0
2.0,3.0,10.0,2.80578,372.0,17.0,58.5,0.0,7.0,65.85,9.3,3074.0,1665.36,3347.0,1.0
1.0,3.0,6.0,1.73278,111.0,12.0,89.33,1.0,6.0,46.78,8.0,3075.0,1666.21,1712.0,1.0
2.0,5.0,7.0,2.0816,7.0,31.0,410.0,0.0,9.0,30.45,23.43,2015.0,1064.55,1785.0,0.0
1.0,1.0,1.0,0.0,4.0,0.0,112.0,0.0,5.0,5.51,11.0,3076.0,1667.03,1637.0,0.0
2.0,6.0,22.0,3.72097,170.0,126.0,210.27,0.0,10.0,142.75,14.05,3077.0,1668.02,3351.0,1.0
1.0,1.0,1.0,0.0,11.0,1.0,612.0,0.0,7.0,3.09,50.0,2016.0,1065.41,1277.0,0.0
1.0,1.0,1.0,0.0,28.0,0.0,38.0,0.0,5.0,234.89,9.0,6.0,5.82,0.0,0.0
2.0,8.0,30.0,3.29176,936.0,118.0,73.9,0.0,8.0,77.2,6.23,3078.0,1668.18,3353.0,1.0
1.0,1.0,1.0,0.0,2.0,0.0,48.0,0.0,1.0,217.04,1.0,3079.0,1667.51,1640.0,0.0
1.0,2.0,2.0,0.347817,46.0,0.0,30.5,0.0,5.0,6.4,6.0,3080.0,1668.44,1715.0,0.0
2.0,10.0,15.0,2.94675,169.0,44.0,76.8,1.0,7.0,189.83,3.87,3081.0,1669.21,3357.0,0.0
2.0,7.0,14.0,1.95636,215.0,26.0,82.14,0.0,4.0,97.41,3.43,3084.0,1671.81,3361.0,1.0
1.0,1.0,1.0,0.0,5.0,2.0,44.0,0.0,4.0,0.01,10.0,3085.0,1672.79,1720.0,0.0
1.0,1.0,2.0,1.0,40.0,0.0,69.0,0.0,1.0,0.0,0.5,3090.0,1675.83,97.0,0.0
1.0,1.0,1.0,0.0,6.0,0.0,380.0,0.0,8.0,2.14,85.0,3091.0,1676.6,1724.0,0.0
1.0,1.0,1.0,0.0,0.0,6.0,386.0,0.0,8.0,0.01,86.0,3092.0,1677.57,1725.0,0.0
1.0,2.0,2.0,0.8631209999999999,7.0,0.0,368.5,0.0,7.0,95.48,35.5,2021.0,1067.09,513.0,0.0
1.0,1.0,2.0,0.69129,15.0,12.0,386.5,0.0,8.0,0.16,42.5,3093.0,1678.54,1726.0,1.0
1.0,1.0,1.0,0.0,0.0,2.0,55.0,0.0,2.0,379.37,3.0,3097.0,1681.44,1646.0,0.0
1.0,2.0,2.0,0.487918,64.0,2.0,32.5,0.0,1.0,0.9,2.5,3100.0,1683.24,1729.0,0.0
2.0,5.0,14.0,2.66272,507.0,6.0,128.57,0.0,9.0,13.85,14.5,3101.0,1684.06,3378.0,1.0
3.0,3.0,4.0,1.92193,5.0,5.0,699.5,0.0,10.0,15.81,55.25,3102.0,1685.03,1728.0,0.0
1.0,1.0,1.0,0.0,0.0,85.0,85.0,0.0,1.0,177.84,1.0,3103.0,1686.01,1650.0,0.0
1.0,1.0,1.0,0.0,1.0,1.0,1565.0,0.0,10.0,0.01,161.0,3105.0,1687.99,57.0,0.0
1.0,1.0,1.0,0.0,1.0,1.0,1565.0,0.0,10.0,0.02,162.0,3106.0,1688.93,58.0,0.0
1.0,2.0,2.0,0.494183,74.0,0.0,89.5,0.0,5.0,33.04,12.0,3107.0,1689.84,1731.0,0.0
1.0,2.0,2.0,0.773227,101.0,9.0,69.5,0.0,6.0,1.51,10.0,3108.0,1690.69,1732.0,0.0
2.0,3.0,30.0,3.81957,74.0,44.0,255.73,0.0,11.0,92.64,14.33,1276.0,364.34,1192.0,1.0
1.0,2.0,3.0,1.07731,44.0,42.0,470.67,0.0,9.0,2.11,46.0,2023.0,1067.27,95.0,0.0
1.0,2.0,2.0,0.996885,131.0,6.0,84.0,0.0,3.0,5.92,7.0,3109.0,1691.64,1733.0,1.0
2.0,8.0,13.0,3.30975,43.0,32.0,183.69,0.0,9.0,27.06,29.92,2024.0,1068.26,183.0,0.0
1.0,2.0,4.0,1.83393,5.0,8.0,76.0,0.0,3.0,178.81,2.25,3110.0,1692.61,1734.0,0.0
1.0,2.0,2.0,0.918296,3.0,3.0,129.0,0.0,5.0,194.68,10.0,1278.0,366.26,565.0,0.0
1.0,1.0,1.0,0.0,24.0,1.0,898.0,0.0,6.0,39.85,68.0,1279.0,367.25,566.0,0.0
1.0,2.0,3.0,1.43552,6.0,3.0,133.67,1.0,6.0,42.87,11.67,1280.0,368.23,630.0,0.0
2.0,4.0,5.0,2.09483,167.0,3.0,27.6,1.0,5.0,5.69,6.0,2027.0,1069.71,1393.0,1.0
1.0,1.0,1.0,0.0,1.0,1.0,1566.0,0.0,10.0,0.92,164.0,3114.0,1694.05,59.0,0.0
1.0,2.0,2.0,0.5328350000000001,29.0,4.0,120.0,1.0,8.0,203.03,21.0,3115.0,1694.97,1737.0,0.0
1.0,2.0,2.0,0.99403,4.0,7.0,99.5,0.0,5.0,13.86,11.0,2028.0,1070.59,1282.0,0.0
1.0,1.0,2.0,1.0,6.0,6.0,572.0,0.0,7.0,1.96,41.5,2029.0,1069.84,96.0,0.0
1.0,3.0,3.0,1.52219,17.0,0.0,80.33,0.0,5.0,89.87,4.33,2030.0,1070.77,1283.0,0.0
2.0,2.0,2.0,0.918296,3.0,3.0,691.0,0.0,8.0,2.67,65.0,2031.0,1068.76,1799.0,0.0
1.0,2.0,2.0,0.688048,47.0,2.0,133.0,0.0,6.0,116.65,16.5,2032.0,1069.74,516.0,0.0
1.0,3.0,5.0,1.6130000000000002,100.0,9.0,142.0,0.0,7.0,1.41,14.0,3120.0,1691.92,1742.0,1.0
1.0,1.0,2.0,0.522559,10.0,7.0,346.5,0.0,3.0,2.97,14.5,2033.0,1070.24,1285.0,0.0
1.0,8.0,23.0,3.4299699999999995,799.0,338.0,105.48,0.0,7.0,68.14,2.83,3122.0,1692.76,1656.0,1.0
1.0,4.0,3.0,0.918296,3.0,3.0,20.0,0.0,3.0,486.01,1.33,406.0,187.86,45.0,0.0
1.0,1.0,1.0,0.0,2.0,2.0,270.0,0.0,9.0,4.78,100.0,3124.0,1693.23,25.0,0.0
1.0,1.0,1.0,0.0,8.0,0.0,921.0,0.0,6.0,4.53,69.0,3125.0,1694.21,1658.0,0.0
2.0,3.0,4.0,1.8092,9.0,5.0,745.0,0.0,12.0,2.37,66.5,2034.0,1069.87,174.0,0.0
1.0,1.0,1.0,0.0,7.0,7.0,479.0,0.0,2.0,0.0,12.0,3127.0,1696.05,1660.0,0.0
2.0,3.0,5.0,2.04296,102.0,16.0,176.8,1.0,8.0,149.76,34.4,3128.0,1696.77,3405.0,1.0
1.0,1.0,2.0,0.995727,11.0,2.0,439.5,1.0,8.0,25.87,49.0,3129.0,1697.69,1662.0,0.0
1.0,1.0,1.0,0.0,51.0,0.0,0.0,0.0,0.0,0.0,0.0,3130.0,1698.34,1745.0,0.0
1.0,1.0,1.0,0.0,40.0,0.0,54.0,0.0,4.0,21.17,6.0,1281.0,367.74,631.0,0.0
1.0,1.0,1.0,0.0,77.0,0.0,0.0,0.0,0.0,0.0,0.0,3131.0,1699.31,1663.0,0.0
1.0,2.0,6.0,1.28019,44.0,1.0,116.0,0.0,7.0,53.55,12.0,1282.0,368.71,632.0,0.0
1.0,1.0,2.0,0.995727,2.0,11.0,118.0,0.0,3.0,0.01,7.5,3133.0,1700.93,1665.0,0.0
1.0,3.0,3.0,1.1834,153.0,2.0,50.0,0.0,5.0,1.91,9.0,433.0,192.72,211.0,0.0
2.0,8.0,9.0,2.63922,322.0,9.0,695.0,0.0,10.0,18.69,56.78,3135.0,1701.18,3413.0,1.0
1.0,1.0,1.0,0.0,0.0,1.0,36.0,0.0,3.0,490.93,3.0,435.0,194.68,267.0,0.0
1.0,2.0,3.0,1.5,4.0,4.0,93.0,0.0,2.0,200.29,1.33,3137.0,1703.06,1667.0,0.0
1.0,1.0,1.0,0.0,3.0,3.0,109.0,0.0,1.0,0.05,1.0,3138.0,1704.04,1749.0,0.0
1.0,1.0,1.0,0.0,1.0,1.0,109.0,0.0,1.0,0.0,2.0,3139.0,1705.03,1750.0,0.0
1.0,2.0,2.0,1.0,4.0,4.0,117.0,0.0,2.0,0.89,3.5,3140.0,1705.33,1751.0,0.0
1.0,3.0,6.0,1.5375299999999998,22.0,23.0,477.5,1.0,8.0,25.63,48.0,437.0,196.58,213.0,0.0
2.0,7.0,11.0,2.9454,612.0,2.0,313.09,0.0,8.0,0.17,26.64,3141.0,1706.11,3420.0,1.0
1.0,2.0,2.0,0.918296,1.0,2.0,224.0,0.0,9.0,89.87,29.0,439.0,198.49,215.0,0.0
1.0,1.0,1.0,0.0,19.0,19.0,189.0,0.0,5.0,0.33,36.0,440.0,199.49,216.0,0.0
1.0,2.0,3.0,0.39506,64.0,1.0,278.67,0.0,8.0,10.3,56.67,443.0,202.4,219.0,0.0
1.0,1.0,1.0,0.0,5.0,1.0,66.0,0.0,4.0,174.03,13.0,1283.0,369.1,567.0,0.0
1.0,1.0,1.0,0.0,7.0,7.0,70.0,0.0,4.0,0.0,14.0,1284.0,370.1,568.0,0.0
1.0,3.0,3.0,1.53049,5.0,4.0,222.33,0.0,7.0,64.37,44.0,444.0,203.3,270.0,0.0
1.0,1.0,1.0,0.0,292.0,5.0,64.0,0.0,5.0,160.38,8.0,445.0,204.25,220.0,1.0
1.0,3.0,3.0,1.58496,3.0,3.0,232.67,0.0,6.0,47.37,19.33,447.0,206.14,66.0,0.0
1.0,1.0,6.0,2.56545,7.0,6.0,79.33,1.0,2.0,85.26,2.5,3149.0,1709.57,1757.0,0.0
1.0,1.0,1.0,0.0,2.0,0.0,377.0,0.0,1.0,0.69,5.0,3150.0,1710.56,1758.0,0.0
1.0,6.0,10.0,2.88924,234.0,78.0,159.7,0.0,7.0,78.03,13.1,3152.0,1712.24,1760.0,1.0
3.0,3.0,3.0,1.58496,3.0,3.0,635.0,0.0,11.0,0.02,65.33,2038.0,1068.37,1543.0,0.0
1.0,7.0,8.0,2.09679,474.0,2.0,29.75,0.0,6.0,113.4,5.13,3153.0,1713.13,99.0,0.0
1.0,1.0,1.0,0.0,5.0,0.0,68.0,0.0,4.0,365.88,13.0,1285.0,370.79,569.0,0.0
2.0,2.0,2.0,0.970951,3.0,2.0,826.5,0.0,10.0,24.01,89.5,3157.0,1716.58,1734.0,0.0
1.0,1.0,1.0,0.0,1.0,1.0,1562.0,0.0,10.0,0.01,170.0,3158.0,1717.55,61.0,0.0
2.0,3.0,3.0,1.14883,11.0,3.0,216.0,0.0,6.0,98.93,5.33,448.0,206.95,494.0,0.0
1.0,2.0,2.0,1.0,2.0,2.0,131.0,0.0,5.0,48.03,19.5,449.0,207.94,273.0,0.0
2.0,4.0,4.0,0.801216,44.0,90.0,748.5,0.0,10.0,0.65,44.25,3164.0,1721.65,1743.0,0.0
1.0,1.0,2.0,1.0,8.0,2.0,76.0,0.0,1.0,162.47,2.0,3165.0,1722.58,1763.0,0.0
1.0,1.0,2.0,1.0,4.0,6.0,93.0,0.0,1.0,9.57,0.5,2039.0,1067.73,114.0,0.0
1.0,1.0,2.0,0.940286,5.0,9.0,79.0,0.0,1.0,0.03,2.5,3166.0,1723.5,1764.0,0.0
2.0,4.0,6.0,2.4235900000000004,23.0,13.0,73.67,0.0,3.0,49.96,1.5,2041.0,1069.72,292.0,0.0
2.0,3.0,3.0,1.22439,1.0,8.0,68.0,0.0,2.0,0.01,2.67,2043.0,1071.7,1406.0,0.0
1.0,1.0,1.0,0.0,16.0,0.0,10.0,0.0,1.0,4.11,1.0,2044.0,1072.69,1291.0,0.0
2.0,6.0,10.0,2.67009,328.0,143.0,391.6,1.0,6.0,112.74,15.3,3167.0,1722.95,3445.0,1.0
1.0,1.0,1.0,0.0,21.0,0.0,172.0,0.0,2.0,4.3,13.0,450.0,208.61,274.0,0.0
2.0,2.0,2.0,0.721928,3.0,2.0,825.5,0.0,11.0,14.03,89.0,3168.0,1722.74,1746.0,0.0
2.0,4.0,8.0,2.86525,12.0,32.0,121.63,0.0,3.0,64.83,3.0,3169.0,1723.64,3448.0,0.0
2.0,2.0,2.0,0.8631209999999999,8.0,6.0,143.0,0.0,5.0,161.51,20.5,3170.0,1724.61,3450.0,0.0
1.0,1.0,1.0,0.0,1.0,1.0,204.0,0.0,5.0,0.18,39.0,2045.0,1071.67,517.0,0.0
1.0,2.0,2.0,1.0,4.0,4.0,136.0,0.0,3.0,9.66,11.5,2046.0,1072.66,117.0,0.0
2.0,2.0,11.0,3.36222,34.0,38.0,87.36,0.0,2.0,10.11,0.45,2047.0,1073.6,1410.0,0.0
1.0,2.0,2.0,0.94566,4.0,7.0,203.5,1.0,6.0,135.78,12.0,452.0,210.34,276.0,0.0
2.0,2.0,2.0,1.0,2.0,2.0,195.0,0.0,4.0,76.83,4.0,453.0,211.33,296.0,0.0
1.0,1.0,1.0,0.0,2.0,1.0,127.0,0.0,5.0,10.45,33.0,2048.0,1073.79,100.0,0.0
2.0,3.0,3.0,1.58496,0.0,15.0,640.67,0.0,11.0,13.65,67.0,454.0,212.25,94.0,0.0
1.0,1.0,1.0,0.0,1.0,1.0,149.0,0.0,4.0,2.36,30.0,39.0,28.21,20.0,0.0
0.0,0.0,0.0,0.0,0.0,0.0,0.0,0.0,0.0,0.0,0.0,457.0,215.22,0.0,0.0
1.0,1.0,1.0,0.0,1.0,0.0,538.0,0.0,7.0,0.41,122.0,52.0,32.33,43.0,0.0
1.0,1.0,2.0,0.6962119999999999,53.0,11.0,48.0,0.0,3.0,0.8,8.5,2049.0,1072.87,119.0,0.0
1.0,1.0,1.0,0.0,2.0,2.0,52.0,0.0,1.0,0.02,1.0,2050.0,1073.84,120.0,0.0
1.0,1.0,1.0,0.0,2.0,2.0,516.0,0.0,7.0,28.54,93.0,2052.0,1074.19,1294.0,0.0
1.0,1.0,5.0,2.08623,36.0,10.0,108.2,1.0,7.0,309.02,8.6,3171.0,1717.47,1684.0,0.0
1.0,1.0,1.0,0.0,4.0,2.0,121.0,0.0,2.0,18.63,3.0,3172.0,1718.42,1685.0,0.0
2.0,3.0,4.0,1.83327,23.0,11.0,97.5,0.0,5.0,126.09,3.75,3173.0,1719.38,3454.0,0.0
1.0,5.0,6.0,1.9028,32.0,51.0,175.0,1.0,6.0,65.7,18.33,3174.0,1720.05,1769.0,1.0
1.0,1.0,1.0,0.0,2.0,2.0,109.0,0.0,1.0,0.14,2.0,3175.0,1720.98,1770.0,0.0
1.0,2.0,2.0,0.538738,73.0,0.0,225.0,0.0,4.0,3.86,28.5,3176.0,1721.91,1771.0,0.0
1.0,1.0,1.0,0.0,2.0,2.0,64.0,0.0,2.0,126.3,3.0,53.0,33.22,7.0,0.0
2.0,2.0,2.0,0.368115,65.0,20.0,271.5,1.0,2.0,11.64,12.5,2054.0,1075.6,1814.0,1.0
1.0,6.0,6.0,1.98413,45.0,15.0,44.83,0.0,5.0,400.08,8.0,3177.0,1722.25,1687.0,0.0
1.0,1.0,1.0,0.0,3.0,6.0,103.0,0.0,3.0,3.32,6.0,3179.0,1724.17,1689.0,0.0
1.0,2.0,2.0,0.503258,9.0,0.0,70.5,0.0,2.0,38.39,3.5,2056.0,1076.42,1298.0,0.0
1.0,1.0,2.0,0.764205,6.0,3.0,81.5,0.0,6.0,231.54,10.5,3180.0,1723.57,1690.0,0.0
1.0,1.0,1.0,0.0,13.0,6.0,58.0,0.0,2.0,392.74,5.0,3182.0,1725.15,1692.0,0.0
1.0,1.0,1.0,0.0,5.0,0.0,95.0,0.0,2.0,373.08,13.0,3183.0,1726.08,1693.0,0.0
1.0,1.0,11.0,3.28039,18.0,10.0,98.73,0.0,3.0,76.79,2.36,3184.0,1727.04,1694.0,0.0
1.0,1.0,1.0,0.0,3.0,5.0,499.0,0.0,6.0,238.8,72.0,3185.0,1727.83,1772.0,0.0
1.0,3.0,4.0,1.79483,44.0,14.0,264.75,0.0,10.0,66.58,14.75,2058.0,1077.51,1300.0,1.0
1.0,1.0,1.0,0.0,2.0,2.0,105.0,0.0,1.0,88.22,2.0,3186.0,1728.35,1695.0,0.0
1.0,2.0,4.0,1.93152,90.0,12.0,164.25,0.0,10.0,62.8,12.75,2060.0,1078.51,1302.0,1.0
1.0,5.0,5.0,2.23593,7.0,0.0,29.4,0.0,7.0,60.35,6.8,3187.0,1727.68,1696.0,0.0
1.0,1.0,1.0,0.0,15.0,13.0,73.0,0.0,1.0,155.32,2.0,2061.0,1079.35,1303.0,0.0
1.0,2.0,2.0,0.995727,13.0,13.0,175.5,0.0,2.0,0.09,4.0,2062.0,1080.35,1304.0,0.0
1.0,2.0,2.0,0.840359,103.0,1.0,286.5,0.0,8.0,18.29,34.0,2063.0,1081.15,1305.0,0.0
2.0,2.0,2.0,1.0,2.0,2.0,915.0,0.0,12.0,5.12,125.0,2064.0,1080.49,182.0,0.0
1.0,2.0,5.0,1.60091,55.0,24.0,260.4,1.0,5.0,69.15,18.0,3188.0,1725.29,1697.0,1.0
1.0,1.0,1.0,0.0,1.0,1.0,1559.0,0.0,10.0,0.87,180.0,2065.0,1079.97,82.0,0.0
2.0,2.0,2.0,0.918296,3.0,3.0,686.5,0.0,6.0,39.3,29.0,2066.0,1080.75,185.0,0.0
2.0,2.0,2.0,0.970951,3.0,2.0,868.5,0.0,11.0,3.15,108.0,2067.0,1081.69,1390.0,0.0
1.0,1.0,1.0,0.0,5.0,0.0,178.0,0.0,6.0,0.67,53.0,2069.0,1082.51,1307.0,0.0
1.0,1.0,1.0,0.0,8.0,0.0,91.0,0.0,5.0,6.97,35.0,3190.0,1722.22,1698.0,0.0
2.0,2.0,2.0,1.0,2.0,2.0,915.5,0.0,12.0,0.82,127.0,3191.0,1723.2,92.0,0.0
1.0,3.0,2.0,0.1449,366.0,313.0,685.0,0.0,2.0,110.02,2.5,3194.0,1725.83,100.0,0.0
1.0,2.0,4.0,1.63813,191.0,1.0,108.0,1.0,6.0,47.99,12.25,3195.0,1726.66,1701.0,1.0
1.0,1.0,1.0,0.0,10.0,4.0,66.0,0.0,2.0,194.41,2.0,3197.0,1728.36,1703.0,0.0
1.0,3.0,4.0,1.41905,178.0,2.0,221.25,0.0,6.0,149.66,12.25,3199.0,1728.0,1777.0,0.0
1.0,1.0,1.0,0.0,1.0,1.0,271.0,0.0,9.0,1.16,108.0,2071.0,1082.21,104.0,0.0
2.0,2.0,2.0,0.992267,25.0,4.0,43.5,0.0,1.0,257.99,2.5,3200.0,1728.79,3483.0,0.0
1.0,1.0,1.0,0.0,1.0,1.0,49.0,0.0,1.0,0.0,2.0,3201.0,1729.78,1706.0,0.0
2.0,4.0,21.0,4.3565,21.0,22.0,51.71,0.0,5.0,251.91,1.67,2072.0,1082.9,1430.0,0.0
1.0,1.0,1.0,0.0,24.0,5.0,155.0,0.0,6.0,0.03,50.0,3203.0,1731.09,41.0,0.0
1.0,2.0,3.0,1.54321,41.0,44.0,543.67,0.0,6.0,42.39,34.33,3204.0,1730.1,1707.0,1.0
1.0,2.0,2.0,0.33729000000000003,16.0,0.0,160.0,0.0,3.0,11.75,6.5,2074.0,1082.17,1310.0,0.0
2.0,2.0,2.0,1.0,2.0,2.0,1214.0,0.0,12.0,6.26,247.5,3205.0,1728.38,129.0,0.0
1.0,2.0,2.0,1.0,2.0,2.0,348.5,0.0,4.0,29.21,23.0,2076.0,1083.69,1312.0,0.0
1.0,1.0,1.0,0.0,48.0,0.0,0.0,0.0,0.0,0.0,0.0,2077.0,1084.45,1313.0,0.0
2.0,3.0,5.0,1.28065,147.0,37.0,405.4,0.0,12.0,69.31,53.2,2078.0,1085.29,1399.0,1.0
1.0,1.0,3.0,1.16541,63.0,33.0,276.33,1.0,10.0,10.55,19.0,40.0,28.59,21.0,1.0
1.0,2.0,2.0,1.0,2.0,2.0,141.0,0.0,6.0,3.98,30.0,2079.0,1085.41,1315.0,0.0
1.0,1.0,2.0,0.8112779999999999,4.0,4.0,79.0,0.0,7.0,0.38,7.5,41.0,29.57,22.0,1.0
1.0,7.0,8.0,2.06524,130.0,158.0,110.63,0.0,9.0,9.08,8.25,3209.0,1729.63,106.0,0.0
1.0,1.0,1.0,0.0,5.0,0.0,1561.0,0.0,10.0,0.66,187.0,3210.0,1730.63,69.0,0.0
1.0,4.0,6.0,1.64102,326.0,1.0,71.0,0.0,6.0,154.91,7.67,7.0,6.4,6.0,0.0
1.0,1.0,1.0,0.0,37.0,3.0,491.0,1.0,3.0,0.94,45.0,3211.0,1730.84,1710.0,0.0
1.0,4.0,6.0,1.88861,34.0,10.0,654.5,1.0,11.0,36.41,62.17,3214.0,1728.76,1781.0,0.0
1.0,1.0,1.0,0.0,2.0,3.0,62.0,0.0,1.0,0.03,1.0,3216.0,1730.66,1712.0,0.0
1.0,1.0,1.0,0.0,1.0,1.0,1566.0,0.0,10.0,0.13,189.0,3218.0,1732.43,71.0,0.0
1.0,3.0,9.0,2.1348700000000003,19.0,349.0,484.11,0.0,10.0,55.22,25.89,3219.0,1733.21,1714.0,0.0
2.0,4.0,8.0,2.4731,95.0,22.0,407.25,1.0,9.0,80.26,52.13,3220.0,1732.08,3497.0,1.0
1.0,10.0,48.0,4.44691,115.0,203.0,137.71,1.0,8.0,293.3,4.69,3221.0,1732.88,1716.0,1.0
2.0,4.0,4.0,1.50783,51.0,25.0,123.0,0.0,7.0,172.46,14.0,3222.0,1733.65,3500.0,1.0
1.0,3.0,4.0,1.06595,29.0,36.0,77.25,1.0,5.0,57.21,4.25,2080.0,1080.35,1316.0,1.0
1.0,5.0,6.0,2.01973,191.0,40.0,315.33,0.0,7.0,1.31,11.67,3228.0,1736.89,1723.0,1.0
1.0,4.0,8.0,2.60695,58.0,9.0,163.5,0.0,8.0,134.28,12.5,2081.0,1079.87,1317.0,1.0
2.0,8.0,29.0,4.700069999999998,1345.0,26.0,83.66,1.0,9.0,21.92,5.21,3229.0,1737.02,3509.0,1.0
1.0,1.0,1.0,0.0,5.0,2.0,420.0,0.0,1.0,109.81,16.0,2084.0,1081.72,521.0,0.0
2.0,2.0,2.0,0.591673,7.0,0.0,843.0,0.0,13.0,9.98,141.5,10.0,7.44,4.0,0.0
1.0,1.0,2.0,0.0,0.0,0.0,0.0,0.0,1.0,0.01,0.5,12.0,9.44,5.0,0.0
1.0,1.0,1.0,0.0,0.0,0.0,0.0,0.0,1.0,0.01,1.0,13.0,10.44,6.0,0.0
1.0,1.0,1.0,0.0,0.0,0.0,0.0,0.0,1.0,0.01,1.0,15.0,12.44,8.0,0.0
1.0,1.0,2.0,0.0,0.0,0.0,0.0,0.0,1.0,0.01,0.5,17.0,14.44,10.0,0.0
1.0,2.0,2.0,1.0,2.0,2.0,610.0,0.0,6.0,1.96,30.5,2086.0,1081.54,1321.0,0.0
1.0,2.0,2.0,0.721928,5.0,0.0,398.5,0.0,9.0,12.94,78.0,3232.0,1735.2,42.0,0.0
2.0,12.0,19.0,3.57153,763.0,98.0,226.32,1.0,8.0,49.62,18.42,3233.0,1736.14,3515.0,1.0
2.0,6.0,7.0,2.54412,40.0,3.0,91.0,0.0,7.0,211.35,14.29,2087.0,1082.38,1845.0,0.0
1.0,2.0,7.0,2.347,86.0,39.0,120.14,1.0,6.0,93.5,6.43,3234.0,1737.03,1728.0,1.0
1.0,1.0,1.0,0.0,4.0,3.0,233.0,0.0,3.0,92.27,9.0,2088.0,1083.37,179.0,0.0
1.0,1.0,1.0,0.0,0.0,2.0,46.0,0.0,5.0,0.08,9.0,2089.0,1084.24,1323.0,0.0
1.0,1.0,1.0,0.0,11.0,1.0,399.0,0.0,8.0,21.21,122.0,3237.0,1739.61,1791.0,0.0
2.0,2.0,2.0,1.0,2.0,2.0,1099.5,0.0,12.0,1.02,147.0,2090.0,1084.18,113.0,0.0
1.0,1.0,1.0,0.0,33.0,0.0,0.0,0.0,0.0,0.0,0.0,2093.0,1086.75,1326.0,0.0
3.0,3.0,3.0,1.5,4.0,4.0,752.33,0.0,12.0,0.69,98.67,2094.0,1087.72,1442.0,0.0
1.0,2.0,2.0,0.970951,2.0,3.0,68.5,0.0,1.0,0.13,1.5,2095.0,1088.72,1328.0,0.0
1.0,4.0,7.0,2.35968,266.0,28.0,412.43,0.0,8.0,22.22,39.57,3238.0,1738.32,1792.0,1.0
1.0,6.0,6.0,2.13906,197.0,4.0,33.33,0.0,7.0,157.83,4.5,2096.0,1089.7,1329.0,0.0
1.0,5.0,7.0,2.00702,194.0,78.0,439.29,1.0,8.0,38.62,43.0,3240.0,1739.57,1793.0,1.0
1.0,3.0,3.0,1.4413200000000002,121.0,43.0,678.33,1.0,8.0,15.17,84.0,3241.0,1740.43,1794.0,1.0
1.0,2.0,2.0,0.453716,6.0,15.0,51.5,0.0,2.0,62.69,2.5,3243.0,1740.28,1732.0,0.0
1.0,1.0,1.0,0.0,3.0,0.0,191.0,0.0,1.0,8.25,1.0,3244.0,1741.07,1733.0,0.0
2.0,10.0,22.0,3.59608,769.0,170.0,233.23,0.0,8.0,52.36,17.55,3245.0,1739.6,3530.0,1.0
1.0,2.0,2.0,0.537784,122.0,0.0,71.0,0.0,4.0,77.0,9.5,3246.0,1740.56,1797.0,0.0
2.0,10.0,19.0,2.66747,511.0,188.0,273.53,0.0,8.0,83.1,20.26,3248.0,1740.0,3534.0,1.0
1.0,5.0,10.0,2.7480900000000004,272.0,3.0,384.7,0.0,8.0,33.53,31.1,3249.0,1740.85,1799.0,1.0
1.0,1.0,1.0,0.0,0.0,8.0,2141.0,0.0,8.0,0.03,257.0,3250.0,1741.76,1800.0,0.0
1.0,1.0,2.0,0.954434,5.0,3.0,151.0,0.0,8.0,0.03,32.5,3252.0,1743.28,1802.0,0.0
3.0,3.0,3.0,1.47283,1.0,21.0,1042.67,0.0,13.0,9.22,113.0,3253.0,1744.28,1853.0,0.0
1.0,1.0,3.0,0.8328540000000001,88.0,46.0,572.0,0.0,9.0,172.4,39.67,3254.0,1745.2,1739.0,0.0
1.0,1.0,2.0,0.954434,12.0,4.0,163.5,0.0,1.0,4.77,0.5,3255.0,1746.15,1740.0,0.0
1.0,5.0,5.0,2.32193,5.0,5.0,127.4,0.0,7.0,17.66,17.6,3256.0,1745.31,1741.0,0.0
1.0,1.0,1.0,0.0,33.0,28.0,120.0,0.0,1.0,6.96,1.0,3257.0,1746.29,1742.0,0.0
1.0,1.0,1.0,0.0,1.0,1.0,112.0,0.0,1.0,6.0,3.0,3259.0,1748.26,1804.0,0.0
1.0,3.0,3.0,0.84404,199.0,0.0,80.0,0.0,7.0,7.39,16.33,2097.0,1083.68,124.0,0.0
1.0,3.0,4.0,1.66427,194.0,1.0,285.5,0.0,6.0,0.21,15.75,3260.0,1748.79,1743.0,0.0
1.0,1.0,1.0,0.0,2.0,0.0,125.0,0.0,1.0,0.22,2.0,3261.0,1749.66,1744.0,0.0
1.0,1.0,1.0,0.0,1.0,1.0,1565.0,0.0,10.0,0.96,194.0,3262.0,1750.52,73.0,0.0
1.0,2.0,3.0,1.57262,8.0,3.0,412.33,0.0,6.0,6.2,21.67,3264.0,1752.4,1745.0,0.0
1.0,1.0,1.0,0.0,1.0,1.0,271.0,0.0,9.0,14.22,109.0,2098.0,1084.38,105.0,0.0
1.0,1.0,1.0,0.0,5.0,0.0,89.0,0.0,2.0,40.58,6.0,3266.0,1752.39,1747.0,0.0
1.0,1.0,1.0,0.0,1.0,1.0,102.0,0.0,3.0,9.74,4.0,3267.0,1753.37,1748.0,0.0
1.0,1.0,1.0,0.0,3.0,1.0,116.0,0.0,2.0,219.93,2.0,3268.0,1754.34,1749.0,0.0
1.0,8.0,23.0,3.96862,954.0,19.0,124.61,0.0,9.0,26.18,10.57,3269.0,1755.02,1806.0,1.0
1.0,1.0,1.0,0.0,0.0,67.0,67.0,0.0,1.0,0.08,2.0,3270.0,1755.79,1807.0,0.0
1.0,5.0,6.0,2.06436,212.0,38.0,621.33,1.0,9.0,6.41,56.17,3271.0,1756.61,1808.0,1.0
1.0,1.0,1.0,0.0,1.0,1.0,382.0,0.0,5.0,34.16,29.0,3272.0,1757.21,1750.0,0.0
2.0,6.0,7.0,2.40463,198.0,41.0,596.29,0.0,9.0,38.35,51.43,3273.0,1758.21,3560.0,1.0
2.0,3.0,3.0,1.52193,3.0,2.0,81.67,0.0,3.0,63.99,2.0,2100.0,1083.48,1856.0,0.0
1.0,2.0,3.0,1.58187,94.0,0.0,0.0,0.0,0.0,0.0,0.0,3274.0,1757.46,1752.0,0.0
1.0,1.0,1.0,0.0,7.0,6.0,64.0,0.0,1.0,209.09,2.0,3275.0,1758.02,1810.0,0.0
1.0,1.0,2.0,0.195909,66.0,0.0,52.5,0.0,2.0,75.64,1.0,2101.0,1084.19,1332.0,0.0
1.0,1.0,1.0,0.0,0.0,4.0,64.0,0.0,1.0,0.0,1.0,2102.0,1085.18,1333.0,0.0
1.0,1.0,1.0,0.0,84.0,46.0,194.0,0.0,2.0,4.98,2.0,8.0,7.16,7.0,0.0
1.0,1.0,1.0,0.0,13.0,0.0,957.0,0.0,6.0,0.02,74.0,1287.0,364.31,571.0,0.0
1.0,1.0,1.0,0.0,4.0,4.0,970.0,0.0,6.0,0.0,75.0,1288.0,365.31,572.0,0.0
1.0,3.0,3.0,1.08216,75.0,5.0,392.33,0.0,7.0,4.05,20.33,11.0,10.16,10.0,0.0
1.0,3.0,4.0,1.62722,180.0,10.0,193.25,0.0,7.0,0.33,25.25,3280.0,1760.45,1813.0,1.0
1.0,2.0,3.0,1.04344,22.0,2.0,35.67,0.0,2.0,159.32,2.67,2104.0,1085.61,125.0,0.0
1.0,1.0,1.0,0.0,15.0,2.0,121.0,0.0,12.0,8.52,133.0,1290.0,367.07,574.0,0.0
1.0,1.0,1.0,0.0,4.0,0.0,60.0,0.0,1.0,79.32,1.0,1291.0,367.99,575.0,0.0
1.0,1.0,1.0,0.0,11.0,7.0,975.0,0.0,6.0,1.03,77.0,1292.0,368.98,576.0,0.0
1.0,1.0,1.0,0.0,1.0,0.0,68.0,0.0,2.0,0.02,3.0,1295.0,371.97,578.0,0.0
1.0,2.0,2.0,1.0,2.0,2.0,36.5,0.0,3.0,336.82,1.5,3283.0,1760.4,1757.0,0.0
1.0,2.0,3.0,1.58496,3.0,3.0,49.67,0.0,1.0,104.1,1.33,3284.0,1761.22,107.0,0.0
1.0,4.0,6.0,2.28104,6.0,12.0,71.0,0.0,4.0,164.6,3.67,3285.0,1762.2,108.0,0.0
1.0,1.0,1.0,0.0,1.0,1.0,189.0,0.0,3.0,32.2,12.0,3286.0,1763.18,101.0,0.0
1.0,1.0,1.0,0.0,4.0,3.0,37.0,0.0,1.0,1.84,1.0,3288.0,1764.98,1815.0,0.0
1.0,2.0,2.0,0.764205,4.0,5.0,84.0,0.0,2.0,53.55,1.0,3290.0,1761.75,1816.0,0.0
1.0,2.0,3.0,1.52193,3.0,2.0,474.33,0.0,9.0,22.21,50.33,2105.0,1081.45,106.0,0.0
1.0,3.0,3.0,1.42841,47.0,1.0,196.67,0.0,9.0,16.32,29.0,1296.0,372.04,634.0,0.0
1.0,1.0,1.0,0.0,1.0,1.0,989.0,0.0,6.0,0.02,79.0,1298.0,374.03,580.0,0.0
1.0,1.0,2.0,0.345117,31.0,0.0,33.5,0.0,2.0,2.13,2.0,2106.0,1082.11,1335.0,0.0
1.0,2.0,3.0,1.43552,5.0,4.0,112.0,0.0,3.0,12.23,8.0,2108.0,1084.11,127.0,0.0
1.0,1.0,1.0,0.0,8.0,4.0,29.0,0.0,1.0,0.06,1.0,3291.0,1761.99,1760.0,0.0
1.0,1.0,3.0,1.29879,0.0,8.0,77.33,0.0,6.0,42.72,6.67,3293.0,1763.75,1762.0,0.0
1.0,1.0,3.0,1.58496,3.0,3.0,20.33,0.0,1.0,3.81,0.67,1300.0,375.95,582.0,0.0
0.0,0.0,0.0,0.0,0.0,0.0,0.0,0.0,0.0,0.0,0.0,1301.0,376.95,0.0,0.0
1.0,1.0,1.0,0.0,0.0,23.0,23.0,0.0,1.0,536.07,5.0,1302.0,377.95,583.0,0.0
1.0,8.0,17.0,2.98421,63.0,91.0,95.94,0.0,5.0,122.78,3.12,3295.0,1763.36,102.0,0.0
1.0,3.0,4.0,0.594759,72.0,1.0,138.25,0.0,9.0,238.2,37.5,3296.0,1764.08,1817.0,0.0
1.0,2.0,3.0,1.20691,8.0,16.0,55.67,0.0,4.0,151.27,3.0,3297.0,1764.77,103.0,0.0
2.0,4.0,4.0,1.98523,5.0,9.0,140.0,0.0,5.0,2.57,9.25,2109.0,1082.46,1862.0,0.0
1.0,1.0,1.0,0.0,2.0,2.0,36.0,1.0,2.0,1.57,3.0,2112.0,1085.27,1338.0,0.0
1.0,2.0,3.0,1.3085,23.0,1.0,310.33,0.0,3.0,34.41,5.0,2113.0,1086.2,1339.0,1.0
1.0,6.0,6.0,2.1612,85.0,5.0,72.5,0.0,7.0,130.27,7.0,2114.0,1087.03,27.0,0.0
1.0,6.0,22.0,1.57775,44.0,42.0,32.23,0.0,4.0,4.43,1.18,1303.0,378.33,584.0,0.0
1.0,4.0,5.0,1.6859099999999998,87.0,193.0,231.6,1.0,5.0,202.07,13.2,3298.0,1763.3,1818.0,1.0
1.0,1.0,1.0,0.0,2.0,14.0,50.0,0.0,5.0,559.73,19.0,3299.0,1764.14,1819.0,0.0
1.0,1.0,1.0,0.0,2.0,2.0,1565.0,0.0,10.0,8.18,195.0,1304.0,379.26,0.0,0.0
1.0,4.0,5.0,1.60876,140.0,58.0,59.4,0.0,5.0,1.02,3.6,2115.0,1086.11,129.0,0.0
1.0,1.0,1.0,0.0,1.0,1.0,584.0,0.0,3.0,0.0,48.0,3302.0,1764.51,1765.0,0.0
1.0,4.0,4.0,1.64031,118.0,1.0,18.25,0.0,4.0,8.51,3.5,3303.0,1765.36,1766.0,0.0
2.0,3.0,3.0,0.946373,13.0,1.0,884.0,0.0,12.0,11.77,87.33,2116.0,1086.83,1428.0,0.0
1.0,1.0,1.0,0.0,18.0,0.0,539.0,0.0,8.0,30.93,123.0,407.0,179.8,207.0,0.0
1.0,2.0,2.0,0.262311,31.0,14.0,278.5,1.0,7.0,0.74,49.0,3304.0,1766.24,1767.0,1.0
1.0,2.0,3.0,1.11574,212.0,1.0,36.67,1.0,1.0,14.54,1.0,3305.0,1764.92,1821.0,0.0
1.0,2.0,2.0,0.936667,32.0,2.0,175.0,0.0,6.0,144.22,10.5,3306.0,1765.38,1822.0,1.0
1.0,1.0,1.0,0.0,24.0,0.0,31.0,0.0,2.0,275.8,2.0,3307.0,1766.29,1823.0,0.0
1.0,2.0,3.0,0.716352,21.0,34.0,147.0,0.0,9.0,60.95,31.33,2118.0,1080.89,1341.0,0.0
1.0,1.0,1.0,0.0,9.0,6.0,176.0,0.0,1.0,3.83,1.0,123.0,55.72,101.0,0.0
1.0,1.0,1.0,0.0,0.0,1.0,701.0,0.0,10.0,26.64,52.0,3310.0,1755.33,1768.0,0.0
1.0,2.0,9.0,2.84039,580.0,129.0,130.89,0.0,3.0,19.69,2.11,18.0,14.7,11.0,1.0
1.0,1.0,2.0,1.0,10.0,0.0,576.0,0.0,7.0,9.53,44.0,19.0,15.7,4.0,0.0
1.0,1.0,1.0,0.0,2.0,6.0,61.0,1.0,2.0,413.56,6.0,3311.0,1754.32,1826.0,0.0
1.0,2.0,2.0,0.495969,44.0,2.0,73.5,0.0,8.0,11.11,39.5,3312.0,1754.46,1827.0,1.0
1.0,1.0,1.0,0.0,9.0,1.0,115.0,0.0,2.0,27.42,2.0,55.0,32.99,9.0,0.0
2.0,2.0,2.0,0.8631209999999999,3.0,4.0,834.5,0.0,11.0,210.72,100.5,2122.0,1079.94,1435.0,0.0
1.0,1.0,1.0,0.0,6.0,1.0,47.0,0.0,2.0,2.79,3.0,3315.0,1748.74,1770.0,0.0
1.0,1.0,1.0,0.0,1.0,1.0,1566.0,0.0,11.0,2.49,199.0,3316.0,1749.67,74.0,0.0
1.0,1.0,1.0,0.0,1.0,1.0,1566.0,0.0,11.0,0.0,200.0,3317.0,1750.66,75.0,0.0
1.0,1.0,1.0,0.0,57.0,0.0,0.0,0.0,0.0,0.0,0.0,3318.0,1751.65,1771.0,0.0
1.0,5.0,10.0,2.80541,139.0,112.0,33.7,0.0,3.0,91.3,1.2,408.0,178.5,46.0,1.0
1.0,1.0,1.0,0.0,1.0,1.0,1566.0,0.0,11.0,0.49,201.0,2125.0,1077.88,91.0,0.0
1.0,2.0,2.0,0.961237,7.0,6.0,58.0,0.0,3.0,0.42,3.5,409.0,179.4,47.0,0.0
1.0,1.0,1.0,0.0,3.0,1.0,34.0,0.0,3.0,0.46,6.0,410.0,180.39,48.0,0.0
1.0,3.0,6.0,0.8398709999999999,175.0,199.0,71.83,0.0,5.0,230.87,6.83,3319.0,1750.52,109.0,0.0
1.0,2.0,4.0,1.36689,29.0,36.0,113.25,0.0,4.0,154.32,9.75,3320.0,1751.36,1829.0,1.0
1.0,1.0,1.0,0.0,11.0,4.0,188.0,0.0,4.0,42.26,33.0,3321.0,1752.08,110.0,0.0
1.0,1.0,1.0,0.0,1.0,1.0,1566.0,0.0,11.0,0.54,202.0,3322.0,1752.77,76.0,0.0
2.0,9.0,17.0,3.18116,2024.0,0.0,100.0,0.0,13.0,1.03,17.47,20.0,16.51,14.0,1.0
1.0,1.0,1.0,0.0,2.0,1.0,81.0,0.0,1.0,16.88,2.0,3325.0,1753.7,1832.0,0.0
1.0,4.0,10.0,2.9258,17.0,29.0,170.3,0.0,1.0,0.66,0.1,3326.0,1754.66,1773.0,0.0
2.0,2.0,2.0,0.591673,4.0,3.0,840.5,0.0,11.0,21.89,110.5,3327.0,1755.64,1851.0,0.0
1.0,1.0,1.0,0.0,10.0,0.0,903.0,0.0,9.0,16.98,141.0,3329.0,1757.43,1833.0,0.0
1.0,5.0,5.0,2.13478,429.0,0.0,0.0,0.0,0.0,0.0,0.0,56.0,33.71,0.0,0.0
1.0,2.0,2.0,0.503258,11.0,7.0,71.5,0.0,1.0,0.02,0.5,57.0,34.71,1.0,0.0
1.0,1.0,1.0,0.0,21.0,17.0,123.0,0.0,1.0,0.71,3.0,59.0,36.65,3.0,0.0
1.0,2.0,2.0,0.985228,14.0,7.0,117.0,0.0,1.0,0.39,2.0,60.0,37.65,4.0,0.0
1.0,2.0,2.0,0.640944,20.0,23.0,120.5,0.0,1.0,0.05,2.5,61.0,38.65,5.0,0.0
1.0,1.0,1.0,0.0,1.0,1.0,34.0,0.0,1.0,0.88,2.0,62.0,39.65,6.0,0.0
1.0,1.0,1.0,0.0,3.0,2.0,38.0,0.0,1.0,0.92,1.0,63.0,40.64,7.0,0.0
1.0,1.0,1.0,0.0,40.0,0.0,0.0,0.0,0.0,0.0,0.0,3333.0,1758.38,104.0,0.0
1.0,3.0,3.0,1.05298,1.0,14.0,145.0,1.0,3.0,85.5,8.0,3335.0,1760.34,1779.0,0.0
1.0,3.0,5.0,1.84017,120.0,5.0,58.6,1.0,3.0,42.45,2.0,3336.0,1761.31,1780.0,0.0
1.0,2.0,2.0,0.706274,77.0,1.0,1370.5,0.0,10.0,0.92,123.5,3337.0,1762.17,1836.0,0.0
1.0,2.0,3.0,1.57433,16.0,7.0,84.67,0.0,5.0,307.94,11.33,3338.0,1762.94,1781.0,0.0
1.0,1.0,4.0,1.38486,39.0,6.0,175.0,1.0,6.0,27.23,11.25,3340.0,1764.88,1783.0,1.0
1.0,3.0,3.0,0.905587,4.0,11.0,153.33,0.0,9.0,369.54,33.33,459.0,203.69,281.0,0.0
1.0,3.0,3.0,1.37016,7.0,19.0,427.67,0.0,8.0,27.05,39.33,460.0,204.69,282.0,0.0
1.0,1.0,1.0,0.0,4.0,1.0,71.0,0.0,3.0,14.62,11.0,461.0,205.67,283.0,0.0
2.0,3.0,5.0,2.04213,152.0,1.0,13.0,1.0,2.0,46.91,0.8,2126.0,1073.42,1875.0,0.0
1.0,2.0,2.0,0.950956,15.0,12.0,401.0,0.0,10.0,21.98,29.0,2127.0,1074.41,1349.0,0.0
1.0,1.0,1.0,0.0,0.0,8.0,991.0,0.0,6.0,0.43,83.0,3343.0,1765.51,1786.0,0.0
1.0,1.0,2.0,0.292322,214.0,0.0,0.0,0.0,0.0,0.0,0.0,3344.0,1766.47,1787.0,0.0
1.0,1.0,2.0,0.292322,214.0,0.0,0.0,0.0,0.0,0.0,0.0,3345.0,1767.46,105.0,0.0
1.0,2.0,2.0,0.721928,5.0,0.0,399.0,0.0,9.0,26.06,80.0,3346.0,1768.43,44.0,0.0
1.0,1.0,1.0,0.0,1.0,1.0,139.0,0.0,3.0,46.1,21.0,2130.0,1075.69,1351.0,0.0
1.0,1.0,1.0,0.0,16.0,14.0,121.0,0.0,1.0,198.99,5.0,2131.0,1076.68,1352.0,0.0
1.0,5.0,14.0,3.35656,0.0,1027.0,73.36,0.0,2.0,120.34,0.14,3348.0,1767.83,1789.0,0.0
1.0,1.0,1.0,0.0,0.0,3.0,135.0,0.0,12.0,3.75,135.0,3349.0,1768.83,1790.0,0.0
1.0,1.0,1.0,0.0,7.0,0.0,867.0,0.0,9.0,36.26,343.0,3350.0,1769.49,62.0,0.0
1.0,1.0,1.0,0.0,10.0,0.0,139.0,0.0,7.0,46.33,49.0,3351.0,1770.47,1791.0,0.0
1.0,1.0,1.0,0.0,0.0,16.0,149.0,0.0,7.0,0.04,50.0,3352.0,1771.34,1792.0,0.0
2.0,10.0,17.0,3.5140800000000003,821.0,112.0,269.06,0.0,12.0,33.84,27.35,3353.0,1764.47,3630.0,1.0
1.0,1.0,4.0,1.92193,4.0,6.0,121.5,0.0,2.0,181.21,1.0,2132.0,1072.62,1353.0,0.0
1.0,2.0,3.0,1.52193,5.0,0.0,143.67,0.0,6.0,60.09,15.33,3354.0,1765.41,1794.0,0.0
1.0,1.0,1.0,0.0,2.0,6.0,154.0,0.0,2.0,19.94,3.0,2133.0,1073.53,132.0,0.0
1.0,1.0,1.0,0.0,1.0,1.0,1574.0,0.0,11.0,6.07,205.0,2134.0,1074.52,92.0,0.0
1.0,2.0,2.0,1.0,4.0,4.0,199.5,0.0,9.0,32.07,60.0,2135.0,1075.51,107.0,0.0
1.0,1.0,1.0,0.0,1.0,1.0,33.0,0.0,3.0,286.05,4.0,3355.0,1766.17,1795.0,0.0
1.0,1.0,1.0,0.0,1.0,1.0,100.0,0.0,1.0,390.2,2.0,3358.0,1769.12,106.0,0.0
1.0,1.0,1.0,0.0,64.0,0.0,0.0,0.0,0.0,0.0,0.0,3359.0,1770.11,1838.0,0.0
1.0,8.0,83.0,5.21284,926.0,5842.0,77.92,0.0,6.0,296.86,1.77,3360.0,1770.83,1797.0,0.0
1.0,3.0,6.0,0.866196,87.0,2.0,169.5,0.0,7.0,21.57,12.83,3361.0,1771.62,1839.0,1.0
1.0,2.0,3.0,1.53003,22.0,11.0,240.67,1.0,6.0,149.96,14.67,462.0,205.24,284.0,0.0
1.0,1.0,1.0,0.0,17.0,0.0,88.0,0.0,5.0,0.02,8.0,463.0,206.24,285.0,0.0
2.0,4.0,4.0,1.6616400000000002,20.0,8.0,127.5,1.0,6.0,54.99,9.5,3363.0,1770.95,3639.0,0.0
1.0,3.0,3.0,1.26105,82.0,0.0,38.67,0.0,7.0,9.45,15.0,3364.0,1771.92,1800.0,0.0
1.0,2.0,3.0,1.44882,5.0,9.0,91.33,0.0,4.0,171.28,5.33,3365.0,1772.9,1801.0,0.0
1.0,1.0,6.0,2.43083,22.0,22.0,78.67,0.0,1.0,17.94,0.67,3366.0,1773.88,1841.0,0.0
1.0,1.0,1.0,0.0,2.0,2.0,143.0,0.0,4.0,0.01,15.0,3367.0,1774.87,1802.0,0.0
1.0,1.0,1.0,0.0,13.0,5.0,247.0,0.0,3.0,79.29,4.0,13.0,11.39,11.0,0.0
1.0,2.0,4.0,1.0864200000000002,64.0,2.0,247.75,1.0,3.0,78.96,1.25,14.0,12.39,12.0,0.0
1.0,2.0,4.0,1.55855,30.0,3.0,265.75,1.0,3.0,19.88,2.75,15.0,13.39,13.0,1.0
2.0,2.0,2.0,0.918296,3.0,3.0,923.0,0.0,13.0,1.74,141.5,464.0,206.93,67.0,0.0
2.0,2.0,2.0,0.605187,23.0,4.0,827.5,0.0,11.0,25.57,110.5,2139.0,1076.4,1450.0,0.0
3.0,4.0,5.0,1.21014,45.0,35.0,624.0,0.0,13.0,3.08,64.6,3368.0,1773.89,1909.0,0.0
1.0,1.0,1.0,0.0,0.0,8.0,106.0,0.0,5.0,0.0,32.0,3369.0,1774.87,1804.0,0.0
1.0,1.0,1.0,0.0,1.0,1.0,176.0,0.0,3.0,51.82,9.0,3370.0,1775.76,107.0,0.0
1.0,1.0,1.0,0.0,0.0,1.0,591.0,0.0,7.0,0.12,91.0,2140.0,1077.16,108.0,0.0
1.0,2.0,2.0,0.918296,2.0,1.0,243.0,0.0,6.0,75.44,28.5,3371.0,1776.14,1842.0,0.0
1.0,3.0,3.0,0.374693,66.0,1.0,214.33,1.0,6.0,45.41,25.0,2141.0,1076.81,529.0,0.0
1.0,2.0,2.0,0.503258,4.0,5.0,195.0,1.0,3.0,0.01,20.5,2142.0,1077.8,530.0,0.0
1.0,1.0,1.0,0.0,4.0,6.0,63.0,1.0,1.0,0.09,2.0,3372.0,1774.95,1843.0,0.0
2.0,2.0,3.0,1.3093,4.0,7.0,63.0,0.0,1.0,66.38,2.33,3373.0,1775.87,3649.0,0.0
1.0,2.0,2.0,0.952266,37.0,6.0,271.0,0.0,1.0,55.61,3.0,3374.0,1776.71,1845.0,0.0
1.0,3.0,6.0,2.52164,14.0,7.0,72.67,0.0,6.0,2.06,8.33,3376.0,1778.36,1806.0,0.0
1.0,1.0,1.0,0.0,1.0,1.0,272.0,0.0,9.0,1.23,114.0,3377.0,1779.34,28.0,0.0
1.0,1.0,1.0,0.0,15.0,0.0,109.0,0.0,4.0,33.28,19.0,3378.0,1780.1,1807.0,0.0
1.0,1.0,1.0,0.0,2.0,2.0,137.0,0.0,2.0,435.21,3.0,3379.0,1780.99,108.0,0.0
1.0,1.0,1.0,0.0,75.0,0.0,0.0,0.0,0.0,0.0,0.0,3381.0,1781.09,1808.0,0.0
1.0,1.0,1.0,0.0,8.0,10.0,105.0,0.0,1.0,49.73,3.0,3382.0,1781.91,1809.0,0.0
1.0,2.0,4.0,1.43692,150.0,10.0,410.5,0.0,8.0,17.77,28.25,3383.0,1782.34,1810.0,1.0
1.0,2.0,2.0,0.415022,236.0,3.0,55.0,0.0,1.0,77.03,1.5,22.0,18.05,3.0,0.0
1.0,1.0,1.0,0.0,2.0,1.0,124.0,0.0,2.0,0.01,4.0,23.0,19.05,4.0,0.0
1.0,1.0,1.0,0.0,0.0,1.0,125.0,0.0,2.0,0.02,5.0,24.0,20.05,5.0,0.0
1.0,1.0,1.0,0.0,33.0,1.0,347.0,0.0,7.0,29.02,54.0,3384.0,1783.06,1811.0,0.0
1.0,1.0,1.0,0.0,0.0,146.0,219.0,0.0,1.0,0.18,1.0,25.0,21.04,6.0,0.0
2.0,2.0,2.0,0.591673,5.0,2.0,151.0,0.0,6.0,0.06,27.5,3390.0,1783.92,1862.0,0.0
1.0,1.0,2.0,0.992774,13.0,7.0,81.5,0.0,4.0,169.59,8.0,2143.0,1072.41,1358.0,0.0
1.0,1.0,1.0,0.0,5.0,3.0,710.0,0.0,3.0,74.78,10.0,2144.0,1072.62,1359.0,0.0
1.0,1.0,1.0,0.0,1.0,1.0,278.0,1.0,3.0,5.91,6.0,16.0,14.18,14.0,0.0
1.0,1.0,1.0,0.0,1.0,1.0,140.0,0.0,4.0,56.9,23.0,2145.0,1072.64,133.0,0.0
2.0,2.0,2.0,0.970951,3.0,2.0,865.0,0.0,11.0,14.7,110.5,2146.0,1073.62,228.0,0.0
1.0,1.0,1.0,0.0,1.0,1.0,1583.0,0.0,11.0,0.11,213.0,3393.0,1781.75,82.0,0.0
2.0,3.0,4.0,1.32526,56.0,1.0,361.75,0.0,9.0,4.17,39.75,3395.0,1783.56,138.0,0.0
1.0,2.0,2.0,0.476159,141.0,35.0,89.5,0.0,1.0,2.78,0.5,3396.0,1784.52,1820.0,0.0
2.0,2.0,2.0,0.503258,9.0,0.0,853.5,0.0,11.0,1.02,107.5,3397.0,1785.4,1904.0,0.0
1.0,1.0,1.0,0.0,2.0,2.0,1584.0,0.0,11.0,0.47,215.0,195.0,50.97,4.0,0.0
1.0,3.0,8.0,2.92695,113.0,3.0,26.25,0.0,2.0,313.76,0.38,465.0,205.66,286.0,0.0
1.0,3.0,4.0,1.99945,63.0,0.0,200.0,0.0,5.0,437.41,2.5,466.0,206.66,287.0,0.0
1.0,1.0,1.0,0.0,61.0,0.0,0.0,0.0,0.0,0.0,0.0,3398.0,1780.42,1822.0,0.0
1.0,5.0,5.0,2.26137,38.0,4.0,132.2,1.0,7.0,110.31,7.4,2148.0,1070.75,1360.0,1.0
1.0,3.0,3.0,1.32218,22.0,0.0,369.33,0.0,7.0,14.94,34.67,2151.0,1073.18,532.0,0.0
1.0,1.0,1.0,0.0,8.0,4.0,28.0,0.0,1.0,565.17,1.0,412.0,177.63,49.0,0.0
1.0,1.0,1.0,0.0,81.0,0.0,0.0,0.0,0.0,0.0,0.0,3399.0,1767.42,1823.0,0.0
1.0,2.0,2.0,0.253068,118.0,0.0,134.5,0.0,7.0,2.42,26.5,3400.0,1768.22,110.0,0.0
1.0,1.0,1.0,0.0,67.0,0.0,0.0,0.0,0.0,0.0,0.0,3401.0,1769.04,1851.0,0.0
2.0,3.0,5.0,1.18412,105.0,2.0,50.0,0.0,4.0,100.54,4.8,2155.0,1070.3,1898.0,0.0
1.0,4.0,6.0,2.22014,206.0,36.0,208.83,1.0,10.0,36.73,33.67,3402.0,1769.77,1852.0,1.0
2.0,2.0,3.0,0.8829790000000001,92.0,5.0,550.33,1.0,11.0,2.32,72.33,3403.0,1770.62,1937.0,0.0
1.0,1.0,1.0,0.0,2.0,0.0,116.0,0.0,5.0,78.41,12.0,3404.0,1771.28,1824.0,0.0
1.0,1.0,1.0,0.0,123.0,0.0,0.0,0.0,0.0,0.0,0.0,3405.0,1770.83,1854.0,0.0
1.0,1.0,1.0,0.0,6.0,19.0,204.0,1.0,8.0,41.97,44.0,3406.0,1771.68,1855.0,0.0
2.0,8.0,9.0,2.40758,155.0,3.0,107.89,0.0,6.0,115.96,14.33,3407.0,1772.4,3681.0,0.0
1.0,1.0,1.0,0.0,5.0,7.0,132.0,0.0,5.0,0.02,12.0,3409.0,1774.16,1858.0,0.0
1.0,1.0,1.0,0.0,5.0,3.0,130.0,0.0,5.0,0.02,13.0,3410.0,1775.1,1859.0,0.0
1.0,2.0,4.0,1.79004,83.0,25.0,149.75,0.0,7.0,183.84,22.0,2156.0,1068.56,535.0,1.0
1.0,1.0,1.0,0.0,2.0,2.0,218.0,0.0,7.0,0.04,52.0,2157.0,1069.5,536.0,0.0
1.0,7.0,7.0,2.6428700000000003,362.0,0.0,0.0,0.0,0.0,0.0,0.0,3414.0,1776.74,114.0,0.0
1.0,3.0,3.0,1.01054,69.0,0.0,210.33,0.0,1.0,53.36,7.0,3415.0,1777.11,1861.0,1.0
2.0,3.0,3.0,0.365099,69.0,3.0,133.0,1.0,8.0,119.75,23.0,3416.0,1777.73,3688.0,0.0
1.0,2.0,2.0,1.0,24.0,2.0,394.0,0.0,4.0,53.42,10.5,3417.0,1778.72,1827.0,0.0
1.0,3.0,3.0,1.34754,38.0,17.0,41.67,0.0,5.0,342.1,5.0,3418.0,1778.25,111.0,0.0
1.0,4.0,4.0,1.60494,6.0,9.0,75.0,0.0,3.0,87.78,1.25,3419.0,1779.23,112.0,0.0
1.0,1.0,1.0,0.0,4.0,4.0,874.0,0.0,9.0,20.73,344.0,3420.0,1780.19,63.0,0.0
2.0,5.0,18.0,3.87559,426.0,0.0,21.5,0.0,5.0,126.78,0.67,3421.0,1781.01,1978.0,0.0
1.0,1.0,1.0,0.0,1.0,1.0,1584.0,0.0,11.0,2.77,217.0,3422.0,1781.77,85.0,0.0
1.0,2.0,4.0,1.94332,131.0,0.0,0.0,0.0,0.0,0.0,0.0,3423.0,1782.67,1828.0,0.0
1.0,2.0,3.0,1.0671,331.0,1.0,720.33,0.0,9.0,13.67,87.33,3424.0,1783.67,1864.0,1.0
1.0,8.0,17.0,3.65795,13.0,55.0,75.94,0.0,4.0,422.58,1.29,3425.0,1784.64,113.0,0.0
1.0,2.0,2.0,0.591673,9.0,5.0,77.0,1.0,4.0,24.11,6.5,3426.0,1785.6,1829.0,0.0
1.0,2.0,2.0,0.918296,2.0,10.0,54.0,0.0,4.0,311.96,5.0,3427.0,1783.59,114.0,0.0
1.0,1.0,1.0,0.0,5.0,7.0,64.0,0.0,3.0,1.64,6.0,2158.0,1065.9,180.0,0.0
1.0,2.0,3.0,1.55647,220.0,0.0,0.0,0.0,0.0,0.0,0.0,3428.0,1782.46,1830.0,0.0
1.0,1.0,2.0,1.0,20.0,0.0,568.5,0.0,3.0,37.82,27.5,3429.0,1783.4,1831.0,0.0
1.0,2.0,2.0,0.619382,48.0,4.0,29.5,1.0,4.0,155.64,4.5,3431.0,1785.3,1832.0,0.0
1.0,1.0,1.0,0.0,1.0,1.0,460.0,0.0,5.0,79.3,26.0,2160.0,1067.12,537.0,0.0
2.0,2.0,2.0,0.936667,9.0,8.0,441.0,0.0,8.0,84.69,51.5,2161.0,1068.1,1904.0,1.0
1.0,4.0,4.0,1.43466,108.0,1.0,60.5,1.0,4.0,35.42,2.5,3433.0,1786.37,1833.0,0.0
2.0,4.0,4.0,2.0,4.0,4.0,127.25,0.0,9.0,100.57,29.75,17.0,14.71,16.0,0.0
1.0,2.0,3.0,1.40564,5.0,3.0,487.33,0.0,9.0,8.77,53.67,2162.0,1068.02,109.0,0.0
1.0,3.0,3.0,1.05392,117.0,2.0,91.33,0.0,7.0,1.94,18.0,3434.0,1785.63,116.0,0.0
1.0,3.0,3.0,0.450352,67.0,1.0,202.0,1.0,3.0,245.81,17.33,3435.0,1786.52,1834.0,0.0
2.0,2.0,2.0,0.918296,3.0,3.0,880.5,0.0,11.0,13.21,129.5,3437.0,1788.22,1923.0,0.0
1.0,6.0,7.0,1.6742099999999998,122.0,14.0,26.43,0.0,1.0,32.24,0.71,3438.0,1789.05,118.0,0.0
1.0,3.0,4.0,1.68779,271.0,0.0,69.75,0.0,7.0,0.06,13.75,3439.0,1789.99,119.0,0.0
1.0,26.0,18.0,2.66761,104.0,45.0,57.67,0.0,4.0,7.24,1.78,3441.0,1791.83,121.0,0.0
3.0,16.0,18.0,3.86515,966.0,10.0,13.83,0.0,3.0,25.02,1.33,3442.0,1792.58,3824.0,0.0
2.0,5.0,10.0,3.05544,36.0,17.0,334.8,0.0,10.0,39.07,35.5,3443.0,1791.76,3704.0,0.0
1.0,1.0,1.0,0.0,21.0,2.0,460.0,0.0,5.0,1.79,27.0,2163.0,1067.19,539.0,0.0
1.0,3.0,3.0,1.33111,83.0,0.0,56.33,0.0,3.0,103.01,2.33,2164.0,1068.19,1367.0,0.0
1.0,1.0,1.0,0.0,1.0,1.0,1584.0,0.0,11.0,1.06,221.0,3445.0,1793.19,89.0,0.0
1.0,1.0,2.0,0.985228,98.0,0.0,0.0,0.0,0.0,0.0,0.0,3448.0,1793.98,1870.0,0.0
1.0,1.0,1.0,0.0,7.0,4.0,365.0,1.0,3.0,87.85,21.0,467.0,203.92,225.0,0.0
1.0,3.0,3.0,1.22439,11.0,7.0,274.67,1.0,3.0,36.0,19.67,3449.0,1794.8,1871.0,1.0
1.0,1.0,1.0,0.0,1.0,4.0,54.0,0.0,2.0,0.75,4.0,3452.0,1797.65,1873.0,0.0
1.0,1.0,1.0,0.0,1.0,1.0,1584.0,0.0,11.0,1.08,222.0,3454.0,1799.07,90.0,0.0
1.0,2.0,2.0,0.925016,97.0,0.0,0.0,0.0,0.0,0.0,0.0,3456.0,1798.82,124.0,0.0
2.0,2.0,6.0,1.99278,17.0,17.0,190.67,0.0,6.0,58.19,18.0,3457.0,1799.14,3719.0,0.0
3.0,3.0,4.0,1.98194,10.0,28.0,578.0,0.0,10.0,19.92,70.75,42.0,27.13,43.0,0.0
1.0,1.0,1.0,0.0,7.0,2.0,59.0,0.0,3.0,277.13,19.0,1305.0,365.62,585.0,0.0
2.0,4.0,5.0,2.12171,270.0,8.0,110.0,0.0,6.0,30.69,3.0,3459.0,1798.73,3722.0,1.0
1.0,1.0,1.0,0.0,58.0,0.0,0.0,0.0,0.0,0.0,0.0,3460.0,1799.01,1877.0,0.0
1.0,1.0,1.0,0.0,6.0,0.0,104.0,0.0,1.0,197.26,3.0,26.0,20.99,7.0,0.0
1.0,1.0,1.0,0.0,26.0,0.0,0.0,0.0,0.0,0.0,0.0,28.0,22.99,14.0,0.0
2.0,3.0,3.0,1.41627,70.0,2.0,219.67,0.0,6.0,0.48,5.33,2165.0,1063.13,1908.0,0.0
1.0,1.0,2.0,0.970951,7.0,3.0,49.0,0.0,1.0,3.16,0.5,2166.0,1063.68,541.0,0.0
1.0,1.0,2.0,0.970951,2.0,3.0,83.0,0.0,2.0,0.01,3.0,2168.0,1065.67,182.0,0.0
1.0,1.0,1.0,0.0,1.0,5.0,132.0,0.0,1.0,18.04,4.0,2169.0,1066.67,1369.0,0.0
1.0,2.0,2.0,0.918296,1.0,2.0,217.5,0.0,7.0,11.61,37.0,2171.0,1068.66,136.0,0.0
1.0,1.0,1.0,0.0,5.0,11.0,251.0,0.0,3.0,0.0,4.0,2172.0,1069.66,1371.0,0.0
1.0,2.0,2.0,0.970951,4.0,1.0,55.5,0.0,1.0,20.0,1.0,2173.0,1070.65,1372.0,0.0
1.0,1.0,1.0,0.0,38.0,4.0,421.0,0.0,8.0,10.86,128.0,3461.0,1797.69,1878.0,0.0
1.0,1.0,3.0,1.18333,55.0,30.0,48.33,0.0,2.0,0.86,0.67,2174.0,1071.52,1373.0,0.0
1.0,1.0,1.0,0.0,3.0,3.0,75.0,1.0,4.0,277.79,13.0,3462.0,1796.4,1879.0,0.0
1.0,1.0,1.0,0.0,1.0,14.0,158.0,0.0,1.0,0.01,1.0,3466.0,1799.82,118.0,0.0
1.0,1.0,2.0,0.08970299999999999,88.0,0.0,46.0,0.0,1.0,248.06,1.5,3467.0,1800.71,1881.0,0.0
1.0,1.0,1.0,0.0,1.0,1.0,1579.0,0.0,11.0,0.89,224.0,2175.0,1069.51,95.0,0.0
1.0,1.0,1.0,0.0,17.0,0.0,128.0,0.0,2.0,2.17,5.0,2177.0,1071.14,1375.0,0.0
1.0,1.0,1.0,0.0,6.0,0.0,455.0,0.0,8.0,2.14,129.0,3470.0,1800.54,1883.0,0.0
2.0,2.0,2.0,0.8112779999999999,3.0,1.0,136.5,0.0,7.0,125.25,32.5,3471.0,1801.47,113.0,0.0
1.0,2.0,4.0,1.88414,183.0,0.0,0.0,0.0,0.0,0.0,0.0,18.0,15.42,16.0,0.0
2.0,2.0,2.0,0.235193,104.0,0.0,428.0,0.0,2.0,0.84,25.5,3472.0,1800.56,3733.0,0.0
1.0,1.0,1.0,0.0,3.0,3.0,860.0,0.0,2.0,0.0,52.0,3473.0,1801.56,1885.0,0.0
1.0,2.0,2.0,1.0,148.0,0.0,0.0,0.0,0.0,0.0,0.0,3474.0,1802.52,125.0,0.0
1.0,1.0,1.0,0.0,41.0,34.0,266.0,0.0,7.0,27.19,45.0,2178.0,1070.74,1376.0,1.0
1.0,2.0,4.0,1.35987,48.0,3.0,85.5,1.0,6.0,157.85,9.0,3476.0,1803.93,1850.0,0.0
1.0,2.0,3.0,1.2406700000000002,18.0,4.0,153.67,0.0,6.0,31.6,12.33,413.0,175.16,208.0,0.0
1.0,1.0,2.0,0.970951,5.0,5.0,57.0,0.0,1.0,1.11,0.5,414.0,176.15,209.0,0.0
1.0,14.0,34.0,4.422630000000002,3883.0,0.0,0.0,0.0,0.0,0.0,0.0,469.0,204.08,289.0,1.0
1.0,4.0,5.0,1.7922,17.0,17.0,133.6,0.0,1.0,0.0,0.2,470.0,205.08,290.0,0.0
1.0,1.0,1.0,0.0,2.0,2.0,127.0,0.0,5.0,29.82,38.0,2179.0,1070.43,110.0,0.0
2.0,2.0,3.0,1.22516,75.0,5.0,505.67,1.0,3.0,5.15,32.33,3479.0,1803.14,3739.0,1.0
1.0,1.0,1.0,0.0,48.0,0.0,0.0,0.0,0.0,0.0,0.0,3481.0,1803.39,1887.0,0.0
1.0,1.0,2.0,0.918296,1.0,2.0,77.5,0.0,4.0,72.06,6.5,2180.0,1069.21,1377.0,0.0
1.0,2.0,2.0,0.825627,73.0,8.0,130.0,1.0,4.0,29.39,10.5,3483.0,1802.7,1855.0,0.0
1.0,1.0,1.0,0.0,94.0,0.0,0.0,1.0,0.0,0.0,0.0,3488.0,1804.89,1892.0,0.0
1.0,2.0,2.0,0.228538,79.0,2.0,106.5,0.0,1.0,33.48,1.0,3489.0,1805.89,1858.0,0.0
1.0,1.0,1.0,0.0,8.0,10.0,355.0,1.0,6.0,5.94,70.0,3494.0,1807.63,1861.0,0.0
1.0,1.0,1.0,0.0,1.0,1.0,110.0,0.0,1.0,58.94,1.0,3495.0,1808.62,1862.0,0.0
2.0,2.0,2.0,1.0,2.0,2.0,899.0,0.0,10.0,25.05,201.5,3496.0,1809.62,1928.0,0.0
1.0,1.0,1.0,0.0,2.0,2.0,874.0,0.0,9.0,0.02,346.0,3497.0,1810.54,66.0,0.0
1.0,1.0,1.0,0.0,1.0,1.0,874.0,0.0,9.0,0.01,347.0,3498.0,1811.51,67.0,0.0
1.0,1.0,1.0,0.0,1.0,1.0,874.0,0.0,9.0,0.01,348.0,3499.0,1812.49,68.0,0.0
1.0,1.0,1.0,0.0,1.0,1.0,874.0,0.0,9.0,0.05,349.0,3500.0,1813.34,69.0,0.0
1.0,1.0,1.0,0.0,1.0,1.0,874.0,0.0,9.0,1.68,350.0,3501.0,1809.49,70.0,0.0
1.0,1.0,1.0,0.0,1.0,1.0,874.0,0.0,9.0,0.02,351.0,3502.0,1810.44,71.0,0.0
1.0,1.0,1.0,0.0,1.0,1.0,874.0,0.0,9.0,0.0,352.0,3503.0,1811.43,72.0,0.0
1.0,1.0,1.0,0.0,1.0,1.0,924.0,0.0,6.0,1.81,86.0,3504.0,1812.39,1864.0,0.0
1.0,1.0,1.0,0.0,9.0,9.0,874.0,0.0,9.0,0.02,353.0,3505.0,1813.37,73.0,0.0
2.0,3.0,3.0,0.254385,30.0,27.0,633.0,0.0,10.0,5.14,146.0,3506.0,1814.35,1939.0,0.0
1.0,1.0,1.0,0.0,1.0,0.0,327.0,0.0,7.0,85.08,42.0,3508.0,1816.31,119.0,0.0
1.0,2.0,2.0,0.242292,123.0,2.0,63.5,1.0,1.0,34.97,1.0,0.0,0.0,0.0,0.0
2.0,2.0,2.0,0.439497,11.0,11.0,513.5,0.0,9.0,42.77,180.0,3511.0,1819.19,78.0,0.0
1.0,1.0,1.0,0.0,1.0,1.0,880.0,0.0,9.0,0.19,358.0,3513.0,1820.64,78.0,0.0
1.0,5.0,4.0,0.0,9.0,0.0,146.0,0.0,2.0,78.91,0.5,66.0,40.38,10.0,0.0
1.0,2.0,2.0,0.954434,6.0,2.0,355.0,1.0,7.0,185.67,28.5,471.0,204.05,291.0,0.0
1.0,1.0,2.0,0.999723,28.0,23.0,651.0,0.0,3.0,2.93,31.0,3515.0,1820.51,1867.0,0.0
2.0,3.0,3.0,0.511578,65.0,3.0,546.67,0.0,11.0,1.29,76.0,3516.0,1821.39,1962.0,0.0
2.0,5.0,10.0,3.07815,54.0,23.0,242.4,1.0,5.0,5.14,13.3,3517.0,1822.29,3766.0,0.0
1.0,1.0,1.0,0.0,2.0,1.0,131.0,0.0,3.0,146.27,10.0,3518.0,1822.86,1870.0,0.0
2.0,4.0,5.0,1.17109,5.0,251.0,98.8,0.0,5.0,162.11,4.0,3519.0,1823.58,3769.0,0.0
1.0,1.0,1.0,0.0,1.0,1.0,125.0,0.0,2.0,0.04,5.0,3520.0,1824.45,1899.0,0.0
1.0,1.0,1.0,0.0,3.0,3.0,880.0,0.0,9.0,1.25,359.0,3521.0,1825.01,79.0,0.0
1.0,1.0,1.0,0.0,0.0,1.0,271.0,0.0,2.0,1.31,3.0,472.0,204.8,70.0,0.0
1.0,2.0,2.0,0.764205,7.0,2.0,1243.0,1.0,10.0,8.43,138.5,473.0,205.75,226.0,0.0
1.0,7.0,7.0,1.88338,4.0,16.0,105.0,0.0,4.0,106.04,0.71,3522.0,1824.61,120.0,0.0
1.0,5.0,5.0,2.32193,9.0,1.0,151.4,0.0,7.0,16.07,13.4,3523.0,1825.42,127.0,0.0
1.0,1.0,1.0,0.0,10.0,0.0,715.0,0.0,7.0,1.08,70.0,3524.0,1826.4,1900.0,0.0
1.0,2.0,2.0,0.984554,89.0,0.0,0.0,0.0,0.0,0.0,0.0,3525.0,1827.39,1872.0,0.0
1.0,1.0,1.0,0.0,1.0,1.0,115.0,0.0,4.0,301.67,6.0,3526.0,1828.31,121.0,0.0
1.0,2.0,2.0,0.8112779999999999,2.0,6.0,190.5,0.0,7.0,11.1,22.0,3527.0,1829.25,122.0,0.0
1.0,2.0,2.0,0.687315,57.0,3.0,198.5,1.0,6.0,18.77,16.5,3529.0,1830.49,1874.0,0.0
0.0,0.0,0.0,0.0,0.0,0.0,0.0,0.0,0.0,0.0,0.0,2181.0,1058.25,0.0,0.0
1.0,2.0,3.0,1.47294,23.0,2.0,336.33,0.0,8.0,48.24,36.67,2182.0,1059.03,1378.0,0.0
1.0,4.0,8.0,2.59476,35.0,6.0,85.75,0.0,6.0,216.45,6.5,2183.0,1060.01,1379.0,0.0
1.0,1.0,1.0,0.0,12.0,9.0,265.0,0.0,4.0,6.95,22.0,3530.0,1829.52,1875.0,0.0
1.0,3.0,3.0,1.44882,2.0,5.0,247.0,0.0,7.0,42.89,27.67,2184.0,1060.8,543.0,0.0
1.0,1.0,23.0,4.34058,12.0,35.0,102.61,0.0,4.0,158.7,2.0,2185.0,1061.8,544.0,0.0
1.0,1.0,1.0,0.0,4.0,4.0,924.0,0.0,6.0,3.08,87.0,3532.0,1831.38,1876.0,0.0
1.0,1.0,1.0,0.0,12.0,3.0,880.0,0.0,9.0,1.59,360.0,2186.0,1062.74,74.0,0.0
1.0,1.0,1.0,0.0,64.0,0.0,0.0,0.0,0.0,0.0,0.0,3534.0,1832.96,1901.0,0.0
1.0,2.0,2.0,0.985228,4.0,3.0,134.0,0.0,5.0,419.06,6.0,3535.0,1831.71,1878.0,0.0
1.0,1.0,5.0,2.32193,10.0,0.0,58.0,0.0,1.0,5.87,0.8,3536.0,1832.63,1879.0,0.0
2.0,7.0,12.0,2.8929,270.0,16.0,454.33,0.0,11.0,68.65,42.0,3537.0,1833.41,3782.0,1.0
2.0,4.0,6.0,1.93758,64.0,1.0,77.0,0.0,6.0,103.36,7.83,116.0,43.25,69.0,0.0
2.0,4.0,5.0,1.22183,56.0,4.0,661.2,0.0,12.0,0.42,58.4,117.0,44.25,97.0,0.0
1.0,1.0,1.0,0.0,1.0,1.0,1578.0,0.0,11.0,0.98,229.0,2187.0,1058.55,96.0,0.0
1.0,2.0,2.0,0.8112779999999999,16.0,8.0,155.5,1.0,5.0,128.25,19.5,3540.0,1829.67,1903.0,0.0
1.0,1.0,1.0,0.0,4.0,4.0,221.0,1.0,5.0,0.52,39.0,3541.0,1829.16,1904.0,0.0
1.0,5.0,10.0,1.82374,155.0,11.0,117.3,1.0,4.0,194.28,3.4,3542.0,1829.97,1882.0,0.0
1.0,2.0,2.0,0.954434,76.0,20.0,155.0,1.0,4.0,51.46,13.5,3543.0,1830.81,1905.0,0.0
1.0,2.0,2.0,0.8112779999999999,5.0,3.0,81.5,0.0,1.0,15.89,0.5,2188.0,1058.43,183.0,0.0
1.0,2.0,2.0,0.880326,127.0,0.0,0.0,0.0,0.0,0.0,0.0,2189.0,1059.42,184.0,0.0
1.0,2.0,3.0,1.05774,9.0,43.0,84.33,0.0,1.0,15.9,0.67,2190.0,1060.41,185.0,0.0
1.0,1.0,1.0,0.0,2.0,1.0,108.0,0.0,2.0,81.12,2.0,2191.0,1061.37,186.0,0.0
1.0,2.0,2.0,0.970951,2.0,3.0,1111.0,0.0,10.0,46.52,136.5,2192.0,1062.37,545.0,0.0
1.0,3.0,5.0,2.2353400000000003,13.0,10.0,174.6,0.0,8.0,116.32,17.6,2193.0,1063.37,1380.0,0.0
1.0,1.0,1.0,0.0,36.0,0.0,0.0,0.0,0.0,0.0,0.0,3544.0,1830.53,123.0,0.0
2.0,4.0,18.0,3.8877,89.0,43.0,454.61,0.0,11.0,111.76,25.5,3545.0,1831.49,3789.0,1.0
1.0,1.0,1.0,0.0,2.0,2.0,124.0,0.0,7.0,92.58,42.0,415.0,174.09,210.0,0.0
1.0,1.0,1.0,0.0,0.0,6.0,124.0,0.0,7.0,0.01,43.0,416.0,175.09,211.0,0.0
2.0,2.0,2.0,0.918296,1.0,2.0,943.0,0.0,12.0,0.95,152.0,2194.0,1063.14,1478.0,0.0
1.0,6.0,5.0,1.30195,19.0,42.0,76.6,0.0,2.0,3.91,1.2,2195.0,1064.13,187.0,0.0
1.0,1.0,1.0,0.0,8.0,8.0,394.0,0.0,6.0,204.83,56.0,2196.0,1065.11,1382.0,0.0
1.0,1.0,1.0,0.0,7.0,1.0,379.0,1.0,1.0,102.78,18.0,2197.0,1065.85,546.0,0.0
2.0,3.0,3.0,1.3143200000000002,12.0,27.0,339.0,0.0,9.0,1.79,46.33,476.0,206.62,380.0,0.0
1.0,1.0,1.0,0.0,0.0,2.0,85.0,0.0,4.0,117.24,7.0,3547.0,1827.51,1907.0,0.0
1.0,1.0,1.0,0.0,21.0,28.0,319.0,1.0,4.0,18.54,46.0,3549.0,1829.4,1908.0,0.0
3.0,3.0,3.0,1.41826,48.0,7.0,876.33,0.0,12.0,32.54,192.67,477.0,207.53,414.0,0.0
1.0,2.0,4.0,1.69323,20.0,19.0,79.5,0.0,1.0,1.08,0.25,33.0,26.73,9.0,0.0
1.0,2.0,4.0,1.9787,140.0,0.0,0.0,0.0,0.0,0.0,0.0,34.0,27.73,18.0,0.0
1.0,1.0,1.0,0.0,11.0,5.0,79.0,0.0,1.0,98.33,6.0,3550.0,1825.11,1909.0,0.0
1.0,1.0,1.0,0.0,3.0,3.0,46.0,0.0,2.0,70.23,4.0,3551.0,1826.09,1886.0,0.0
1.0,1.0,1.0,0.0,2.0,0.0,88.0,0.0,1.0,26.41,1.0,3552.0,1827.05,130.0,0.0
1.0,1.0,1.0,0.0,1.0,1.0,116.0,0.0,7.0,141.43,55.0,478.0,208.05,296.0,0.0
1.0,1.0,1.0,0.0,2.0,2.0,73.0,0.0,2.0,4.26,3.0,3553.0,1825.93,124.0,0.0
1.0,1.0,1.0,0.0,2.0,1.0,110.0,0.0,3.0,6.96,6.0,480.0,209.8,298.0,0.0
1.0,1.0,1.0,0.0,44.0,40.0,465.0,0.0,8.0,11.45,132.0,481.0,210.78,228.0,0.0
1.0,1.0,1.0,0.0,91.0,0.0,0.0,0.0,0.0,0.0,0.0,2200.0,1060.7,1384.0,0.0
1.0,1.0,1.0,0.0,0.0,1.0,143.0,0.0,3.0,0.11,17.0,2201.0,1061.59,1385.0,0.0
1.0,1.0,3.0,1.2789,14.0,6.0,110.0,0.0,8.0,287.98,9.33,3554.0,1823.3,1910.0,0.0
1.0,1.0,1.0,0.0,35.0,12.0,497.0,0.0,6.0,95.2,73.0,3555.0,1824.3,1911.0,0.0
1.0,1.0,1.0,0.0,1.0,1.0,905.0,0.0,9.0,1.42,365.0,3558.0,1825.65,80.0,0.0
1.0,2.0,2.0,1.0,8.0,6.0,179.5,0.0,1.0,122.51,2.0,3561.0,1827.7,1916.0,0.0
2.0,14.0,16.0,2.25017,804.0,472.0,351.38,0.0,11.0,48.05,33.63,3562.0,1826.44,3806.0,1.0
1.0,1.0,1.0,0.0,1.0,0.0,96.0,0.0,1.0,14.97,3.0,2203.0,1059.17,1386.0,0.0
1.0,1.0,1.0,0.0,0.0,6.0,171.0,0.0,3.0,420.87,12.0,2206.0,1062.16,1389.0,0.0
1.0,2.0,2.0,0.970951,8.0,2.0,146.0,0.0,2.0,58.0,1.0,2208.0,1064.15,1391.0,0.0
1.0,2.0,3.0,1.05774,45.0,7.0,204.67,0.0,2.0,168.89,1.33,3566.0,1827.37,1891.0,0.0
1.0,6.0,13.0,3.3376300000000003,764.0,0.0,0.0,0.0,0.0,0.0,0.0,3567.0,1827.88,125.0,0.0
2.0,2.0,2.0,0.721928,5.0,5.0,851.5,0.0,11.0,0.26,119.5,3570.0,1830.37,1990.0,0.0
1.0,1.0,1.0,0.0,1.0,1.0,139.0,0.0,4.0,1.72,25.0,43.0,26.73,24.0,0.0
1.0,1.0,1.0,0.0,1.0,1.0,51.0,0.0,1.0,322.7,2.0,3573.0,1828.57,1919.0,0.0
1.0,2.0,2.0,0.958712,14.0,7.0,113.0,0.0,3.0,425.18,7.5,3575.0,1824.83,1896.0,0.0
0.0,0.0,0.0,0.0,0.0,0.0,0.0,0.0,0.0,0.0,0.0,491.0,218.34,0.0,0.0
2.0,9.0,10.0,2.2785900000000003,166.0,143.0,234.0,1.0,7.0,221.88,11.0,3577.0,1824.28,3818.0,0.0
1.0,1.0,1.0,0.0,16.0,2.0,453.0,1.0,2.0,142.95,2.0,3578.0,1825.26,1921.0,0.0
2.0,2.0,2.0,1.0,2.0,2.0,1114.0,0.0,12.0,0.33,159.0,3579.0,1826.07,2023.0,0.0
1.0,1.0,1.0,0.0,4.0,1.0,121.0,0.0,7.0,0.79,54.0,3581.0,1827.48,1899.0,0.0
1.0,1.0,1.0,0.0,1.0,1.0,1609.0,0.0,11.0,0.23,247.0,3582.0,1828.4,102.0,0.0
1.0,1.0,1.0,0.0,1.0,1.0,189.0,0.0,3.0,80.16,13.0,3583.0,1829.4,132.0,0.0
1.0,2.0,2.0,0.27139,42.0,1.0,296.5,0.0,2.0,101.09,5.0,3584.0,1830.32,1924.0,0.0
1.0,1.0,2.0,1.0,34.0,0.0,602.0,0.0,7.0,5.55,48.0,3585.0,1829.3,33.0,0.0
2.0,4.0,4.0,1.4805,79.0,7.0,115.25,1.0,6.0,253.1,24.75,3586.0,1829.78,3825.0,0.0
2.0,4.0,6.0,2.04022,8.0,22.0,130.17,0.0,5.0,1.55,6.83,37.0,29.92,32.0,0.0
2.0,4.0,6.0,2.45448,24.0,54.0,293.17,0.0,7.0,36.2,21.67,3587.0,1828.45,167.0,0.0
1.0,1.0,1.0,0.0,1.0,1.0,923.0,0.0,6.0,2.54,97.0,3588.0,1829.43,1901.0,0.0
1.0,1.0,1.0,0.0,0.0,4.0,905.0,0.0,9.0,3.62,372.0,3592.0,1830.31,81.0,0.0
1.0,1.0,1.0,0.0,21.0,1.0,841.0,0.0,4.0,1.1,31.0,3594.0,1829.05,1929.0,0.0
2.0,2.0,2.0,1.0,2.0,2.0,941.5,0.0,13.0,5.54,164.0,3596.0,1827.62,138.0,0.0
1.0,2.0,2.0,0.131107,109.0,1.0,50.5,1.0,2.0,48.96,1.0,2209.0,1048.09,1392.0,1.0
2.0,2.0,2.0,0.970951,3.0,2.0,1255.0,0.0,12.0,2.74,289.5,3597.0,1824.1,186.0,0.0
1.0,1.0,1.0,0.0,2.0,0.0,91.0,0.0,2.0,7.04,9.0,3598.0,1825.02,1904.0,0.0
1.0,1.0,1.0,0.0,2.0,8.0,687.0,0.0,3.0,36.58,19.0,2210.0,1046.24,1393.0,0.0
1.0,1.0,1.0,0.0,2.0,2.0,101.0,1.0,2.0,1.86,3.0,2211.0,1047.24,1394.0,0.0
1.0,5.0,6.0,1.68995,41.0,14.0,84.83,0.0,9.0,371.82,19.33,2212.0,1048.19,1395.0,0.0
2.0,2.0,2.0,1.0,2.0,2.0,940.5,0.0,13.0,1.72,165.0,2213.0,1049.08,209.0,0.0
1.0,3.0,5.0,2.12394,182.0,3.0,50.0,1.0,5.0,79.38,5.6,2214.0,1049.83,1396.0,1.0
1.0,1.0,1.0,0.0,1.0,1.0,39.0,0.0,3.0,643.92,3.0,3599.0,1821.94,128.0,0.0
1.0,1.0,1.0,0.0,56.0,0.0,0.0,0.0,0.0,0.0,0.0,3600.0,1822.94,1931.0,0.0
1.0,5.0,10.0,2.97084,31.0,31.0,86.7,0.0,1.0,0.06,0.1,3602.0,1823.15,1906.0,0.0
1.0,4.0,5.0,1.88282,240.0,0.0,67.8,0.0,7.0,1.94,13.6,3604.0,1824.89,136.0,0.0
1.0,1.0,3.0,1.58496,51.0,0.0,11.0,0.0,1.0,149.22,0.33,3605.0,1825.51,137.0,0.0
1.0,1.0,1.0,0.0,1.0,1.0,273.0,0.0,9.0,0.0,130.0,3607.0,1827.36,38.0,0.0
2.0,2.0,2.0,0.191433,24.0,10.0,935.0,1.0,12.0,0.59,151.5,2217.0,1050.22,1499.0,0.0
1.0,1.0,1.0,0.0,6.0,11.0,212.0,0.0,3.0,10.31,20.0,2218.0,1051.22,1399.0,0.0
1.0,1.0,1.0,0.0,10.0,23.0,276.0,1.0,7.0,0.0,50.0,2219.0,1052.21,1400.0,0.0
1.0,1.0,1.0,0.0,7.0,0.0,1608.0,0.0,11.0,0.02,256.0,2221.0,1054.18,102.0,0.0
4.0,15.0,18.0,2.43261,129.0,126.0,261.06,0.0,13.0,0.04,26.06,2223.0,1056.11,2195.0,0.0
1.0,1.0,1.0,0.0,1.0,1.0,1615.0,0.0,11.0,0.02,259.0,2224.0,1057.08,105.0,0.0
1.0,1.0,1.0,0.0,2.0,1.0,109.0,0.0,3.0,23.85,3.0,2225.0,1057.98,188.0,0.0
3.0,18.0,41.0,4.93149,2715.0,0.0,62.44,0.0,13.0,0.05,10.68,3608.0,1826.63,2068.0,1.0
1.0,1.0,2.0,0.650022,0.0,6.0,147.0,0.0,2.0,0.12,1.5,2226.0,1058.92,1404.0,0.0
1.0,1.0,3.0,1.08106,22.0,5.0,123.67,1.0,6.0,0.17,11.0,2227.0,1059.85,1405.0,0.0
3.0,12.0,38.0,4.72984,2764.0,0.0,67.68,0.0,13.0,0.01,11.55,3611.0,1829.42,2073.0,1.0
1.0,2.0,3.0,0.464875,217.0,3.0,37.67,0.0,1.0,0.0,0.33,3612.0,1830.4,1913.0,0.0
2.0,2.0,3.0,0.816689,48.0,0.0,408.67,0.0,7.0,0.63,33.0,3613.0,1831.38,177.0,0.0
1.0,1.0,1.0,0.0,3.0,1.0,207.0,0.0,3.0,0.33,21.0,2228.0,1060.7,1406.0,0.0
1.0,1.0,1.0,0.0,42.0,2.0,55.0,0.0,2.0,0.28,5.0,2229.0,1061.68,139.0,0.0
2.0,4.0,4.0,1.81795,166.0,7.0,714.0,1.0,11.0,5.96,63.0,3614.0,1831.66,3847.0,0.0
1.0,1.0,1.0,0.0,1.0,1.0,1626.0,0.0,11.0,0.27,262.0,3615.0,1832.65,109.0,0.0
1.0,1.0,1.0,0.0,2.0,4.0,209.0,0.0,3.0,0.73,22.0,2230.0,1061.56,1407.0,0.0
6.0,92.0,92.0,6.504,93.0,1.0,121.58,0.0,17.0,10.76,10.17,3618.0,1833.46,2303.0,0.0
1.0,5.0,15.0,2.72628,57.0,50.0,61.47,0.0,1.0,1.44,0.07,3622.0,1836.29,1920.0,0.0
1.0,1.0,1.0,0.0,0.0,8.0,192.0,0.0,6.0,0.41,68.0,3623.0,1837.29,1921.0,0.0
1.0,4.0,51.0,5.14867,1039.0,84.0,64.57,0.0,6.0,116.46,2.75,3626.0,1838.16,1924.0,1.0
1.0,1.0,1.0,0.0,12.0,0.0,117.0,0.0,3.0,13.56,28.0,2232.0,1060.13,140.0,0.0
1.0,1.0,2.0,0.918296,14.0,1.0,667.5,0.0,3.0,0.87,32.5,3627.0,1836.65,1925.0,0.0
2.0,5.0,9.0,2.76596,313.0,2.0,69.33,0.0,10.0,0.54,20.0,2233.0,1061.03,253.0,0.0
1.0,2.0,4.0,0.766663,90.0,0.0,352.5,0.0,3.0,7.54,16.75,3628.0,1837.58,1926.0,0.0
1.0,3.0,6.0,2.51311,25.0,3.0,63.67,0.0,2.0,220.82,1.83,2234.0,1061.95,1409.0,0.0
1.0,4.0,4.0,1.84202,32.0,12.0,319.25,0.0,2.0,58.46,8.5,3629.0,1837.6,1934.0,1.0
2.0,14.0,28.0,4.22164,1531.0,1.0,30.96,0.0,12.0,29.4,7.36,0.0,0.0,0.0,1.0
1.0,2.0,2.0,0.952609,48.0,3.0,267.0,1.0,3.0,66.13,4.5,20.0,15.9,17.0,1.0
1.0,1.0,1.0,0.0,1.0,1.0,1626.0,0.0,11.0,3.61,263.0,2235.0,1061.74,106.0,0.0
2.0,3.0,3.0,1.36096,10.0,0.0,816.0,0.0,12.0,2.31,127.67,2236.0,1062.64,136.0,0.0
1.0,1.0,1.0,0.0,2.0,2.0,273.0,0.0,9.0,0.99,133.0,3630.0,1836.74,42.0,0.0
1.0,1.0,1.0,0.0,1.0,1.0,52.0,0.0,1.0,111.33,4.0,2237.0,1063.19,189.0,0.0
1.0,2.0,2.0,0.485461,27.0,11.0,155.0,1.0,4.0,234.4,6.5,2238.0,1064.16,1410.0,0.0
1.0,1.0,2.0,0.918296,3.0,3.0,38.5,0.0,1.0,90.95,1.0,1306.0,352.22,586.0,0.0
1.0,2.0,3.0,1.48336,7.0,5.0,48.33,0.0,3.0,0.08,3.0,3632.0,1835.17,1928.0,0.0
1.0,1.0,1.0,0.0,9.0,5.0,62.0,0.0,4.0,51.77,18.0,3633.0,1834.16,140.0,0.0
0.0,0.0,0.0,0.0,0.0,0.0,0.0,0.0,0.0,0.0,0.0,3635.0,1835.99,0.0,0.0
1.0,2.0,2.0,0.477071,21.0,18.0,446.5,0.0,9.0,4.1,92.0,2239.0,1062.21,113.0,0.0
1.0,1.0,1.0,0.0,18.0,15.0,614.0,0.0,4.0,6.13,27.0,2240.0,1063.19,114.0,0.0
1.0,6.0,5.0,0.94517,40.0,14.0,141.6,0.0,7.0,20.16,14.6,2241.0,1064.19,142.0,0.0
1.0,1.0,1.0,0.0,7.0,5.0,339.0,1.0,6.0,437.37,33.0,3636.0,1836.64,1929.0,0.0
1.0,1.0,1.0,0.0,76.0,0.0,0.0,0.0,0.0,0.0,0.0,3637.0,1837.25,1930.0,0.0
1.0,1.0,1.0,0.0,1.0,1.0,30.0,0.0,2.0,1.02,6.0,494.0,216.1,308.0,0.0
1.0,1.0,1.0,0.0,2.0,1.0,75.0,0.0,1.0,3.26,1.0,495.0,217.1,309.0,0.0
1.0,1.0,1.0,0.0,11.0,0.0,378.0,0.0,7.0,51.45,56.0,3638.0,1838.01,1931.0,0.0
1.0,1.0,1.0,0.0,7.0,5.0,102.0,0.0,1.0,7.33,1.0,496.0,218.05,70.0,0.0
3.0,3.0,3.0,0.670694,77.0,65.0,790.67,0.0,13.0,3.73,130.33,497.0,218.98,190.0,0.0
1.0,1.0,1.0,0.0,0.0,54.0,637.0,0.0,9.0,0.08,167.0,498.0,219.96,77.0,0.0
2.0,2.0,2.0,0.103844,76.0,71.0,344.0,0.0,10.0,0.07,94.0,499.0,220.95,152.0,0.0
1.0,4.0,4.0,1.67798,9.0,10.0,218.75,1.0,8.0,314.7,23.75,3639.0,1837.06,1932.0,0.0
1.0,1.0,1.0,0.0,2.0,8.0,357.0,1.0,5.0,51.83,30.0,3641.0,1838.99,1934.0,0.0
1.0,1.0,1.0,0.0,13.0,2.0,402.0,0.0,6.0,35.79,34.0,3642.0,1839.96,1935.0,0.0
1.0,1.0,1.0,0.0,2.0,2.0,2203.0,0.0,10.0,2.69,275.0,500.0,221.6,237.0,0.0
1.0,1.0,1.0,0.0,1.0,1.0,51.0,0.0,5.0,137.98,12.0,3644.0,1836.4,1938.0,0.0
1.0,2.0,3.0,1.38095,189.0,39.0,93.33,0.0,3.0,330.8,6.0,3647.0,1836.57,1936.0,1.0
1.0,2.0,2.0,0.413817,10.0,2.0,48.5,0.0,1.0,320.27,2.0,2242.0,1055.78,1411.0,0.0
1.0,3.0,6.0,1.82934,35.0,88.0,55.67,0.0,1.0,0.82,0.17,3648.0,1829.03,130.0,0.0
1.0,1.0,1.0,0.0,1.0,2.0,44.0,0.0,1.0,0.82,1.0,3649.0,1830.02,131.0,0.0
1.0,1.0,1.0,0.0,21.0,24.0,276.0,0.0,7.0,13.26,52.0,2244.0,1056.49,1412.0,0.0
1.0,1.0,1.0,0.0,100.0,40.0,152.0,0.0,3.0,78.12,7.0,2245.0,1057.48,1413.0,0.0
1.0,1.0,1.0,0.0,5.0,1.0,90.0,1.0,6.0,206.11,30.0,3650.0,1830.98,1941.0,0.0
1.0,1.0,1.0,0.0,2.0,1.0,644.0,1.0,6.0,138.72,50.0,3651.0,1831.82,1942.0,0.0
1.0,1.0,1.0,0.0,3.0,0.0,64.0,0.0,1.0,7.89,2.0,3652.0,1832.82,1943.0,0.0
1.0,2.0,2.0,0.684038,26.0,7.0,240.5,0.0,7.0,8.11,37.0,2246.0,1056.59,143.0,0.0
1.0,1.0,1.0,0.0,1.0,1.0,186.0,1.0,3.0,115.47,7.0,38.0,29.36,21.0,0.0
1.0,1.0,1.0,0.0,18.0,1.0,62.0,0.0,2.0,206.58,5.0,3653.0,1827.36,1937.0,0.0
1.0,2.0,2.0,0.297472,49.0,27.0,136.0,1.0,7.0,189.03,28.5,3654.0,1823.44,1944.0,0.0
1.0,4.0,5.0,1.00994,61.0,5.0,652.8,0.0,10.0,25.7,64.2,3655.0,1824.18,1945.0,1.0
1.0,1.0,1.0,0.0,17.0,3.0,216.0,1.0,7.0,0.98,51.0,3656.0,1822.69,1946.0,0.0
1.0,1.0,1.0,0.0,8.0,3.0,65.0,1.0,1.0,69.9,1.0,3657.0,1823.47,1947.0,0.0
1.0,2.0,4.0,1.909,88.0,110.0,228.75,1.0,7.0,78.89,23.0,3658.0,1824.19,1948.0,1.0
1.0,1.0,1.0,0.0,4.0,0.0,66.0,0.0,3.0,334.82,3.0,502.0,220.14,238.0,0.0
1.0,6.0,8.0,2.11044,276.0,73.0,159.0,0.0,14.0,32.53,37.25,2.0,1.92,2.0,1.0
1.0,1.0,1.0,0.0,0.0,4.0,141.0,0.0,13.0,0.04,152.0,3659.0,1823.13,1938.0,0.0
1.0,1.0,1.0,0.0,0.0,11.0,563.0,0.0,9.0,0.05,139.0,3660.0,1824.12,1939.0,0.0
1.0,6.0,14.0,3.3160199999999995,0.0,712.0,50.86,0.0,8.0,410.0,7.14,3661.0,1825.11,1940.0,0.0
1.0,6.0,20.0,3.99088,1150.0,31.0,116.8,1.0,9.0,36.85,10.5,3662.0,1825.41,1949.0,1.0
1.0,1.0,1.0,0.0,52.0,0.0,0.0,0.0,0.0,0.0,0.0,3663.0,1826.07,1950.0,0.0
2.0,9.0,10.0,2.2736400000000003,152.0,42.0,242.1,1.0,8.0,126.37,20.5,3664.0,1826.76,3892.0,0.0
1.0,1.0,1.0,0.0,1.0,1.0,109.0,1.0,3.0,0.99,4.0,2249.0,1050.99,1414.0,0.0
1.0,1.0,1.0,0.0,13.0,23.0,115.0,0.0,5.0,19.02,42.0,3665.0,1826.22,1942.0,0.0
1.0,3.0,8.0,2.654,276.0,9.0,214.63,0.0,5.0,8.8,13.63,3666.0,1826.71,1943.0,1.0
1.0,1.0,1.0,0.0,7.0,0.0,447.0,0.0,3.0,123.22,13.0,3668.0,1828.21,1945.0,0.0
1.0,1.0,1.0,0.0,2.0,2.0,2916.0,0.0,11.0,0.01,254.0,3670.0,1827.69,1954.0,0.0
1.0,4.0,4.0,1.30139,69.0,7.0,210.0,0.0,10.0,86.51,43.75,3671.0,1825.83,1955.0,1.0
2.0,3.0,3.0,1.36096,10.0,0.0,804.67,0.0,12.0,11.98,129.67,3673.0,1825.85,166.0,0.0
1.0,2.0,2.0,0.979412,71.0,18.0,182.5,1.0,2.0,200.12,9.0,3675.0,1827.23,1949.0,0.0
1.0,1.0,1.0,0.0,1.0,0.0,101.0,0.0,1.0,1.59,1.0,3676.0,1826.24,1950.0,0.0
1.0,1.0,1.0,0.0,80.0,0.0,0.0,1.0,0.0,0.0,0.0,3678.0,1828.17,1958.0,0.0
1.0,1.0,1.0,0.0,2.0,2.0,299.0,0.0,2.0,0.0,24.0,3681.0,1830.94,1961.0,0.0
1.0,7.0,25.0,3.66662,259.0,263.0,63.2,1.0,5.0,426.31,2.24,3682.0,1831.76,1953.0,0.0
1.0,2.0,3.0,1.4145,137.0,0.0,0.0,0.0,0.0,0.0,0.0,3683.0,1832.53,142.0,0.0
1.0,2.0,2.0,0.970951,9.0,1.0,44.0,0.0,1.0,0.01,0.5,3685.0,1834.42,1963.0,0.0
1.0,2.0,2.0,0.509516,53.0,0.0,135.0,0.0,4.0,23.94,11.0,3686.0,1835.2,1964.0,0.0
1.0,1.0,3.0,1.26744,18.0,20.0,311.33,0.0,10.0,0.0,23.67,505.0,221.03,313.0,0.0
1.0,1.0,1.0,0.0,1.0,1.0,904.0,0.0,9.0,19.99,375.0,506.0,221.22,96.0,0.0
1.0,1.0,1.0,0.0,42.0,4.0,52.0,0.0,1.0,8.95,1.0,3687.0,1824.88,1965.0,0.0
1.0,1.0,1.0,0.0,1.0,1.0,1648.0,0.0,11.0,4.3,270.0,21.0,16.01,0.0,0.0
5.0,19.0,19.0,3.70984,29.0,277.0,324.21,0.0,15.0,27.04,38.16,507.0,222.04,554.0,0.0
1.0,1.0,1.0,0.0,64.0,0.0,0.0,0.0,0.0,0.0,0.0,3.0,0.88,1.0,0.0
1.0,1.0,1.0,0.0,1.0,2.0,1629.0,0.0,12.0,1.28,272.0,3688.0,1821.02,112.0,0.0
2.0,2.0,2.0,0.684038,10.0,1.0,899.5,0.0,12.0,0.65,157.5,3689.0,1822.0,2067.0,0.0
1.0,1.0,1.0,0.0,11.0,3.0,72.0,1.0,3.0,236.14,7.0,3691.0,1823.87,1967.0,0.0
1.0,1.0,2.0,0.950956,18.0,9.0,717.5,0.0,3.0,10.69,34.5,3696.0,1826.29,1958.0,0.0
1.0,1.0,1.0,0.0,115.0,0.0,0.0,0.0,0.0,0.0,0.0,3697.0,1826.92,1970.0,0.0
1.0,5.0,6.0,1.55416,277.0,1.0,243.17,0.0,9.0,10.36,27.33,71.0,26.64,42.0,1.0
1.0,1.0,1.0,0.0,4.0,0.0,181.0,0.0,3.0,31.41,7.0,72.0,27.64,6.0,0.0
1.0,2.0,2.0,0.8356040000000001,85.0,9.0,408.0,1.0,7.0,6.01,40.0,3698.0,1827.69,1971.0,1.0
1.0,3.0,3.0,0.877274,94.0,2.0,273.33,1.0,8.0,11.71,39.0,3699.0,1828.55,1972.0,1.0
1.0,2.0,2.0,0.8112779999999999,2.0,2.0,29.5,0.0,1.0,31.4,1.0,3702.0,1829.34,1961.0,0.0
1.0,1.0,1.0,0.0,1.0,1.0,137.0,0.0,2.0,95.86,4.0,3703.0,1830.15,144.0,0.0
2.0,2.0,2.0,1.0,2.0,2.0,943.0,0.0,13.0,2.75,179.5,3704.0,1831.11,157.0,0.0
1.0,1.0,1.0,0.0,10.0,5.0,116.0,0.0,7.0,3.4,57.0,3705.0,1832.09,1962.0,0.0
2.0,2.0,2.0,1.0,2.0,2.0,943.0,0.0,13.0,0.01,180.0,3706.0,1833.08,159.0,0.0
1.0,1.0,1.0,0.0,2.0,3.0,42.0,0.0,2.0,139.3,2.0,3707.0,1834.07,1963.0,0.0
2.0,3.0,4.0,1.49642,20.0,8.0,398.75,0.0,9.0,6.07,49.0,508.0,221.94,363.0,0.0
2.0,4.0,9.0,2.2991,526.0,213.0,133.44,1.0,3.0,44.49,3.0,74.0,29.59,52.0,1.0
1.0,2.0,3.0,1.19716,50.0,0.0,82.33,0.0,3.0,0.02,3.33,75.0,30.59,9.0,0.0
1.0,2.0,2.0,0.934068,40.0,0.0,131.5,0.0,3.0,0.0,5.5,76.0,31.59,10.0,0.0
1.0,1.0,4.0,1.43919,37.0,94.0,502.25,0.0,8.0,9.69,34.25,125.0,50.39,103.0,1.0
1.0,2.0,6.0,2.08643,210.0,22.0,73.67,0.0,3.0,165.48,4.17,3.0,2.82,3.0,1.0
1.0,1.0,1.0,0.0,2.0,2.0,144.0,0.0,5.0,33.14,36.0,2251.0,1033.46,1416.0,0.0
1.0,2.0,2.0,0.969606,88.0,0.0,0.0,0.0,0.0,0.0,0.0,3711.0,1835.67,1965.0,0.0
3.0,4.0,5.0,2.18194,6.0,9.0,652.6,0.0,13.0,6.85,83.0,2253.0,1035.16,1643.0,0.0
2.0,2.0,2.0,0.219297,1.0,56.0,917.5,0.0,13.0,10.11,143.0,2254.0,1036.09,1529.0,0.0
2.0,5.0,10.0,2.6625,467.0,253.0,135.0,1.0,3.0,77.69,2.3,77.0,32.55,56.0,1.0
1.0,2.0,2.0,0.764205,13.0,5.0,110.5,0.0,3.0,195.82,9.5,3713.0,1837.14,1966.0,0.0
3.0,4.0,5.0,1.58677,13.0,24.0,648.4,0.0,13.0,8.99,80.6,509.0,222.59,409.0,0.0
1.0,2.0,3.0,1.5720299999999998,0.0,164.0,54.67,0.0,1.0,289.59,1.67,510.0,223.57,239.0,0.0
1.0,1.0,1.0,0.0,1.0,1.0,259.0,0.0,9.0,0.17,142.0,22.0,16.83,2.0,0.0
2.0,5.0,9.0,2.6577,383.0,14.0,162.33,0.0,3.0,21.85,3.44,78.0,33.53,58.0,1.0
1.0,1.0,1.0,0.0,1.0,3.0,100.0,0.0,2.0,33.91,3.0,2255.0,1036.33,1419.0,0.0
1.0,2.0,3.0,1.10543,68.0,40.0,190.33,0.0,4.0,191.36,7.67,3714.0,1836.16,1977.0,0.0
1.0,2.0,2.0,0.249882,35.0,37.0,253.5,0.0,4.0,0.01,12.0,3715.0,1837.14,1978.0,0.0
1.0,2.0,3.0,1.32218,5.0,6.0,502.33,0.0,9.0,0.5,65.0,3716.0,1838.12,45.0,0.0
1.0,1.0,1.0,0.0,37.0,0.0,1333.0,0.0,1.0,152.91,14.0,3717.0,1838.77,1979.0,0.0
1.0,1.0,1.0,0.0,3.0,0.0,200.0,0.0,1.0,61.28,6.0,3720.0,1841.39,1967.0,0.0
1.0,4.0,4.0,0.37459,293.0,334.0,392.0,0.0,9.0,40.54,20.75,511.0,224.26,240.0,0.0
1.0,3.0,3.0,1.40411,10.0,15.0,132.67,1.0,7.0,45.91,17.67,3723.0,1842.28,1968.0,0.0
1.0,1.0,1.0,0.0,0.0,24.0,374.0,0.0,7.0,6.18,74.0,2257.0,1036.49,145.0,0.0
2.0,3.0,3.0,1.58496,3.0,3.0,207.67,0.0,3.0,1.45,2.67,3726.0,1845.18,2117.0,0.0
1.0,1.0,1.0,0.0,2.0,2.0,57.0,0.0,3.0,540.12,5.0,3727.0,1846.17,1971.0,0.0
1.0,1.0,1.0,0.0,6.0,3.0,384.0,0.0,3.0,14.7,25.0,3728.0,1847.01,1984.0,0.0
1.0,1.0,1.0,0.0,1.0,1.0,1623.0,0.0,12.0,1.76,280.0,2258.0,1037.2,112.0,0.0
1.0,1.0,1.0,0.0,5.0,2.0,137.0,0.0,2.0,3.05,5.0,3729.0,1847.53,148.0,0.0
1.0,1.0,1.0,0.0,0.0,1.0,86.0,0.0,1.0,81.05,1.0,3730.0,1848.52,149.0,0.0
2.0,4.0,4.0,1.96598,167.0,0.0,157.5,0.0,6.0,114.03,5.5,3731.0,1849.33,3957.0,0.0
1.0,1.0,1.0,0.0,12.0,0.0,747.0,0.0,9.0,194.59,267.0,512.0,224.46,97.0,0.0
10.0,90.0,90.0,6.43104,98.0,98.0,144.08,0.0,14.0,191.33,8.82,513.0,225.26,1109.0,0.0
10.0,90.0,90.0,6.43104,98.0,98.0,144.08,0.0,14.0,191.33,8.82,514.0,226.26,1119.0,0.0
10.0,90.0,90.0,6.43104,98.0,98.0,144.08,0.0,14.0,0.0,8.83,515.0,227.26,1129.0,0.0
2.0,8.0,12.0,2.49582,443.0,40.0,289.42,0.0,10.0,178.44,27.33,3732.0,1842.12,3959.0,1.0
1.0,1.0,1.0,0.0,63.0,0.0,0.0,0.0,0.0,0.0,0.0,3733.0,1842.91,1987.0,0.0
1.0,2.0,2.0,0.727903,133.0,0.0,0.0,0.0,0.0,0.0,0.0,3734.0,1843.79,150.0,0.0
1.0,2.0,2.0,0.8997440000000001,19.0,0.0,110.0,0.0,5.0,203.48,29.5,3735.0,1842.87,1974.0,0.0
1.0,1.0,1.0,0.0,5.0,5.0,258.0,0.0,9.0,5.21,144.0,3737.0,1844.35,46.0,0.0
3.0,3.0,4.0,1.81985,17.0,12.0,744.75,0.0,12.0,13.16,90.0,3738.0,1845.33,2139.0,0.0
3.0,3.0,4.0,1.38438,8.0,17.0,748.5,0.0,12.0,9.54,94.75,3739.0,1846.32,2142.0,0.0
3.0,3.0,4.0,1.0156,16.0,15.0,742.0,0.0,12.0,12.45,90.75,3741.0,1848.26,2148.0,0.0
3.0,3.0,4.0,1.9072,10.0,8.0,733.5,0.0,12.0,12.47,90.5,3742.0,1849.19,2151.0,0.0
1.0,1.0,1.0,0.0,1.0,0.0,258.0,0.0,9.0,0.06,145.0,3743.0,1850.17,52.0,0.0
1.0,2.0,2.0,0.742488,10.0,28.0,138.5,0.0,6.0,6.3,10.0,3744.0,1851.13,1981.0,0.0
4.0,4.0,5.0,1.95953,21.0,10.0,605.0,0.0,13.0,88.48,75.4,3745.0,1852.08,2307.0,0.0
0.0,0.0,0.0,0.0,0.0,0.0,0.0,0.0,0.0,0.0,0.0,3746.0,1853.02,0.0,0.0
1.0,2.0,2.0,0.8997440000000001,16.0,3.0,1279.5,1.0,10.0,34.64,144.5,516.0,227.56,244.0,0.0
1.0,2.0,2.0,0.942683,12.0,13.0,1286.0,1.0,10.0,0.01,145.0,517.0,228.55,245.0,0.0
1.0,1.0,1.0,0.0,10.0,0.0,60.0,0.0,1.0,88.86,1.0,2259.0,1031.32,146.0,0.0
1.0,1.0,1.0,0.0,1.0,2.0,180.0,0.0,6.0,9.8,71.0,2260.0,1032.3,1421.0,0.0
1.0,1.0,1.0,0.0,2.0,0.0,179.0,0.0,6.0,0.01,72.0,2261.0,1033.29,1422.0,0.0
1.0,4.0,4.0,1.83393,7.0,6.0,670.75,1.0,10.0,132.46,74.75,3748.0,1853.25,1990.0,0.0
1.0,3.0,3.0,0.8785299999999999,61.0,8.0,790.33,1.0,10.0,3.05,98.33,3749.0,1853.91,1991.0,0.0
1.0,1.0,1.0,0.0,55.0,0.0,0.0,0.0,0.0,0.0,0.0,3750.0,1854.9,1983.0,0.0
2.0,2.0,2.0,0.918296,3.0,3.0,945.0,0.0,13.0,0.79,188.5,3751.0,1855.87,176.0,0.0
1.0,1.0,1.0,0.0,1.0,1.0,50.0,0.0,1.0,390.07,2.0,3753.0,1857.46,1984.0,0.0
1.0,2.0,4.0,1.46633,137.0,36.0,579.75,0.0,10.0,269.39,71.5,3754.0,1858.16,1992.0,1.0
1.0,2.0,2.0,0.773227,18.0,4.0,819.0,1.0,8.0,42.14,48.0,3755.0,1858.97,1993.0,0.0
1.0,1.0,2.0,1.0,6.0,4.0,259.5,0.0,2.0,6.94,3.5,3756.0,1858.24,1985.0,0.0
2.0,2.0,5.0,1.35001,94.0,2.0,259.2,0.0,7.0,40.12,22.8,3758.0,1859.94,209.0,0.0
1.0,2.0,3.0,0.461797,113.0,0.0,147.67,0.0,6.0,0.87,25.67,2264.0,1034.28,1425.0,0.0
1.0,1.0,1.0,0.0,1.0,1.0,82.0,0.0,1.0,1.37,1.0,2265.0,1035.28,148.0,0.0
1.0,1.0,3.0,1.03333,91.0,2.0,21.0,0.0,2.0,123.79,1.0,3759.0,1860.12,1986.0,0.0
1.0,2.0,2.0,0.491237,52.0,4.0,75.0,0.0,6.0,81.6,12.0,4.0,3.73,2.0,0.0
1.0,2.0,3.0,1.37954,143.0,23.0,277.33,0.0,10.0,22.72,21.67,518.0,228.82,320.0,0.0
1.0,2.0,2.0,0.998364,10.0,11.0,431.5,0.0,10.0,0.01,33.0,519.0,229.82,321.0,0.0
1.0,2.0,2.0,0.8631209999999999,12.0,2.0,276.5,0.0,6.0,65.54,31.0,3761.0,1860.1,1996.0,0.0
1.0,1.0,1.0,0.0,8.0,0.0,147.0,0.0,2.0,169.24,3.0,79.0,34.07,13.0,0.0
1.0,1.0,1.0,0.0,6.0,0.0,791.0,0.0,4.0,58.34,13.0,3763.0,1861.28,1988.0,0.0
1.0,3.0,3.0,0.902384,7.0,55.0,92.0,0.0,7.0,0.74,9.33,3764.0,1862.07,1998.0,0.0
2.0,12.0,23.0,3.9073,819.0,89.0,140.17,0.0,7.0,79.55,10.17,3765.0,1861.19,3988.0,1.0
2.0,3.0,4.0,1.50997,11.0,10.0,408.0,0.0,6.0,0.01,27.5,3766.0,1862.17,3990.0,0.0
1.0,2.0,2.0,0.975119,13.0,14.0,385.5,0.0,6.0,0.04,35.5,3767.0,1863.05,2001.0,1.0
2.0,4.0,6.0,1.87019,192.0,8.0,130.33,0.0,5.0,237.28,8.5,3768.0,1863.57,3993.0,0.0
2.0,3.0,3.0,1.31568,40.0,33.0,235.0,1.0,6.0,94.97,15.33,3773.0,1866.36,3999.0,0.0
1.0,1.0,1.0,0.0,1.0,1.0,1631.0,0.0,12.0,4.74,288.0,2266.0,1031.13,113.0,0.0
1.0,1.0,1.0,0.0,1.0,1.0,233.0,0.0,5.0,209.81,24.0,2267.0,1032.0,1426.0,0.0
1.0,4.0,5.0,1.64593,59.0,9.0,133.6,0.0,7.0,105.32,9.4,2268.0,1033.0,1427.0,1.0
1.0,1.0,1.0,0.0,1.0,1.0,1631.0,0.0,12.0,0.17,289.0,3775.0,1865.77,123.0,0.0
1.0,1.0,1.0,0.0,39.0,0.0,0.0,0.0,0.0,0.0,0.0,2271.0,1035.87,1430.0,0.0
2.0,4.0,6.0,1.89049,172.0,61.0,141.17,0.0,3.0,15.87,3.83,80.0,34.92,61.0,1.0
1.0,1.0,1.0,0.0,68.0,68.0,230.0,0.0,3.0,433.22,3.0,3778.0,1867.88,1997.0,0.0
2.0,4.0,16.0,3.83346,916.0,26.0,106.69,0.0,4.0,25.1,7.63,3779.0,1868.87,4006.0,1.0
1.0,1.0,1.0,0.0,1.0,0.0,65.0,0.0,2.0,698.65,2.0,520.0,229.65,101.0,0.0
1.0,11.0,29.0,4.48501,2696.0,0.0,4.76,0.0,13.0,0.8,5.31,39.0,28.44,22.0,1.0
1.0,1.0,1.0,0.0,0.0,1.0,154.0,0.0,1.0,0.33,1.0,2272.0,1035.35,1431.0,0.0
1.0,2.0,2.0,0.992159,192.0,0.0,0.0,0.0,0.0,0.0,0.0,3782.0,1869.58,154.0,0.0
1.0,1.0,1.0,0.0,83.0,0.0,0.0,0.0,0.0,0.0,0.0,3783.0,1870.54,2011.0,0.0
1.0,1.0,1.0,0.0,3.0,3.0,551.0,0.0,8.0,61.23,170.0,3784.0,1871.14,1999.0,0.0
1.0,2.0,2.0,0.515947,23.0,3.0,81.5,0.0,5.0,28.69,12.0,3785.0,1872.08,2000.0,0.0
2.0,2.0,2.0,1.0,2.0,2.0,945.0,0.0,13.0,3.73,190.5,3786.0,1873.04,181.0,0.0
1.0,1.0,1.0,0.0,0.0,3.0,1330.0,0.0,9.0,13.27,120.0,3787.0,1871.8,2012.0,0.0
1.0,3.0,8.0,2.7282,417.0,0.0,17.38,0.0,13.0,0.21,19.38,81.0,35.79,48.0,1.0
1.0,2.0,2.0,1.0,8.0,4.0,77.5,0.0,1.0,0.03,1.0,83.0,37.79,50.0,0.0
2.0,3.0,3.0,1.36096,30.0,0.0,802.33,0.0,13.0,17.51,137.33,3788.0,1869.24,181.0,0.0
1.0,4.0,9.0,2.40089,765.0,122.0,250.22,1.0,4.0,55.23,4.89,3789.0,1869.98,2001.0,1.0
1.0,2.0,3.0,1.26393,13.0,4.0,289.0,0.0,7.0,41.24,16.67,2273.0,1031.91,1432.0,0.0
2.0,7.0,10.0,2.76468,47.0,12.0,310.5,0.0,9.0,149.4,28.0,3791.0,1869.89,4016.0,0.0
1.0,2.0,7.0,2.44429,289.0,34.0,324.0,0.0,10.0,50.07,22.43,3792.0,1868.14,2004.0,1.0
1.0,2.0,2.0,0.999337,29.0,4.0,146.0,1.0,3.0,74.53,7.5,2275.0,1029.58,1434.0,0.0
1.0,1.0,1.0,0.0,1.0,1.0,374.0,0.0,2.0,0.01,16.0,3796.0,1866.28,2008.0,0.0
1.0,2.0,6.0,1.75253,104.0,71.0,126.67,0.0,2.0,167.32,3.0,3797.0,1866.85,2009.0,1.0
1.0,2.0,6.0,1.74445,103.0,69.0,127.33,0.0,7.0,168.0,12.83,3798.0,1867.83,2010.0,1.0
1.0,3.0,6.0,2.27178,16.0,16.0,117.83,0.0,4.0,262.46,6.0,44.0,24.8,25.0,0.0
1.0,2.0,3.0,1.58496,3.0,3.0,505.0,0.0,9.0,10.29,69.33,2276.0,1029.08,117.0,0.0
1.0,4.0,10.0,2.73864,86.0,205.0,138.3,0.0,1.0,7.55,0.1,3799.0,1866.03,2011.0,0.0
1.0,4.0,4.0,1.97673,0.0,268.0,67.0,0.0,2.0,262.94,1.75,3800.0,1864.64,2012.0,0.0
1.0,8.0,20.0,3.75983,779.0,231.0,143.65,0.0,10.0,96.68,6.4,3801.0,1864.8,2013.0,1.0
1.0,1.0,1.0,0.0,18.0,4.0,75.0,0.0,5.0,239.21,15.0,3803.0,1864.43,2014.0,0.0
1.0,2.0,2.0,0.127419,57.0,0.0,20.5,0.0,3.0,72.5,5.5,3805.0,1863.94,2016.0,0.0
1.0,4.0,5.0,1.97058,207.0,0.0,24.2,0.0,2.0,55.54,1.6,3806.0,1864.85,2017.0,0.0
1.0,2.0,6.0,2.26636,82.0,7.0,145.5,0.0,3.0,179.3,1.83,24.0,17.95,19.0,0.0
1.0,1.0,2.0,0.999295,34.0,30.0,233.0,0.0,5.0,158.36,23.0,25.0,18.94,20.0,0.0
0.0,0.0,0.0,0.0,0.0,0.0,0.0,0.0,0.0,0.0,0.0,3809.0,1859.47,0.0,0.0
1.0,1.0,1.0,0.0,1.0,1.0,296.0,0.0,7.0,0.01,30.0,3810.0,1860.45,2016.0,0.0
1.0,1.0,1.0,0.0,51.0,49.0,117.0,1.0,7.0,14.36,17.0,3811.0,1860.92,2019.0,0.0
1.0,1.0,1.0,0.0,3.0,1.0,78.0,0.0,2.0,305.11,2.0,521.0,226.06,322.0,0.0
1.0,1.0,2.0,0.848548,23.0,17.0,195.0,0.0,5.0,412.37,21.5,26.0,19.86,21.0,0.0
1.0,3.0,3.0,0.6821020000000001,78.0,4.0,56.67,1.0,4.0,63.37,2.67,27.0,20.85,22.0,0.0
1.0,1.0,1.0,0.0,1.0,1.0,1651.0,0.0,12.0,1.25,293.0,2277.0,1019.92,114.0,0.0
1.0,2.0,3.0,1.45546,77.0,5.0,78.67,1.0,3.0,127.77,2.67,3812.0,1859.01,2020.0,0.0
1.0,2.0,2.0,1.0,22.0,0.0,1119.5,0.0,3.0,25.86,11.0,3813.0,1859.66,2017.0,0.0
1.0,1.0,1.0,0.0,1.0,1.0,1651.0,0.0,12.0,0.19,294.0,3814.0,1860.65,127.0,0.0
1.0,1.0,1.0,0.0,1.0,0.0,631.0,0.0,7.0,7.4,114.0,522.0,226.72,53.0,0.0
1.0,4.0,4.0,1.62747,120.0,11.0,50.0,1.0,3.0,169.35,2.5,28.0,21.81,23.0,0.0
1.0,1.0,1.0,0.0,3.0,3.0,2276.0,1.0,10.0,20.65,286.0,3815.0,1860.09,2018.0,0.0
4.0,12.0,22.0,3.88014,1435.0,1.0,158.86,0.0,16.0,1.97,24.95,30.0,23.79,29.0,1.0
0.0,0.0,0.0,0.0,0.0,0.0,0.0,0.0,0.0,0.0,0.0,31.0,24.79,0.0,0.0
1.0,3.0,5.0,1.35299,200.0,23.0,124.0,0.0,7.0,569.56,8.6,3816.0,1860.95,2019.0,0.0
1.0,1.0,1.0,0.0,106.0,0.0,0.0,0.0,0.0,0.0,0.0,2280.0,1021.79,1437.0,0.0
1.0,2.0,3.0,1.16724,155.0,0.0,116.67,0.0,7.0,8.75,25.0,2281.0,1022.47,150.0,0.0
1.0,2.0,2.0,0.918296,50.0,4.0,317.0,0.0,2.0,71.04,5.5,3819.0,1863.04,2020.0,0.0
1.0,1.0,1.0,0.0,3.0,1.0,396.0,0.0,9.0,0.0,91.0,3821.0,1864.79,2022.0,0.0
1.0,1.0,1.0,0.0,16.0,0.0,57.0,0.0,1.0,0.02,1.0,33.0,26.75,1.0,0.0
1.0,1.0,1.0,0.0,1.0,1.0,281.0,0.0,5.0,18.3,19.0,2282.0,1022.77,1438.0,0.0
1.0,2.0,2.0,0.522559,8.0,9.0,170.0,0.0,5.0,0.97,6.5,3822.0,1864.19,2023.0,0.0
1.0,1.0,2.0,0.954434,5.0,3.0,41.0,0.0,1.0,1.8,0.5,2283.0,1023.34,151.0,0.0
1.0,1.0,2.0,0.292322,214.0,0.0,0.0,0.0,0.0,0.0,0.0,3825.0,1866.92,2024.0,0.0
1.0,1.0,2.0,1.0,12.0,0.0,265.5,0.0,8.0,258.93,20.5,3826.0,1867.52,2024.0,0.0
1.0,2.0,2.0,0.787127,40.0,28.0,217.0,0.0,1.0,0.16,0.5,3827.0,1868.48,2025.0,0.0
1.0,1.0,1.0,0.0,4.0,0.0,608.0,0.0,9.0,1.0,172.0,2286.0,1024.86,30.0,0.0
1.0,3.0,8.0,2.61446,228.0,8.0,77.0,0.0,7.0,262.24,5.75,3829.0,1867.97,2026.0,0.0
1.0,1.0,1.0,0.0,3.0,7.0,823.0,1.0,7.0,31.99,81.0,3830.0,1868.52,2026.0,0.0
1.0,1.0,2.0,0.721928,19.0,6.0,507.0,1.0,8.0,0.54,50.5,3832.0,1870.34,2027.0,1.0
1.0,1.0,1.0,0.0,6.0,2.0,144.0,0.0,6.0,256.44,23.0,41.0,29.4,13.0,0.0
1.0,1.0,1.0,0.0,1.0,1.0,148.0,0.0,7.0,0.0,24.0,42.0,30.4,14.0,0.0
1.0,1.0,1.0,0.0,19.0,0.0,78.0,0.0,2.0,21.01,5.0,43.0,31.4,15.0,0.0
2.0,7.0,7.0,2.8010900000000003,50.0,1.0,291.57,0.0,13.0,53.73,46.29,418.0,160.02,65.0,0.0
1.0,1.0,1.0,0.0,2.0,2.0,85.0,0.0,1.0,1.19,2.0,419.0,161.02,130.0,0.0
1.0,1.0,1.0,0.0,2.0,2.0,363.0,0.0,6.0,22.29,75.0,420.0,162.01,213.0,0.0
1.0,1.0,2.0,0.6892020000000001,38.0,0.0,57.0,0.0,6.0,89.09,8.5,3835.0,1871.31,2028.0,0.0
1.0,3.0,3.0,0.541913,220.0,76.0,324.0,1.0,7.0,0.24,28.67,3837.0,1872.27,2031.0,1.0
1.0,1.0,1.0,0.0,2.0,2.0,995.0,1.0,7.0,0.0,86.0,3838.0,1873.26,2032.0,0.0
1.0,5.0,6.0,2.2072,111.0,9.0,312.83,0.0,10.0,67.97,43.67,34.0,27.57,3.0,0.0
1.0,1.0,1.0,0.0,0.0,1.0,63.0,0.0,1.0,0.02,1.0,3842.0,1875.14,2036.0,0.0
1.0,2.0,2.0,0.650022,3.0,3.0,151.5,0.0,5.0,17.03,12.0,2287.0,1022.0,551.0,0.0
2.0,4.0,5.0,2.14352,147.0,18.0,674.8,0.0,11.0,106.1,52.4,2288.0,1022.85,1993.0,1.0
1.0,1.0,1.0,0.0,0.0,30.0,30.0,0.0,1.0,411.91,1.0,2289.0,1023.84,1442.0,0.0
1.0,1.0,1.0,0.0,1.0,1.0,48.0,0.0,2.0,0.15,4.0,2290.0,1024.63,1443.0,0.0
1.0,4.0,4.0,1.8485,31.0,19.0,464.25,1.0,8.0,29.03,40.5,3845.0,1875.45,2038.0,1.0
1.0,1.0,1.0,0.0,5.0,2.0,1013.0,1.0,7.0,0.01,91.0,3846.0,1876.41,2039.0,0.0
1.0,2.0,2.0,0.994749,129.0,0.0,0.0,0.0,0.0,0.0,0.0,3847.0,1877.31,156.0,0.0
1.0,2.0,8.0,2.91486,0.0,31.0,81.75,0.0,3.0,203.64,2.13,3848.0,1878.26,157.0,0.0
1.0,1.0,2.0,0.235193,35.0,17.0,220.0,0.0,7.0,23.47,46.0,3850.0,1879.95,2040.0,0.0
4.0,12.0,23.0,3.61604,1545.0,0.0,158.96,0.0,16.0,14.23,24.09,3851.0,1880.88,2277.0,1.0
1.0,1.0,1.0,0.0,12.0,0.0,84.0,0.0,1.0,0.06,1.0,3853.0,1882.7,2032.0,0.0
1.0,1.0,1.0,0.0,4.0,0.0,612.0,0.0,9.0,3.29,173.0,523.0,225.84,82.0,0.0
1.0,1.0,1.0,0.0,1.0,1.0,904.0,0.0,9.0,38.54,376.0,2291.0,1024.61,75.0,0.0
1.0,1.0,1.0,0.0,4.0,3.0,101.0,0.0,2.0,425.19,4.0,2292.0,1025.44,1444.0,0.0
1.0,2.0,2.0,0.448864,17.0,15.0,208.5,0.0,8.0,260.16,35.5,2293.0,1026.29,28.0,0.0
1.0,1.0,1.0,0.0,92.0,0.0,0.0,0.0,0.0,0.0,0.0,3856.0,1882.73,2042.0,0.0
1.0,3.0,3.0,1.22439,7.0,2.0,193.67,0.0,8.0,2.2,22.33,3857.0,1883.66,2043.0,0.0
2.0,2.0,2.0,0.297472,4.0,15.0,201.5,1.0,5.0,84.91,8.0,524.0,226.5,401.0,0.0
1.0,2.0,2.0,0.802353,43.0,2.0,42.5,0.0,3.0,587.74,3.5,525.0,227.34,324.0,0.0
1.0,1.0,1.0,0.0,1.0,1.0,43.0,0.0,1.0,194.86,1.0,526.0,228.34,325.0,0.0
1.0,1.0,1.0,0.0,16.0,15.0,126.0,0.0,2.0,186.52,7.0,3858.0,1882.96,2034.0,0.0
1.0,2.0,2.0,0.8631209999999999,6.0,1.0,94.0,0.0,3.0,97.11,12.0,3859.0,1883.63,159.0,0.0
2.0,3.0,4.0,1.65772,68.0,7.0,812.0,0.0,13.0,1.67,108.5,2295.0,1026.65,234.0,0.0
1.0,1.0,1.0,0.0,1.0,1.0,268.0,0.0,9.0,0.01,153.0,2297.0,1028.63,119.0,0.0
1.0,1.0,1.0,0.0,1.0,1.0,570.0,0.0,5.0,757.78,23.0,2298.0,1029.56,29.0,0.0
1.0,1.0,1.0,0.0,2.0,0.0,307.0,0.0,2.0,23.13,2.0,3861.0,1885.36,161.0,0.0
1.0,4.0,5.0,1.14408,240.0,146.0,43.2,0.0,4.0,132.33,3.8,3862.0,1886.21,162.0,0.0
1.0,1.0,5.0,2.25776,9.0,4.0,41.8,0.0,3.0,79.79,1.2,3863.0,1887.14,163.0,0.0
1.0,1.0,1.0,0.0,4.0,4.0,30.0,0.0,1.0,7.93,1.0,3865.0,1887.33,2036.0,0.0
1.0,1.0,1.0,0.0,1.0,1.0,85.0,0.0,2.0,0.01,2.0,3866.0,1888.32,2037.0,0.0
1.0,1.0,1.0,0.0,57.0,0.0,0.0,0.0,0.0,0.0,0.0,3867.0,1889.26,2044.0,0.0
1.0,1.0,3.0,1.16634,48.0,14.0,154.0,1.0,2.0,460.4,0.67,3868.0,1890.02,2038.0,0.0
1.0,5.0,79.0,6.24575,167.0,167.0,108.27,0.0,6.0,374.54,2.54,3869.0,1890.9,2039.0,0.0
1.0,1.0,6.0,2.58496,6.0,6.0,55.83,0.0,1.0,21.74,0.17,2300.0,1030.27,1447.0,0.0
1.0,2.0,2.0,0.985228,4.0,3.0,136.5,0.0,4.0,11.22,6.0,2301.0,1031.27,1448.0,0.0
2.0,13.0,23.0,3.31252,185.0,48.0,145.87,0.0,8.0,159.57,8.22,3870.0,1891.58,4085.0,1.0
1.0,1.0,1.0,0.0,1.0,1.0,209.0,0.0,3.0,0.0,4.0,2303.0,1033.03,1450.0,0.0
1.0,2.0,60.0,5.82061,181.0,939.0,97.75,0.0,4.0,143.9,1.58,3871.0,1892.23,2046.0,0.0
1.0,1.0,2.0,0.8112779999999999,10.0,6.0,75.5,0.0,4.0,189.48,7.5,3872.0,1893.2,2047.0,0.0
2.0,3.0,4.0,0.974616,149.0,15.0,64.0,1.0,6.0,407.07,3.25,3873.0,1893.98,4089.0,0.0
1.0,1.0,2.0,1.0,8.0,0.0,680.0,0.0,8.0,1.63,60.5,5.0,2.66,0.0,0.0
1.0,2.0,2.0,0.242292,125.0,0.0,177.5,0.0,7.0,4.27,38.0,2305.0,1034.3,153.0,0.0
1.0,2.0,2.0,0.576291,73.0,0.0,180.0,0.0,7.0,0.0,38.5,6.0,3.66,0.0,0.0
1.0,2.0,3.0,0.983845,89.0,12.0,921.67,0.0,10.0,0.08,100.0,2306.0,1035.14,554.0,0.0
1.0,2.0,4.0,1.90821,183.0,0.0,0.0,0.0,0.0,0.0,0.0,3874.0,1893.39,2049.0,0.0
1.0,1.0,1.0,0.0,16.0,0.0,63.0,0.0,1.0,0.27,1.0,2307.0,1035.91,154.0,0.0
1.0,3.0,3.0,0.978016,15.0,2.0,1139.0,0.0,10.0,0.26,109.67,2308.0,1036.88,555.0,0.0
1.0,2.0,2.0,0.629249,37.0,1.0,460.0,1.0,2.0,10.93,28.0,3877.0,1895.85,2051.0,0.0
2.0,4.0,5.0,1.38256,206.0,171.0,409.0,1.0,9.0,63.3,32.6,3878.0,1896.24,4096.0,1.0
1.0,1.0,1.0,0.0,1.0,1.0,268.0,0.0,9.0,2.32,154.0,421.0,161.73,14.0,0.0
1.0,1.0,1.0,0.0,3.0,3.0,268.0,0.0,9.0,0.67,155.0,3879.0,1894.86,60.0,0.0
1.0,1.0,1.0,0.0,5.0,13.0,200.0,1.0,7.0,0.04,23.0,3881.0,1896.34,2054.0,0.0
3.0,11.0,21.0,3.81086,359.0,837.0,397.19,0.0,13.0,1.02,25.9,36.0,29.08,32.0,1.0
1.0,6.0,8.0,2.35896,262.0,102.0,519.13,0.0,10.0,6.12,43.75,3883.0,1896.28,2056.0,1.0
1.0,5.0,89.0,6.38959,94.0,94.0,107.2,0.0,6.0,44.35,2.3,3884.0,1897.13,2045.0,0.0
1.0,2.0,3.0,0.572472,101.0,4.0,47.67,0.0,1.0,25.29,2.0,3886.0,1898.66,2057.0,0.0
1.0,1.0,2.0,1.0,4.0,2.0,684.0,0.0,9.0,2.5,61.0,3887.0,1899.58,61.0,0.0
1.0,1.0,1.0,0.0,3.0,1.0,71.0,0.0,1.0,0.2,3.0,3888.0,1900.54,2047.0,0.0
2.0,2.0,2.0,0.583675,26.0,346.0,314.5,0.0,3.0,2.17,2.0,3889.0,1901.53,248.0,0.0
1.0,1.0,1.0,0.0,1.0,1.0,100.0,0.0,3.0,579.9,5.0,3890.0,1900.59,2048.0,0.0
1.0,5.0,3.0,0.6143689999999999,11.0,25.0,48.0,0.0,3.0,336.65,2.67,3891.0,1901.41,2049.0,0.0
1.0,1.0,1.0,0.0,9.0,1.0,779.0,0.0,5.0,96.59,41.0,3892.0,1902.41,2058.0,0.0
1.0,1.0,1.0,0.0,0.0,1.0,268.0,0.0,9.0,2.03,156.0,2310.0,1034.37,120.0,0.0
1.0,1.0,2.0,0.784194,53.0,358.0,384.5,0.0,5.0,97.48,23.0,3893.0,1902.81,2050.0,0.0
1.0,9.0,42.0,3.74325,101.0,309.0,55.71,0.0,7.0,128.18,1.79,3894.0,1903.71,2051.0,0.0
1.0,1.0,1.0,0.0,3.0,2.0,67.0,0.0,3.0,0.25,9.0,3895.0,1904.69,2052.0,0.0
1.0,1.0,1.0,0.0,1.0,2.0,79.0,0.0,2.0,3.31,2.0,3897.0,1906.43,165.0,0.0
1.0,1.0,1.0,0.0,6.0,0.0,1681.0,0.0,12.0,5.24,302.0,422.0,162.19,16.0,0.0
1.0,1.0,1.0,0.0,1.0,1.0,904.0,0.0,9.0,7.01,377.0,527.0,227.44,102.0,0.0
1.0,1.0,1.0,0.0,2.0,2.0,1687.0,0.0,12.0,0.6,303.0,2311.0,1034.22,117.0,0.0
1.0,3.0,5.0,1.94093,34.0,33.0,202.4,0.0,8.0,69.41,14.4,3900.0,1907.43,2056.0,1.0
1.0,1.0,4.0,2.0,16.0,16.0,88.75,0.0,4.0,370.4,2.5,3902.0,1909.2,2058.0,0.0
2.0,5.0,7.0,2.15542,75.0,15.0,211.29,0.0,6.0,214.04,6.86,3903.0,1910.19,4118.0,0.0
1.0,1.0,1.0,0.0,25.0,0.0,904.0,0.0,9.0,0.41,378.0,2312.0,1034.91,76.0,0.0
1.0,1.0,1.0,0.0,4.0,2.0,363.0,0.0,7.0,10.65,76.0,2313.0,1035.9,1451.0,0.0
1.0,1.0,5.0,2.27785,23.0,0.0,81.6,0.0,2.0,501.38,3.4,3907.0,1913.55,2062.0,0.0
1.0,1.0,21.0,3.97755,45.0,54.0,57.76,0.0,1.0,296.82,0.33,3908.0,1914.5,2063.0,0.0
2.0,6.0,6.0,2.54676,32.0,19.0,303.17,0.0,8.0,237.77,13.83,528.0,228.13,572.0,0.0
1.0,1.0,1.0,0.0,14.0,10.0,85.0,0.0,2.0,90.02,5.0,3909.0,1913.54,2064.0,0.0
2.0,2.0,2.0,0.702467,30.0,12.0,236.0,1.0,6.0,191.72,29.5,3911.0,1915.17,4128.0,0.0
2.0,3.0,3.0,1.5656,23.0,22.0,167.67,1.0,7.0,61.82,23.33,3912.0,1916.08,2197.0,0.0
1.0,2.0,2.0,0.769193,16.0,24.0,231.0,0.0,6.0,150.92,21.0,2.0,1.74,2.0,0.0
1.0,1.0,1.0,0.0,1.0,0.0,58.0,0.0,2.0,213.79,3.0,2314.0,1034.6,191.0,0.0
1.0,1.0,1.0,0.0,2.0,2.0,59.0,0.0,2.0,0.03,4.0,2315.0,1035.55,192.0,0.0
1.0,2.0,11.0,3.34695,55.0,19.0,101.09,0.0,2.0,455.78,2.73,3914.0,1915.76,2068.0,0.0
1.0,4.0,4.0,1.6575400000000002,42.0,1.0,688.25,0.0,9.0,189.81,31.0,3915.0,1916.12,2064.0,0.0
1.0,2.0,3.0,1.04587,130.0,47.0,157.0,0.0,7.0,0.83,21.33,3916.0,1916.92,2069.0,1.0
1.0,2.0,4.0,1.8662,6.0,28.0,662.75,0.0,8.0,0.05,39.0,3918.0,1918.56,2071.0,0.0
1.0,1.0,1.0,0.0,215.0,0.0,0.0,0.0,0.0,0.0,0.0,44.0,31.55,23.0,0.0
1.0,1.0,1.0,0.0,32.0,0.0,0.0,0.0,0.0,0.0,0.0,45.0,32.55,24.0,0.0
1.0,4.0,4.0,2.0,4.0,4.0,253.5,0.0,5.0,0.08,2.25,49.0,36.54,28.0,0.0
1.0,5.0,5.0,2.32193,5.0,0.0,103.2,0.0,7.0,191.38,4.2,529.0,228.44,79.0,0.0
2.0,11.0,11.0,3.3815800000000005,12.0,5.0,232.18,0.0,13.0,6.36,31.0,530.0,229.44,128.0,0.0
1.0,1.0,1.0,0.0,3.0,4.0,56.0,1.0,1.0,151.57,1.0,531.0,230.44,81.0,0.0
1.0,1.0,1.0,0.0,1.0,1.0,263.0,0.0,3.0,87.45,13.0,2316.0,1035.02,193.0,0.0
1.0,1.0,1.0,0.0,6.0,15.0,69.0,0.0,1.0,121.04,1.0,3920.0,1918.66,2073.0,0.0
1.0,2.0,2.0,0.932554,89.0,0.0,46.5,0.0,1.0,97.86,1.0,3921.0,1919.55,2065.0,0.0
1.0,1.0,1.0,0.0,3.0,2.0,929.0,0.0,9.0,2.87,379.0,2317.0,1035.77,77.0,0.0
1.0,1.0,1.0,0.0,4.0,2.0,128.0,0.0,2.0,190.0,10.0,3922.0,1920.5,2074.0,0.0
0.0,0.0,0.0,0.0,0.0,0.0,0.0,0.0,0.0,0.0,0.0,3923.0,1921.49,0.0,0.0
1.0,1.0,1.0,0.0,0.0,2.0,65.0,0.0,2.0,0.59,3.0,3925.0,1923.42,2076.0,0.0
1.0,1.0,1.0,0.0,1.0,3.0,289.0,1.0,7.0,1.87,36.0,3.0,2.72,3.0,0.0
1.0,1.0,1.0,0.0,2.0,0.0,574.0,0.0,2.0,53.32,4.0,3928.0,1925.94,2078.0,0.0
1.0,1.0,1.0,0.0,2.0,2.0,1689.0,0.0,12.0,0.45,305.0,3929.0,1926.73,131.0,0.0
1.0,1.0,1.0,0.0,22.0,6.0,878.0,0.0,5.0,1.19,35.0,532.0,231.28,247.0,0.0
1.0,1.0,1.0,0.0,1.0,1.0,89.0,0.0,2.0,2.53,6.0,3931.0,1928.08,2079.0,0.0
1.0,1.0,2.0,0.749595,8.0,6.0,57.0,0.0,3.0,166.08,2.0,3932.0,1929.06,2080.0,0.0
1.0,1.0,1.0,0.0,1.0,1.0,83.0,0.0,3.0,92.7,10.0,2318.0,1035.85,1452.0,0.0
1.0,5.0,13.0,3.36231,65.0,36.0,65.15,0.0,8.0,379.41,8.0,3933.0,1928.73,2081.0,0.0
1.0,1.0,2.0,1.0,2.0,2.0,41.0,0.0,3.0,168.01,5.0,3934.0,1929.4,2082.0,0.0
2.0,2.0,2.0,0.8112779999999999,4.0,4.0,140.5,0.0,5.0,131.29,6.0,533.0,231.28,95.0,0.0
0.0,0.0,0.0,0.0,0.0,0.0,0.0,0.0,0.0,0.0,0.0,535.0,233.21,0.0,0.0
1.0,1.0,1.0,0.0,1.0,1.0,76.0,0.0,1.0,48.91,3.0,2320.0,1030.21,557.0,0.0
1.0,1.0,2.0,1.0,0.0,4.0,158.0,1.0,1.0,0.08,2.0,52.0,39.0,31.0,0.0
1.0,1.0,1.0,0.0,4.0,0.0,365.0,0.0,7.0,9.79,77.0,2321.0,1029.82,1454.0,0.0
1.0,1.0,1.0,0.0,6.0,5.0,52.0,0.0,4.0,191.12,7.0,3935.0,1912.95,135.0,0.0
2.0,13.0,18.0,3.5093400000000003,1104.0,7.0,173.78,0.0,13.0,68.39,17.39,3936.0,1913.09,4150.0,1.0
1.0,1.0,1.0,0.0,4.0,2.0,73.0,0.0,4.0,0.04,9.0,537.0,233.93,329.0,0.0
1.0,1.0,1.0,0.0,25.0,21.0,137.0,0.0,5.0,0.06,21.0,3938.0,1914.9,2068.0,0.0
1.0,1.0,1.0,0.0,1.0,1.0,288.0,0.0,4.0,0.0,28.0,3940.0,1916.88,2070.0,0.0
1.0,1.0,1.0,0.0,0.0,0.0,0.0,0.0,1.0,0.44,1.0,3941.0,1916.04,85.0,0.0
1.0,1.0,1.0,0.0,6.0,1.0,148.0,0.0,7.0,22.25,25.0,54.0,40.8,17.0,0.0
1.0,1.0,1.0,0.0,1.0,0.0,6.0,0.0,2.0,107.45,2.0,540.0,236.42,105.0,0.0
1.0,1.0,1.0,0.0,5.0,0.0,66.0,0.0,1.0,1.75,1.0,3943.0,1914.98,2087.0,0.0
1.0,3.0,4.0,0.604665,60.0,3.0,133.5,0.0,8.0,1.14,18.75,3944.0,1915.73,2072.0,0.0
3.0,6.0,16.0,1.97631,518.0,110.0,278.06,0.0,14.0,172.53,29.56,37.0,29.12,30.0,1.0
1.0,4.0,5.0,1.5832700000000002,270.0,1.0,12.6,0.0,1.0,38.82,1.0,2322.0,1026.53,1455.0,1.0
1.0,1.0,1.0,0.0,6.0,4.0,130.0,0.0,1.0,0.0,1.0,2323.0,1027.52,1456.0,0.0
1.0,2.0,2.0,0.8112779999999999,24.0,0.0,109.0,0.0,2.0,30.85,4.5,3947.0,1916.13,2075.0,0.0
1.0,1.0,1.0,0.0,32.0,62.0,751.0,0.0,5.0,190.08,52.0,3948.0,1917.06,2076.0,0.0
2.0,3.0,5.0,1.9688,188.0,0.0,76.0,0.0,6.0,10.36,4.4,2324.0,1028.42,2015.0,0.0
2.0,2.0,2.0,0.764205,5.0,4.0,1309.5,0.0,13.0,3.69,323.0,2325.0,1029.29,196.0,0.0
0.0,0.0,0.0,0.0,0.0,0.0,0.0,0.0,0.0,0.0,0.0,3949.0,1917.65,0.0,0.0
1.0,1.0,1.0,0.0,1.0,0.0,131.0,0.0,5.0,6.8,52.0,196.0,46.32,55.0,0.0
2.0,3.0,3.0,1.55666,4.0,3.0,155.67,0.0,6.0,11.04,10.0,3950.0,1918.13,168.0,0.0
1.0,1.0,1.0,0.0,5.0,0.0,82.0,0.0,3.0,6.88,16.0,3954.0,1921.88,2091.0,0.0
1.0,2.0,2.0,1.0,2.0,2.0,42.5,0.0,3.0,186.0,4.0,3955.0,1922.76,2092.0,0.0
3.0,4.0,4.0,1.19127,103.0,33.0,809.25,0.0,13.0,252.47,163.5,39.0,31.03,4.0,0.0
3.0,88.0,94.0,5.86602,529.0,1005.0,96.94,0.0,14.0,234.4,4.61,3957.0,1923.06,328.0,0.0
1.0,1.0,1.0,0.0,1.0,1.0,73.0,0.0,2.0,195.93,3.0,2326.0,1028.94,1458.0,0.0
5.0,7.0,7.0,2.38586,31.0,33.0,516.71,0.0,13.0,4.53,85.29,3958.0,1923.81,2576.0,0.0
1.0,1.0,1.0,0.0,3.0,1.0,296.0,0.0,5.0,0.78,25.0,3959.0,1924.77,2079.0,0.0
1.0,4.0,9.0,2.10861,79.0,14.0,206.44,1.0,10.0,28.14,11.44,2329.0,1031.79,1461.0,1.0
1.0,1.0,1.0,0.0,1.0,1.0,931.0,0.0,10.0,0.63,384.0,40.0,31.99,2.0,0.0
1.0,5.0,10.0,3.0039700000000003,0.0,864.0,86.4,0.0,3.0,144.04,1.4,3962.0,1927.06,169.0,0.0
2.0,2.0,2.0,1.0,2.0,2.0,1312.0,0.0,13.0,0.24,326.0,42.0,33.97,8.0,0.0
1.0,1.0,3.0,1.26744,12.0,7.0,217.33,0.0,7.0,306.5,26.33,43.0,34.97,30.0,0.0
1.0,3.0,3.0,1.58496,6.0,6.0,104.0,0.0,4.0,0.49,10.33,45.0,36.97,2.0,0.0
1.0,1.0,1.0,0.0,1.0,1.0,877.0,0.0,6.0,0.61,102.0,56.0,42.53,33.0,0.0
1.0,1.0,1.0,0.0,4.0,1.0,109.0,0.0,6.0,1.31,52.0,32.0,6.67,0.0,0.0
1.0,1.0,1.0,0.0,1.0,0.0,60.0,0.0,3.0,0.33,6.0,3964.0,1924.68,2097.0,0.0
1.0,1.0,1.0,0.0,1.0,1.0,105.0,0.0,3.0,0.33,10.0,3965.0,1925.68,2098.0,0.0
2.0,17.0,21.0,3.7664,711.0,96.0,308.33,0.0,11.0,27.4,28.86,3966.0,1926.32,4179.0,1.0
1.0,4.0,4.0,1.1986,83.0,18.0,74.75,1.0,8.0,41.65,30.25,3968.0,1925.22,2082.0,1.0
1.0,1.0,1.0,0.0,5.0,2.0,120.0,0.0,3.0,16.41,11.0,3969.0,1925.99,2101.0,0.0
1.0,1.0,1.0,0.0,1.0,0.0,930.0,0.0,10.0,2.68,387.0,3970.0,1926.83,86.0,0.0
1.0,2.0,4.0,2.0,4.0,4.0,233.25,0.0,3.0,99.76,2.25,46.0,37.72,31.0,1.0
6.0,21.0,25.0,4.10405,62.0,251.0,187.6,0.0,13.0,119.31,26.24,542.0,236.4,936.0,0.0
1.0,1.0,1.0,0.0,5.0,15.0,1694.0,0.0,12.0,3.32,315.0,545.0,239.38,51.0,0.0
1.0,1.0,1.0,0.0,7.0,0.0,151.0,0.0,6.0,4.02,54.0,3971.0,1925.48,2102.0,0.0
2.0,10.0,10.0,3.07865,21.0,22.0,227.1,0.0,8.0,79.72,15.9,3972.0,1926.02,4186.0,0.0
5.0,20.0,30.0,3.56604,24.0,2002.0,328.47,0.0,18.0,103.61,31.67,3973.0,1926.8,4555.0,0.0
1.0,1.0,1.0,0.0,2.0,1.0,186.0,0.0,4.0,4.1,19.0,3974.0,1927.75,171.0,0.0
1.0,2.0,2.0,0.175565,38.0,38.0,454.5,0.0,10.0,10.0,111.5,3975.0,1928.75,63.0,0.0
1.0,1.0,1.0,0.0,6.0,26.0,135.0,0.0,4.0,49.21,15.0,3976.0,1929.67,2105.0,0.0
1.0,2.0,2.0,0.797327,26.0,3.0,285.0,0.0,6.0,17.28,19.0,3977.0,1928.47,2106.0,0.0
1.0,2.0,2.0,0.883388,107.0,9.0,40.0,0.0,4.0,2.39,17.0,6.0,5.5,6.0,0.0
1.0,1.0,1.0,0.0,113.0,0.0,0.0,0.0,0.0,0.0,0.0,3979.0,1930.31,2108.0,0.0
1.0,1.0,1.0,0.0,1.0,1.0,1669.0,0.0,12.0,0.85,317.0,3980.0,1931.3,136.0,0.0
1.0,1.0,1.0,0.0,85.0,0.0,0.0,0.0,0.0,0.0,0.0,3981.0,1932.26,2109.0,0.0
1.0,2.0,1.0,0.0,1.0,1.0,81.0,0.0,1.0,0.14,1.0,7.0,6.5,7.0,0.0
1.0,3.0,6.0,1.501,99.0,86.0,435.33,0.0,8.0,6.99,22.83,3982.0,1932.9,2110.0,1.0
1.0,2.0,3.0,1.29564,86.0,1.0,178.33,0.0,5.0,160.32,12.0,47.0,38.52,32.0,0.0
1.0,1.0,1.0,0.0,2.0,2.0,1669.0,0.0,12.0,0.91,318.0,3984.0,1932.62,137.0,0.0
1.0,1.0,1.0,0.0,1.0,1.0,922.0,0.0,10.0,3.24,389.0,8.0,7.46,0.0,0.0
1.0,2.0,2.0,0.400576,7.0,81.0,78.5,0.0,3.0,4.47,4.5,9.0,8.46,8.0,0.0
1.0,1.0,1.0,0.0,96.0,0.0,0.0,0.0,0.0,0.0,0.0,10.0,9.46,9.0,0.0
1.0,1.0,1.0,0.0,2.0,1.0,211.0,1.0,5.0,138.66,35.0,3987.0,1930.05,2112.0,0.0
1.0,1.0,1.0,0.0,4.0,1.0,169.0,0.0,6.0,4.22,77.0,3988.0,1930.72,2113.0,0.0
1.0,1.0,1.0,0.0,0.0,1.0,96.0,0.0,1.0,9.08,1.0,2332.0,1023.68,1464.0,0.0
1.0,1.0,1.0,0.0,2.0,4.0,266.0,0.0,8.0,2.54,36.0,2333.0,1024.68,1465.0,0.0
1.0,1.0,1.0,0.0,22.0,1.0,41.0,0.0,3.0,454.47,8.0,3989.0,1931.14,2114.0,0.0
1.0,2.0,3.0,1.19818,11.0,2.0,179.0,0.0,7.0,12.89,11.67,6.0,3.17,5.0,0.0
1.0,1.0,1.0,0.0,1.0,1.0,72.0,0.0,3.0,0.01,4.0,1308.0,329.67,588.0,0.0
1.0,4.0,8.0,2.852,64.0,29.0,173.75,0.0,11.0,241.25,13.5,1309.0,330.65,635.0,0.0
1.0,2.0,2.0,0.468996,12.0,8.0,374.5,0.0,6.0,9.07,20.5,48.0,39.26,6.0,1.0
1.0,1.0,1.0,0.0,4.0,0.0,50.0,0.0,1.0,0.02,1.0,50.0,41.24,34.0,0.0
1.0,1.0,1.0,0.0,1.0,1.0,138.0,0.0,2.0,233.07,3.0,3991.0,1930.41,2086.0,0.0
1.0,1.0,1.0,0.0,8.0,0.0,99.0,0.0,5.0,9.94,19.0,1310.0,331.4,636.0,0.0
1.0,1.0,1.0,0.0,35.0,21.0,247.0,1.0,3.0,6.13,7.0,51.0,42.15,35.0,1.0
1.0,1.0,1.0,0.0,3.0,6.0,2336.0,0.0,10.0,0.56,296.0,3994.0,1931.15,2088.0,0.0
2.0,4.0,4.0,0.622733,59.0,59.0,125.5,0.0,4.0,240.21,3.0,3995.0,1932.14,2256.0,0.0
1.0,4.0,7.0,2.00575,108.0,93.0,59.0,0.0,1.0,0.58,0.14,3996.0,1933.08,2118.0,0.0
1.0,1.0,1.0,0.0,9.0,5.0,103.0,0.0,1.0,161.0,4.0,3999.0,1935.74,2121.0,0.0
1.0,4.0,4.0,1.51776,30.0,42.0,637.5,0.0,10.0,141.13,76.5,4000.0,1936.63,2089.0,0.0
2.0,10.0,15.0,3.5346,533.0,1.0,116.87,0.0,10.0,51.06,12.13,4003.0,1938.9,4215.0,1.0
1.0,1.0,1.0,0.0,29.0,21.0,234.0,1.0,3.0,7.12,9.0,53.0,44.05,37.0,1.0
1.0,1.0,1.0,0.0,1.0,1.0,1674.0,0.0,12.0,0.57,321.0,6.0,5.1,0.0,0.0
1.0,1.0,1.0,0.0,1.0,1.0,688.0,0.0,9.0,1.91,126.0,54.0,44.88,4.0,0.0
1.0,1.0,2.0,0.292322,214.0,0.0,0.0,0.0,0.0,0.0,0.0,57.0,47.87,40.0,0.0
1.0,1.0,1.0,0.0,1.0,1.0,922.0,0.0,11.0,5.32,390.0,59.0,49.86,5.0,0.0
2.0,12.0,20.0,3.26637,754.0,39.0,204.25,0.0,9.0,36.26,17.55,4005.0,1934.69,4219.0,1.0
1.0,2.0,3.0,0.38511,166.0,1.0,292.33,0.0,9.0,104.69,35.33,4008.0,1935.17,2096.0,0.0
1.0,2.0,3.0,1.5,3.0,5.0,144.33,1.0,5.0,220.88,11.0,4010.0,1935.23,2128.0,0.0
2.0,3.0,4.0,1.83393,8.0,5.0,463.75,0.0,10.0,2.61,51.75,2334.0,1017.46,2025.0,0.0
1.0,3.0,11.0,2.69024,48.0,183.0,113.27,0.0,5.0,376.16,3.45,4011.0,1936.01,2129.0,0.0
1.0,3.0,14.0,3.25152,940.0,21.0,22.5,0.0,1.0,0.23,0.07,4012.0,1937.0,2130.0,1.0
1.0,4.0,6.0,2.12568,23.0,24.0,182.33,0.0,7.0,12.52,5.83,2335.0,1018.43,155.0,0.0
2.0,3.0,3.0,1.49869,200.0,0.0,0.0,0.0,0.0,0.0,0.0,2336.0,1019.4,2027.0,0.0
3.0,6.0,8.0,2.17524,360.0,1.0,357.88,0.0,15.0,4.25,61.63,4014.0,1938.74,377.0,0.0
1.0,1.0,1.0,0.0,0.0,11.0,191.0,0.0,7.0,0.26,68.0,4015.0,1938.98,62.0,0.0
1.0,1.0,1.0,0.0,0.0,12.0,190.0,0.0,8.0,14.06,77.0,4016.0,1939.94,2131.0,0.0
1.0,1.0,2.0,0.8112779999999999,4.0,4.0,309.5,0.0,7.0,357.49,15.5,4017.0,1939.2,2132.0,0.0
1.0,1.0,1.0,0.0,4.0,2.0,162.0,0.0,5.0,9.84,19.0,4019.0,1940.89,2133.0,0.0
1.0,2.0,2.0,1.0,6.0,10.0,148.0,0.0,4.0,7.84,19.0,4020.0,1941.71,176.0,0.0
1.0,2.0,4.0,0.523588,39.0,37.0,1043.0,0.0,13.0,174.01,90.75,33.0,7.58,15.0,0.0
1.0,1.0,1.0,0.0,1.0,1.0,1680.0,0.0,13.0,1.24,324.0,4021.0,1942.07,142.0,0.0
1.0,2.0,4.0,1.64022,9.0,6.0,246.0,1.0,5.0,94.87,9.5,4022.0,1941.15,2134.0,0.0
1.0,1.0,1.0,0.0,4.0,3.0,922.0,0.0,11.0,3.89,391.0,2337.0,1017.37,79.0,0.0
1.0,2.0,4.0,1.36697,162.0,0.0,761.5,0.0,13.0,61.81,69.75,4023.0,1941.4,2098.0,0.0
1.0,23.0,84.0,6.39232,84.0,84.0,76.95,0.0,8.0,307.49,1.38,4026.0,1943.82,177.0,0.0
1.0,14.0,57.0,5.83289,57.0,57.0,151.89,0.0,10.0,210.12,5.46,4029.0,1946.77,2136.0,0.0
1.0,3.0,95.0,6.56986,95.0,95.0,67.59,0.0,6.0,185.92,1.22,4030.0,1947.75,2137.0,0.0
1.0,2.0,2.0,0.966619,27.0,1.0,604.5,0.0,5.0,0.53,23.0,4034.0,1950.28,2100.0,0.0
2.0,3.0,3.0,1.06371,84.0,0.0,28.67,0.0,6.0,57.4,23.33,4035.0,1950.5,4242.0,0.0
1.0,1.0,1.0,0.0,1.0,1.0,48.0,0.0,1.0,0.0,1.0,4036.0,1951.5,2142.0,0.0
2.0,3.0,3.0,1.36096,10.0,0.0,827.67,0.0,14.0,3.49,149.67,4038.0,1950.91,206.0,0.0
1.0,1.0,1.0,0.0,2.0,0.0,142.0,0.0,1.0,0.02,1.0,4040.0,1949.84,2104.0,0.0
1.0,2.0,2.0,0.210842,89.0,1.0,1166.0,1.0,10.0,1.82,149.5,4041.0,1948.07,2105.0,0.0
1.0,1.0,1.0,0.0,2.0,2.0,275.0,0.0,7.0,3.83,56.0,4043.0,1949.38,2144.0,0.0
1.0,5.0,7.0,2.80735,0.0,7.0,90.14,0.0,6.0,413.3,3.71,197.0,46.57,56.0,0.0
1.0,1.0,1.0,0.0,3.0,3.0,163.0,0.0,3.0,20.23,12.0,4044.0,1950.16,2145.0,0.0
1.0,2.0,2.0,0.918296,8.0,7.0,219.0,0.0,7.0,0.04,33.5,4045.0,1951.16,2146.0,0.0
1.0,1.0,1.0,0.0,26.0,50.0,277.0,0.0,3.0,0.02,13.0,63.0,52.83,45.0,0.0
1.0,1.0,1.0,0.0,3.0,2.0,58.0,0.0,5.0,12.64,51.0,4046.0,1950.43,67.0,0.0
1.0,1.0,1.0,0.0,1.0,1.0,1680.0,0.0,13.0,0.3,327.0,4047.0,1951.42,144.0,0.0
1.0,1.0,1.0,0.0,8.0,0.0,62.0,0.0,3.0,21.02,4.0,1312.0,330.36,590.0,0.0
1.0,1.0,1.0,0.0,8.0,0.0,72.0,0.0,6.0,20.93,22.0,1313.0,331.36,591.0,0.0
1.0,4.0,5.0,1.92782,58.0,67.0,47.6,0.0,8.0,257.15,12.2,423.0,156.76,51.0,0.0
1.0,1.0,1.0,0.0,3.0,9.0,698.0,0.0,3.0,21.38,19.0,7.0,5.95,5.0,0.0
2.0,9.0,26.0,4.4378400000000005,1621.0,0.0,70.19,0.0,15.0,0.06,16.54,8.0,6.95,7.0,1.0
2.0,3.0,5.0,1.74132,25.0,63.0,659.4,0.0,13.0,326.13,54.2,4053.0,1954.23,4260.0,0.0
1.0,1.0,1.0,0.0,2.0,1.0,40.0,0.0,1.0,41.79,2.0,4054.0,1955.08,178.0,0.0
1.0,1.0,1.0,0.0,1.0,1.0,256.0,0.0,9.0,13.76,162.0,2339.0,1011.36,121.0,0.0
1.0,2.0,8.0,2.48579,51.0,78.0,74.0,0.0,1.0,0.53,0.25,4056.0,1957.04,2151.0,0.0
1.0,1.0,1.0,0.0,20.0,20.0,87.0,0.0,1.0,0.55,1.0,4057.0,1958.02,2152.0,0.0
1.0,1.0,2.0,0.292322,214.0,0.0,0.0,0.0,0.0,0.0,0.0,4058.0,1959.02,2153.0,0.0
1.0,1.0,1.0,0.0,1.0,8.0,351.0,0.0,7.0,22.13,92.0,4059.0,1959.41,179.0,0.0
1.0,2.0,4.0,1.9183,6.0,6.0,73.5,0.0,3.0,111.63,4.5,4060.0,1960.4,180.0,0.0
1.0,2.0,36.0,4.64999,114.0,86.0,270.72,0.0,14.0,64.1,14.42,4061.0,1961.36,2112.0,1.0
1.0,2.0,2.0,0.954434,8.0,0.0,57.5,0.0,7.0,1.06,8.0,424.0,157.58,52.0,0.0
1.0,2.0,2.0,0.422001,103.0,2.0,311.5,1.0,7.0,3.14,27.5,546.0,233.92,335.0,1.0
1.0,1.0,1.0,0.0,1.0,2.0,628.0,1.0,7.0,0.0,56.0,547.0,234.92,336.0,0.0
1.0,2.0,2.0,0.6036520000000001,60.0,1.0,79.0,1.0,7.0,3.23,14.0,4063.0,1961.62,2114.0,0.0
1.0,2.0,2.0,0.380947,20.0,7.0,195.5,1.0,1.0,170.68,5.0,4064.0,1962.61,2115.0,0.0
1.0,2.0,3.0,1.29879,2.0,6.0,105.67,1.0,6.0,6.58,16.67,4067.0,1965.29,2118.0,0.0
1.0,1.0,1.0,0.0,0.0,1.0,57.0,0.0,1.0,0.0,5.0,4068.0,1966.28,2119.0,0.0
2.0,3.0,3.0,1.3825,52.0,0.0,333.67,0.0,4.0,2.74,8.33,85.0,36.08,67.0,0.0
2.0,8.0,9.0,2.38126,129.0,17.0,191.67,1.0,11.0,22.56,13.0,4069.0,1966.54,4275.0,1.0
1.0,1.0,1.0,0.0,1.0,2.0,64.0,0.0,6.0,0.08,28.0,4073.0,1970.15,2124.0,0.0
1.0,1.0,1.0,0.0,2.0,2.0,699.0,0.0,4.0,0.8,21.0,4074.0,1969.58,2156.0,0.0
5.0,8.0,8.0,2.38651,7.0,27.0,411.38,0.0,16.0,25.16,69.63,4075.0,1970.4,2617.0,0.0
1.0,1.0,1.0,0.0,26.0,35.0,146.0,0.0,14.0,2.48,166.0,4077.0,1972.21,2159.0,0.0
1.0,1.0,1.0,0.0,2.0,0.0,204.0,0.0,1.0,25.02,2.0,4078.0,1970.23,2160.0,0.0
0.0,0.0,0.0,0.0,0.0,0.0,0.0,0.0,0.0,0.0,0.0,4079.0,1971.18,0.0,0.0
3.0,7.0,12.0,3.09544,575.0,27.0,122.67,0.0,5.0,3.74,4.58,4080.0,1972.07,4468.0,1.0
1.0,5.0,5.0,1.05165,21.0,30.0,245.2,0.0,8.0,129.35,48.6,4081.0,1972.48,2162.0,0.0
1.0,2.0,4.0,1.85837,175.0,5.0,90.25,0.0,1.0,2.46,2.0,4083.0,1971.81,2127.0,1.0
1.0,2.0,22.0,3.19451,55.0,52.0,123.64,0.0,11.0,28.59,7.23,4084.0,1972.38,2128.0,1.0
4.0,19.0,62.0,5.70455,4597.0,0.0,40.02,0.0,16.0,0.15,8.37,4085.0,1970.94,2564.0,1.0
1.0,1.0,1.0,0.0,7.0,0.0,207.0,0.0,2.0,27.15,4.0,4087.0,1972.82,2165.0,0.0
1.0,2.0,3.0,1.18257,90.0,3.0,406.33,1.0,8.0,6.72,43.33,4089.0,1974.3,2130.0,1.0
1.0,1.0,2.0,1.0,2.0,2.0,620.5,1.0,8.0,0.0,65.5,4090.0,1975.28,2131.0,0.0
1.0,1.0,2.0,1.0,16.0,6.0,260.0,1.0,3.0,1.25,9.0,66.0,54.96,48.0,1.0
1.0,4.0,6.0,2.17485,11.0,25.0,72.17,0.0,2.0,3.35,0.5,4092.0,1975.5,2166.0,0.0
1.0,1.0,1.0,0.0,0.0,64.0,64.0,0.0,1.0,6.43,1.0,4093.0,1976.29,2167.0,0.0
1.0,3.0,4.0,1.45289,177.0,5.0,36.25,0.0,6.0,127.17,15.75,4094.0,1977.11,2168.0,0.0
2.0,3.0,3.0,1.5203799999999998,21.0,2.0,431.33,0.0,9.0,11.58,27.0,2343.0,1007.22,2031.0,0.0
1.0,1.0,1.0,0.0,2.0,6.0,153.0,0.0,2.0,0.03,12.0,4096.0,1978.31,2134.0,0.0
1.0,3.0,5.0,1.40698,65.0,4.0,114.8,0.0,9.0,148.09,11.0,4097.0,1979.16,2135.0,0.0
1.0,2.0,3.0,1.24756,21.0,11.0,1148.33,0.0,13.0,7.7,96.67,4098.0,1980.04,2136.0,0.0
1.0,1.0,1.0,0.0,12.0,0.0,97.0,0.0,5.0,23.71,35.0,2345.0,1008.28,1471.0,0.0
1.0,1.0,2.0,0.8812909999999999,5.0,5.0,102.0,0.0,4.0,0.05,7.5,4100.0,1979.72,2170.0,0.0
1.0,5.0,7.0,2.47595,47.0,10.0,77.57,0.0,4.0,271.92,5.57,4101.0,1980.25,2171.0,0.0
2.0,7.0,10.0,2.5729,480.0,0.0,176.1,0.0,13.0,2.23,38.2,4103.0,1982.19,290.0,0.0
1.0,1.0,1.0,0.0,100.0,0.0,0.0,0.0,0.0,0.0,0.0,4104.0,1983.12,2172.0,0.0
1.0,1.0,10.0,3.17406,48.0,82.0,120.7,0.0,1.0,2.95,0.1,4105.0,1982.01,2173.0,0.0
1.0,3.0,5.0,1.91273,27.0,29.0,65.4,0.0,4.0,73.53,3.2,4106.0,1982.87,184.0,0.0
1.0,2.0,8.0,1.35748,183.0,113.0,90.63,0.0,2.0,44.3,1.38,4107.0,1983.74,185.0,0.0
1.0,4.0,5.0,2.10498,111.0,71.0,52.0,0.0,5.0,199.83,10.0,4108.0,1984.35,27.0,0.0
1.0,6.0,10.0,2.29683,102.0,75.0,42.1,0.0,4.0,109.99,6.0,4109.0,1985.25,28.0,0.0
1.0,5.0,7.0,2.50349,160.0,71.0,35.14,0.0,1.0,4.06,0.14,4110.0,1986.07,29.0,0.0
1.0,6.0,7.0,2.18615,92.0,68.0,40.14,0.0,5.0,247.61,7.43,4111.0,1987.05,30.0,0.0
1.0,6.0,8.0,2.2890200000000003,123.0,126.0,51.38,0.0,8.0,366.79,7.13,4112.0,1988.01,31.0,0.0
1.0,13.0,11.0,0.918296,3.0,3.0,61.09,0.0,9.0,409.7,5.73,4113.0,1989.0,32.0,0.0
1.0,2.0,3.0,1.4750299999999998,22.0,34.0,303.67,0.0,7.0,144.86,36.0,1315.0,330.97,593.0,0.0
1.0,13.0,10.0,0.8112779999999999,4.0,4.0,63.5,0.0,9.0,2.16,5.1,4114.0,1989.98,33.0,0.0
1.0,6.0,7.0,2.44196,193.0,120.0,50.57,0.0,4.0,74.17,7.43,4115.0,1989.25,34.0,0.0
1.0,1.0,2.0,0.953197,50.0,25.0,80.0,0.0,1.0,1.07,0.5,4116.0,1990.18,2174.0,0.0
1.0,1.0,1.0,0.0,8.0,6.0,296.0,0.0,6.0,14.81,33.0,4118.0,1991.38,2138.0,0.0
1.0,2.0,4.0,1.90612,210.0,0.0,0.0,0.0,0.0,0.0,0.0,4119.0,1992.37,2176.0,0.0
2.0,8.0,17.0,3.57824,334.0,298.0,70.24,0.0,6.0,27.97,5.47,11.0,9.84,10.0,1.0
1.0,1.0,1.0,0.0,0.0,3.0,138.0,0.0,5.0,0.35,16.0,13.0,11.83,12.0,0.0
2.0,6.0,6.0,2.13315,50.0,3.0,90.17,0.0,6.0,79.79,6.33,4121.0,1991.7,4317.0,0.0
1.0,7.0,7.0,2.52871,22.0,7.0,53.86,0.0,6.0,150.55,2.43,4122.0,1992.53,35.0,0.0
1.0,1.0,1.0,0.0,0.0,1.0,203.0,1.0,2.0,0.01,14.0,4124.0,1994.21,2141.0,0.0
1.0,1.0,4.0,1.04629,141.0,65.0,125.75,0.0,2.0,1.78,2.0,4125.0,1994.47,186.0,0.0
1.0,1.0,1.0,0.0,25.0,0.0,125.0,0.0,3.0,33.68,12.0,2347.0,1003.52,1473.0,0.0
1.0,2.0,2.0,0.985228,14.0,0.0,393.5,0.0,8.0,8.73,45.5,2348.0,1004.44,1474.0,1.0
1.0,1.0,1.0,0.0,0.0,1.0,643.0,0.0,8.0,0.18,84.0,2349.0,1005.2,1475.0,0.0
2.0,2.0,2.0,0.8377700000000001,31.0,55.0,911.0,0.0,13.0,11.43,229.5,548.0,232.01,444.0,0.0
1.0,1.0,1.0,0.0,3.0,11.0,80.0,0.0,3.0,34.73,5.0,4127.0,1988.95,2181.0,0.0
1.0,3.0,4.0,1.54694,2.0,22.0,102.25,0.0,5.0,3.63,11.75,4128.0,1989.88,2182.0,0.0
1.0,1.0,1.0,0.0,6.0,10.0,113.0,0.0,2.0,0.03,3.0,14.0,12.72,13.0,0.0
1.0,2.0,2.0,0.8112779999999999,2.0,58.0,108.5,0.0,6.0,115.99,24.0,4129.0,1990.8,142.0,0.0
1.0,1.0,1.0,0.0,31.0,1.0,900.0,0.0,11.0,0.94,393.0,549.0,232.7,108.0,0.0
1.0,1.0,1.0,0.0,8.0,1.0,48.0,0.0,7.0,35.62,53.0,550.0,233.7,85.0,0.0
1.0,1.0,1.0,0.0,92.0,0.0,0.0,0.0,0.0,0.0,0.0,4130.0,1988.77,2183.0,0.0
1.0,1.0,1.0,0.0,4.0,4.0,2992.0,0.0,13.0,7.75,269.0,4132.0,1990.43,2143.0,0.0
1.0,2.0,2.0,0.075554,91.0,126.0,375.5,0.0,9.0,11.15,90.0,551.0,234.47,56.0,0.0
1.0,3.0,3.0,0.147634,129.0,94.0,324.0,0.0,10.0,0.5,82.33,2350.0,1002.28,122.0,0.0
1.0,1.0,1.0,0.0,1.0,1.0,256.0,0.0,9.0,0.01,167.0,2351.0,1003.27,123.0,0.0
1.0,2.0,3.0,0.590476,143.0,2.0,552.0,0.0,10.0,7.0,45.67,425.0,155.78,214.0,0.0
1.0,1.0,1.0,0.0,1.0,1.0,1668.0,0.0,13.0,2.5,338.0,4134.0,1983.65,150.0,0.0
1.0,2.0,4.0,1.55235,29.0,12.0,530.25,0.0,11.0,11.59,46.25,4136.0,1985.46,2186.0,0.0
1.0,1.0,1.0,0.0,32.0,9.0,321.0,0.0,7.0,22.76,36.0,4137.0,1986.16,2145.0,1.0
3.0,5.0,5.0,0.378556,106.0,132.0,572.4,0.0,15.0,12.18,101.8,2352.0,996.29,400.0,0.0
0.0,0.0,0.0,0.0,0.0,0.0,0.0,0.0,0.0,0.0,0.0,561.0,241.7,0.0,0.0
1.0,2.0,2.0,0.970951,85.0,0.0,0.0,0.0,0.0,0.0,0.0,2355.0,992.79,1476.0,0.0
2.0,49.0,61.0,5.79764,418.0,855.0,132.26,0.0,15.0,114.81,7.92,2356.0,993.76,279.0,0.0
1.0,1.0,1.0,0.0,3.0,1.0,387.0,1.0,9.0,31.56,87.0,2358.0,995.68,1478.0,0.0
1.0,6.0,6.0,2.58496,0.0,24.0,59.0,0.0,10.0,3.91,11.83,564.0,243.33,95.0,0.0
2.0,3.0,3.0,1.32218,9.0,13.0,61.67,1.0,1.0,0.76,0.67,2359.0,995.8,2043.0,0.0
1.0,7.0,7.0,2.80735,42.0,0.0,55.0,0.0,10.0,0.64,10.71,427.0,155.94,53.0,0.0
1.0,1.0,1.0,0.0,1.0,1.0,64.0,0.0,2.0,81.12,5.0,428.0,156.94,215.0,0.0
1.0,1.0,2.0,0.7382850000000001,23.0,1.0,408.0,0.0,5.0,237.53,29.0,2362.0,997.09,1482.0,0.0
1.0,1.0,1.0,0.0,1.0,1.0,192.0,0.0,4.0,2.15,23.0,2363.0,997.94,158.0,0.0
1.0,1.0,1.0,0.0,10.0,0.0,473.0,0.0,1.0,34.57,13.0,2364.0,997.88,565.0,0.0
1.0,3.0,3.0,1.43318,12.0,18.0,923.67,0.0,10.0,0.02,41.67,4139.0,1950.11,2146.0,0.0
1.0,2.0,3.0,1.10176,79.0,0.0,23.33,0.0,1.0,11.87,1.0,4140.0,1951.11,2147.0,0.0
1.0,1.0,1.0,0.0,7.0,1.0,1530.0,0.0,9.0,0.01,96.0,4142.0,1953.09,2148.0,0.0
1.0,1.0,1.0,0.0,1.0,1.0,297.0,0.0,1.0,0.0,2.0,4145.0,1955.1,2151.0,0.0
1.0,2.0,3.0,1.51873,91.0,0.0,72.33,0.0,4.0,22.13,5.67,128.0,47.32,106.0,0.0
1.0,23.0,75.0,5.7270699999999986,336.0,852.0,383.47,0.0,16.0,39.47,21.6,71.0,56.75,10.0,1.0
1.0,1.0,1.0,0.0,8.0,5.0,143.0,0.0,3.0,0.49,14.0,4147.0,1954.99,2152.0,0.0
1.0,2.0,2.0,0.932112,9.0,14.0,134.5,0.0,5.0,19.54,16.5,4149.0,1954.2,2154.0,0.0
1.0,2.0,2.0,0.770629,85.0,8.0,92.0,0.0,5.0,28.75,12.5,4150.0,1955.16,2155.0,0.0
1.0,1.0,1.0,0.0,60.0,0.0,0.0,0.0,0.0,0.0,0.0,4152.0,1956.99,2157.0,0.0
1.0,41.0,79.0,5.5358,293.0,763.0,230.08,0.0,19.0,60.29,11.82,72.0,57.5,52.0,1.0
1.0,1.0,1.0,0.0,2.0,2.0,138.0,1.0,4.0,38.64,16.0,4153.0,1955.25,2158.0,0.0
1.0,2.0,5.0,1.91937,45.0,3.0,194.6,1.0,5.0,267.67,7.8,2365.0,993.33,1483.0,0.0
1.0,2.0,2.0,0.8112779999999999,5.0,3.0,112.0,0.0,3.0,2.39,4.5,4154.0,1953.36,2159.0,0.0
1.0,2.0,2.0,0.650022,5.0,1.0,403.0,0.0,10.0,20.36,104.0,2368.0,995.02,31.0,0.0
1.0,2.0,2.0,1.0,14.0,10.0,366.5,1.0,5.0,40.46,29.0,2369.0,995.07,1485.0,1.0
1.0,2.0,2.0,0.991076,9.0,9.0,368.5,1.0,5.0,0.01,29.5,2370.0,996.05,1486.0,1.0
2.0,4.0,4.0,2.0,4.0,4.0,102.5,0.0,3.0,0.14,4.0,2373.0,998.78,1686.0,0.0
2.0,2.0,2.0,0.30745700000000004,106.0,3.0,101.0,1.0,2.0,12.54,7.5,4158.0,1953.64,2351.0,0.0
1.0,2.0,4.0,1.77557,14.0,15.0,86.5,0.0,1.0,8.26,0.25,2374.0,998.76,1490.0,0.0
1.0,1.0,1.0,0.0,32.0,23.0,400.0,0.0,9.0,10.15,92.0,2375.0,999.49,159.0,0.0
1.0,1.0,1.0,0.0,1.0,7.0,82.0,0.0,2.0,37.68,2.0,4160.0,1952.79,2192.0,0.0
1.0,2.0,2.0,0.8631209999999999,5.0,2.0,128.0,0.0,1.0,0.04,0.5,74.0,58.99,54.0,0.0
1.0,1.0,1.0,0.0,0.0,1.0,170.0,0.0,1.0,0.08,2.0,75.0,59.98,55.0,0.0
1.0,6.0,8.0,2.07934,296.0,3.0,214.0,1.0,10.0,3.25,26.38,2376.0,999.43,1491.0,1.0
2.0,2.0,2.0,0.8112779999999999,5.0,3.0,869.5,0.0,13.0,27.07,176.0,4162.0,1951.97,341.0,0.0
1.0,2.0,2.0,0.155103,88.0,1.0,212.0,0.0,6.0,3.36,29.0,4163.0,1952.92,2164.0,0.0
2.0,2.0,2.0,0.995727,9.0,4.0,920.0,0.0,13.0,7.48,192.5,429.0,156.16,233.0,0.0
1.0,8.0,17.0,3.1869,1896.0,3.0,14.18,0.0,14.0,51.93,10.94,4166.0,1953.52,2195.0,1.0
1.0,1.0,1.0,0.0,1.0,1.0,1684.0,0.0,13.0,2.03,351.0,15.0,12.84,0.0,0.0
0.0,0.0,0.0,0.0,0.0,0.0,0.0,0.0,0.0,0.0,0.0,565.0,239.51,0.0,0.0
1.0,1.0,1.0,0.0,267.0,267.0,662.0,0.0,9.0,20.57,137.0,121.0,40.03,19.0,0.0
1.0,1.0,3.0,1.20967,183.0,7.0,35.67,0.0,2.0,15.84,1.67,4171.0,1947.37,2197.0,0.0
1.0,1.0,1.0,0.0,2.0,2.0,930.0,0.0,11.0,20.51,402.0,2378.0,993.37,80.0,0.0
1.0,1.0,1.0,0.0,24.0,2.0,71.0,0.0,1.0,315.42,1.0,2379.0,994.31,161.0,0.0
1.0,1.0,1.0,0.0,2.0,2.0,1685.0,0.0,14.0,0.11,354.0,2380.0,995.27,124.0,0.0
1.0,1.0,1.0,0.0,267.0,267.0,662.0,0.0,9.0,22.26,137.0,567.0,240.58,65.0,0.0
2.0,2.0,2.0,0.995727,9.0,4.0,917.0,0.0,13.0,20.67,191.0,568.0,241.57,406.0,0.0
1.0,1.0,1.0,0.0,1.0,1.0,1674.0,0.0,13.0,0.0,347.0,569.0,242.57,61.0,0.0
1.0,1.0,1.0,0.0,1.0,1.0,1674.0,0.0,13.0,0.01,348.0,570.0,243.57,62.0,0.0
1.0,1.0,1.0,0.0,7.0,2.0,101.0,0.0,3.0,20.69,36.0,571.0,244.57,347.0,0.0
1.0,21.0,72.0,5.65306,226.0,528.0,368.97,0.0,14.0,30.31,22.1,76.0,60.03,11.0,1.0
1.0,1.0,1.0,0.0,0.0,2.0,298.0,0.0,3.0,48.96,10.0,77.0,61.03,56.0,0.0
1.0,2.0,2.0,0.514946,109.0,4.0,430.0,0.0,3.0,24.65,23.0,572.0,245.44,260.0,0.0
1.0,1.0,1.0,0.0,32.0,17.0,384.0,0.0,9.0,21.07,90.0,573.0,246.44,87.0,0.0
1.0,1.0,1.0,0.0,1.0,1.0,1685.0,0.0,14.0,0.56,355.0,2381.0,995.54,125.0,0.0
1.0,1.0,1.0,0.0,1.0,2.0,1685.0,0.0,14.0,0.26,356.0,4173.0,1943.53,154.0,0.0
2.0,3.0,3.0,1.04009,152.0,1.0,281.33,0.0,8.0,7.15,47.67,4175.0,1945.43,2390.0,1.0
2.0,10.0,15.0,2.92397,237.0,14.0,186.47,0.0,9.0,32.32,14.47,4178.0,1947.72,4370.0,1.0
0.0,0.0,0.0,0.0,0.0,0.0,0.0,0.0,0.0,0.0,0.0,578.0,251.19,0.0,0.0
1.0,1.0,2.0,0.629249,15.0,4.0,72.5,1.0,1.0,50.98,3.5,4181.0,1947.49,2203.0,0.0
1.0,2.0,3.0,1.43552,8.0,1.0,125.33,0.0,4.0,13.1,10.0,4182.0,1946.91,193.0,0.0
1.0,2.0,3.0,1.5237,151.0,27.0,1089.33,0.0,13.0,0.11,93.33,4184.0,1948.17,2173.0,0.0
1.0,2.0,3.0,1.07307,36.0,12.0,114.0,0.0,3.0,390.67,6.33,0.0,0.0,0.0,0.0
1.0,1.0,1.0,0.0,9.0,9.0,662.0,0.0,9.0,5.33,138.0,2382.0,992.47,127.0,0.0
1.0,1.0,1.0,0.0,85.0,0.0,0.0,0.0,0.0,0.0,0.0,4186.0,1948.07,194.0,0.0
1.0,6.0,8.0,2.46513,625.0,0.0,15.75,0.0,9.0,1.5,11.88,2383.0,993.37,198.0,0.0
1.0,1.0,1.0,0.0,1.0,1.0,90.0,0.0,1.0,0.46,1.0,78.0,61.49,2.0,0.0
1.0,2.0,4.0,1.91233,39.0,27.0,87.5,0.0,2.0,11.22,1.0,79.0,62.48,5.0,0.0
1.0,1.0,2.0,1.0,12.0,12.0,129.0,0.0,2.0,0.0,1.5,80.0,63.48,6.0,0.0
1.0,2.0,2.0,0.8112779999999999,4.0,4.0,290.5,1.0,3.0,48.42,8.0,81.0,64.35,57.0,0.0
1.0,3.0,4.0,1.07572,16.0,17.0,85.5,0.0,6.0,11.22,4.25,2384.0,992.1,1492.0,0.0
2.0,5.0,5.0,2.2634,232.0,21.0,108.2,0.0,4.0,1.19,8.0,4189.0,1944.94,4383.0,1.0
1.0,1.0,1.0,0.0,6.0,3.0,90.0,0.0,2.0,1.74,2.0,4191.0,1946.78,143.0,0.0
1.0,1.0,1.0,0.0,1.0,1.0,121.0,0.0,8.0,26.57,70.0,4192.0,1947.75,2209.0,0.0
1.0,2.0,4.0,1.99848,218.0,0.0,0.0,0.0,0.0,0.0,0.0,4194.0,1949.57,2211.0,0.0
1.0,2.0,2.0,0.944087,47.0,0.0,240.0,0.0,6.0,139.16,12.5,2385.0,991.53,1493.0,0.0
1.0,1.0,1.0,0.0,14.0,2.0,57.0,0.0,1.0,154.94,3.0,4195.0,1948.39,2212.0,0.0
1.0,1.0,1.0,0.0,0.0,6.0,544.0,0.0,9.0,27.58,156.0,2386.0,992.22,1494.0,0.0
2.0,5.0,5.0,2.19912,214.0,27.0,242.8,0.0,9.0,18.01,23.0,2387.0,993.21,2061.0,1.0
1.0,1.0,1.0,0.0,19.0,0.0,68.0,0.0,1.0,56.02,2.0,4197.0,1949.26,2178.0,0.0
1.0,3.0,3.0,1.55666,5.0,2.0,149.67,0.0,8.0,35.42,13.33,4198.0,1950.15,2179.0,0.0
1.0,1.0,1.0,0.0,12.0,7.0,527.0,0.0,4.0,0.32,8.0,4199.0,1950.93,2180.0,0.0
1.0,2.0,2.0,0.189278,42.0,27.0,121.5,0.0,5.0,37.06,6.0,4200.0,1951.85,2214.0,0.0
1.0,4.0,4.0,1.92193,10.0,0.0,32.75,0.0,7.0,159.37,8.0,2389.0,994.48,1496.0,0.0
1.0,5.0,5.0,1.96096,10.0,0.0,50.6,0.0,9.0,0.5,17.8,2391.0,996.23,1498.0,0.0
1.0,1.0,1.0,0.0,1.0,2.0,78.0,0.0,4.0,1.88,15.0,2392.0,997.03,1499.0,0.0
1.0,2.0,3.0,0.390452,15.0,18.0,248.0,0.0,5.0,35.91,13.0,4202.0,1951.87,2181.0,0.0
1.0,23.0,35.0,5.00114,23.0,326.0,110.46,0.0,10.0,298.82,5.51,4203.0,1952.86,144.0,0.0
1.0,1.0,1.0,0.0,3.0,0.0,65.0,0.0,4.0,0.03,8.0,4206.0,1953.27,2218.0,0.0
1.0,1.0,1.0,0.0,3.0,2.0,494.0,0.0,2.0,456.3,2.0,4207.0,1954.27,2219.0,0.0
1.0,1.0,1.0,0.0,3.0,3.0,161.0,1.0,3.0,19.66,8.0,4208.0,1955.27,2220.0,0.0
2.0,2.0,2.0,1.0,4.0,2.0,82.5,0.0,2.0,52.46,3.0,4211.0,1957.7,4406.0,0.0
1.0,1.0,1.0,0.0,2.0,2.0,898.0,0.0,7.0,30.32,115.0,4212.0,1957.0,2224.0,0.0
1.0,3.0,3.0,1.09307,195.0,0.0,136.33,0.0,9.0,3.29,31.33,4213.0,1957.96,195.0,0.0
2.0,4.0,9.0,2.89353,370.0,3.0,92.67,1.0,11.0,24.38,10.56,4214.0,1958.68,4409.0,1.0
1.0,2.0,4.0,1.72295,212.0,1.0,211.5,1.0,4.0,2.23,12.25,4215.0,1959.14,2185.0,1.0
1.0,1.0,1.0,0.0,1.0,0.0,7.0,0.0,2.0,77.42,3.0,4216.0,1960.04,87.0,0.0
1.0,2.0,10.0,3.2353,19.0,33.0,74.8,0.0,4.0,66.02,2.3,1.0,1.0,1.0,0.0
1.0,2.0,2.0,0.999591,69.0,15.0,56.5,0.0,1.0,35.64,0.5,2.0,1.99,2.0,0.0
1.0,1.0,1.0,0.0,2.0,2.0,343.0,0.0,4.0,77.3,7.0,2395.0,995.08,9.0,0.0
1.0,1.0,1.0,0.0,1.0,1.0,802.0,0.0,11.0,1.89,88.0,2396.0,996.07,567.0,0.0
1.0,2.0,3.0,1.5656,17.0,13.0,327.0,0.0,10.0,120.39,23.33,581.0,250.01,353.0,0.0
1.0,1.0,1.0,0.0,1.0,1.0,236.0,0.0,9.0,6.07,46.0,4219.0,1954.9,2228.0,0.0
1.0,1.0,1.0,0.0,5.0,2.0,348.0,0.0,5.0,12.64,54.0,4220.0,1955.9,2186.0,0.0
1.0,4.0,13.0,3.18752,269.0,168.0,80.77,0.0,5.0,15.62,5.08,4221.0,1956.9,2229.0,1.0
1.0,1.0,1.0,0.0,0.0,6.0,77.0,0.0,5.0,5.08,16.0,2397.0,995.43,1501.0,0.0
1.0,1.0,1.0,0.0,1.0,1.0,343.0,0.0,3.0,78.59,4.0,4223.0,1958.56,0.0,0.0
1.0,1.0,1.0,0.0,2.0,2.0,351.0,0.0,5.0,0.12,55.0,4224.0,1959.56,2187.0,0.0
1.0,3.0,2.0,0.0,1.0,1.0,67.0,0.0,5.0,38.7,27.0,582.0,250.8,99.0,0.0
1.0,9.0,6.0,1.58496,3.0,3.0,69.5,0.0,6.0,38.05,10.17,585.0,253.79,102.0,0.0
1.0,1.0,2.0,1.0,2.0,2.0,281.5,0.0,9.0,62.1,25.5,586.0,254.75,354.0,0.0
1.0,4.0,4.0,1.75952,9.0,32.0,86.25,0.0,6.0,0.31,9.5,4225.0,1958.45,2188.0,0.0
1.0,1.0,1.0,0.0,25.0,0.0,84.0,0.0,3.0,0.19,6.0,4227.0,1959.9,2189.0,0.0
1.0,2.0,4.0,1.04549,209.0,11.0,193.0,0.0,3.0,33.82,4.75,83.0,65.02,59.0,1.0
1.0,1.0,1.0,0.0,1.0,1.0,1684.0,0.0,14.0,5.95,358.0,4230.0,1954.9,155.0,0.0
1.0,1.0,1.0,0.0,3.0,3.0,141.0,0.0,1.0,65.7,3.0,4232.0,1956.27,2232.0,0.0
1.0,1.0,1.0,0.0,2.0,2.0,111.0,0.0,3.0,65.7,7.0,4233.0,1957.27,2233.0,0.0
1.0,1.0,1.0,0.0,12.0,0.0,73.0,0.0,1.0,14.72,5.0,4234.0,1958.27,2234.0,0.0
2.0,3.0,3.0,1.43982,95.0,9.0,24.67,0.0,6.0,18.31,7.0,4235.0,1959.2,4428.0,0.0
1.0,1.0,1.0,0.0,1.0,1.0,1684.0,0.0,14.0,0.35,359.0,4236.0,1959.9,156.0,0.0
2.0,5.0,5.0,1.91222,138.0,3.0,299.0,0.0,10.0,75.0,27.4,4237.0,1960.72,4430.0,0.0
2.0,11.0,52.0,4.8364699999999985,5494.0,4.0,21.0,0.0,9.0,1.19,4.88,2400.0,992.54,2073.0,1.0
1.0,7.0,12.0,3.18451,757.0,76.0,127.42,0.0,12.0,16.42,11.25,2401.0,993.54,1505.0,1.0
1.0,3.0,4.0,0.977616,140.0,0.0,10.5,0.0,2.0,49.69,1.75,2402.0,994.54,163.0,0.0
1.0,3.0,3.0,1.1529,73.0,18.0,86.33,0.0,6.0,167.44,16.0,4239.0,1960.98,2237.0,0.0
1.0,5.0,11.0,1.63359,87.0,82.0,68.36,0.0,8.0,353.14,6.09,4240.0,1961.98,2238.0,0.0
1.0,2.0,2.0,0.6267510000000001,99.0,3.0,118.0,1.0,9.0,3.02,23.5,4242.0,1960.55,2240.0,0.0
1.0,2.0,2.0,0.940286,7.0,7.0,96.0,0.0,7.0,35.77,10.5,4243.0,1958.88,2241.0,0.0
1.0,2.0,2.0,0.935269,35.0,2.0,165.0,0.0,5.0,1.04,11.0,85.0,66.16,61.0,0.0
1.0,1.0,1.0,0.0,8.0,4.0,343.0,0.0,6.0,69.01,42.0,4244.0,1958.62,2242.0,0.0
1.0,1.0,1.0,0.0,62.0,0.0,0.0,0.0,0.0,0.0,0.0,4245.0,1959.6,2196.0,0.0
1.0,1.0,1.0,0.0,1.0,1.0,165.0,0.0,3.0,6.57,10.0,4246.0,1960.58,2243.0,0.0
1.0,5.0,7.0,2.48878,51.0,9.0,91.29,0.0,7.0,334.37,15.71,2404.0,991.43,164.0,0.0
1.0,1.0,1.0,0.0,0.0,1.0,235.0,0.0,5.0,0.02,28.0,4249.0,1958.82,2246.0,0.0
1.0,1.0,1.0,0.0,1.0,4.0,85.0,0.0,1.0,406.44,3.0,2408.0,994.82,1508.0,0.0
1.0,8.0,8.0,2.27616,31.0,15.0,58.88,0.0,10.0,13.12,10.38,589.0,254.47,103.0,0.0
2.0,3.0,3.0,1.29574,7.0,6.0,101.67,0.0,6.0,105.69,14.67,591.0,256.46,624.0,0.0
5.0,15.0,19.0,3.77539,65.0,20.0,256.58,0.0,15.0,528.29,38.89,592.0,257.43,710.0,0.0
1.0,2.0,3.0,0.530419,151.0,6.0,107.67,1.0,7.0,30.99,19.33,4251.0,1960.18,2198.0,1.0
1.0,2.0,2.0,0.907166,29.0,2.0,113.5,1.0,1.0,83.91,1.5,4252.0,1961.16,2247.0,0.0
1.0,1.0,1.0,0.0,1.0,1.0,1696.0,0.0,14.0,0.03,361.0,4253.0,1962.1,157.0,0.0
1.0,5.0,9.0,2.75301,895.0,87.0,34.22,0.0,9.0,3.17,13.56,10.0,7.69,8.0,1.0
1.0,1.0,1.0,0.0,186.0,0.0,0.0,0.0,0.0,0.0,0.0,86.0,66.87,62.0,0.0
1.0,2.0,5.0,0.975761,86.0,10.0,60.8,1.0,2.0,52.49,0.6,12.0,9.69,10.0,0.0
1.0,2.0,3.0,1.52193,4.0,6.0,56.33,0.0,1.0,517.36,1.33,4254.0,1961.39,2248.0,0.0
1.0,1.0,1.0,0.0,1.0,1.0,155.0,0.0,5.0,5.04,45.0,4255.0,1962.37,2249.0,0.0
1.0,3.0,4.0,1.81467,73.0,2.0,975.0,0.0,11.0,43.01,50.75,4256.0,1963.27,2199.0,0.0
1.0,2.0,3.0,0.301497,91.0,1.0,62.0,0.0,5.0,67.04,15.33,4257.0,1964.11,2250.0,0.0
1.0,1.0,1.0,0.0,2.0,2.0,1696.0,0.0,14.0,0.74,362.0,4258.0,1964.97,158.0,0.0
1.0,2.0,2.0,0.503258,16.0,2.0,55.0,0.0,5.0,157.13,4.0,4259.0,1965.89,2251.0,0.0
1.0,1.0,2.0,1.0,8.0,4.0,104.0,0.0,1.0,72.1,1.0,87.0,67.7,63.0,0.0
1.0,3.0,7.0,2.1211900000000004,77.0,70.0,40.0,0.0,4.0,440.9,2.43,4260.0,1964.52,2252.0,0.0
1.0,1.0,1.0,0.0,1.0,1.0,1696.0,0.0,14.0,0.85,363.0,4261.0,1965.51,159.0,0.0
1.0,2.0,3.0,0.5216390000000001,43.0,2.0,472.0,0.0,4.0,27.42,35.33,4262.0,1966.39,2200.0,0.0
1.0,1.0,8.0,2.91398,0.0,11.0,66.88,0.0,5.0,258.69,2.63,4264.0,1968.18,2254.0,0.0
1.0,11.0,14.0,2.64115,680.0,32.0,222.79,0.0,9.0,30.46,19.57,4266.0,1967.12,2201.0,1.0
1.0,5.0,9.0,2.82495,507.0,2.0,125.78,0.0,6.0,19.66,7.78,4267.0,1968.05,2202.0,1.0
1.0,9.0,10.0,2.24427,41.0,29.0,71.1,1.0,5.0,175.1,8.3,4268.0,1968.93,146.0,0.0
1.0,2.0,3.0,1.48781,49.0,8.0,269.67,1.0,4.0,84.54,11.33,129.0,46.36,107.0,0.0
1.0,1.0,2.0,0.200622,3.0,29.0,563.0,0.0,6.0,80.76,22.0,593.0,257.32,359.0,1.0
2.0,4.0,5.0,2.12766,185.0,0.0,139.6,0.0,7.0,13.62,14.8,4269.0,1969.68,4459.0,0.0
2.0,3.0,3.0,0.865857,20.0,2.0,483.0,0.0,3.0,97.66,1.33,594.0,258.3,451.0,0.0
1.0,1.0,1.0,0.0,77.0,0.0,0.0,0.0,0.0,0.0,0.0,4270.0,1969.14,2257.0,0.0
1.0,2.0,2.0,1.0,2.0,2.0,218.0,0.0,1.0,37.79,3.0,4271.0,1969.6,2204.0,0.0
1.0,8.0,11.0,2.71074,537.0,1.0,14.82,0.0,9.0,0.01,5.45,4273.0,1971.22,37.0,0.0
1.0,1.0,1.0,0.0,1.0,1.0,375.0,1.0,2.0,36.99,5.0,88.0,68.27,64.0,0.0
2.0,3.0,3.0,1.52193,3.0,2.0,342.67,0.0,10.0,4.67,87.0,2411.0,991.65,1639.0,0.0
1.0,1.0,1.0,0.0,1.0,8.0,663.0,0.0,9.0,0.0,141.0,2412.0,992.65,130.0,0.0
1.0,1.0,1.0,0.0,13.0,8.0,126.0,0.0,6.0,20.86,27.0,4275.0,1970.86,2205.0,0.0
1.0,2.0,2.0,0.97625,105.0,0.0,0.0,0.0,0.0,0.0,0.0,4277.0,1972.16,2259.0,0.0
1.0,1.0,1.0,0.0,1.0,1.0,1696.0,0.0,14.0,3.64,364.0,2413.0,992.77,127.0,0.0
1.0,3.0,14.0,2.74502,577.0,88.0,72.29,0.0,4.0,57.77,1.57,2414.0,993.38,1511.0,1.0
1.0,1.0,2.0,0.315265,157.0,1.0,60.5,0.0,1.0,9.02,0.5,2415.0,994.38,166.0,0.0
1.0,3.0,9.0,3.00595,650.0,0.0,46.0,0.0,9.0,2.0,10.56,2416.0,995.37,167.0,0.0
1.0,3.0,3.0,0.690695,3.0,26.0,49.33,0.0,5.0,406.26,4.33,2417.0,996.37,1512.0,0.0
1.0,1.0,1.0,0.0,2.0,2.0,253.0,0.0,1.0,2.98,2.0,4278.0,1970.44,2207.0,0.0
1.0,1.0,1.0,0.0,5.0,6.0,68.0,0.0,1.0,77.58,3.0,4279.0,1969.3,2208.0,0.0
1.0,1.0,1.0,0.0,1.0,1.0,80.0,0.0,1.0,77.62,7.0,4280.0,1970.17,2209.0,0.0
1.0,5.0,6.0,1.96429,221.0,46.0,225.5,0.0,10.0,57.21,23.67,4281.0,1970.97,2210.0,1.0
1.0,1.0,1.0,0.0,0.0,110.0,110.0,0.0,3.0,9.34,9.0,4282.0,1971.02,2260.0,0.0
1.0,3.0,4.0,1.65233,25.0,42.0,58.25,0.0,7.0,276.4,16.5,4283.0,1970.28,2261.0,0.0
1.0,2.0,2.0,0.447499,50.0,25.0,73.0,0.0,4.0,319.66,17.5,4284.0,1971.28,2262.0,0.0
1.0,2.0,2.0,0.4305520000000001,46.0,22.0,66.0,0.0,4.0,64.46,24.0,4286.0,1973.28,2264.0,0.0
1.0,1.0,1.0,0.0,1.0,2.0,104.0,0.0,7.0,50.4,67.0,4287.0,1974.27,2265.0,0.0
1.0,1.0,1.0,0.0,0.0,2.0,135.0,0.0,6.0,12.06,62.0,4289.0,1976.13,2267.0,0.0
1.0,2.0,44.0,5.2965800000000005,194.0,108.0,72.36,0.0,8.0,281.78,3.93,4290.0,1977.12,2268.0,0.0
1.0,2.0,3.0,1.42819,57.0,12.0,47.0,0.0,6.0,69.2,18.0,4291.0,1978.12,2269.0,0.0
1.0,3.0,7.0,2.38138,41.0,79.0,67.14,0.0,5.0,190.89,9.14,4292.0,1979.11,2270.0,0.0
2.0,42.0,71.0,5.13722,1078.0,256.0,102.49,0.0,11.0,112.63,6.77,4293.0,1980.1,4482.0,1.0
2.0,4.0,9.0,2.63565,28.0,26.0,104.44,0.0,4.0,112.65,2.78,4296.0,1982.73,4486.0,0.0
1.0,2.0,2.0,0.886541,23.0,0.0,422.0,0.0,7.0,19.52,24.0,4297.0,1983.66,2274.0,0.0
1.0,2.0,2.0,1.0,2.0,2.0,446.5,0.0,9.0,0.0,86.0,4299.0,1985.35,2276.0,0.0
1.0,1.0,1.0,0.0,6.0,1.0,69.0,0.0,1.0,78.92,3.0,4300.0,1986.25,2277.0,0.0
2.0,2.0,2.0,0.721928,5.0,5.0,96.5,0.0,4.0,3.72,4.0,4301.0,1985.7,4492.0,0.0
1.0,2.0,2.0,0.63431,10.0,15.0,68.0,1.0,4.0,185.36,7.0,4302.0,1986.29,2279.0,0.0
1.0,1.0,1.0,0.0,5.0,1.0,149.0,0.0,3.0,1.24,7.0,4303.0,1984.08,2215.0,0.0
1.0,1.0,2.0,0.522559,7.0,10.0,162.0,1.0,7.0,2.06,22.0,4304.0,1985.08,2216.0,0.0
1.0,1.0,1.0,0.0,0.0,2.0,33.0,0.0,1.0,594.25,3.0,4305.0,1986.07,2280.0,0.0
1.0,1.0,1.0,0.0,11.0,1.0,442.0,0.0,3.0,30.87,31.0,4306.0,1986.98,2217.0,0.0
3.0,3.0,3.0,1.43552,5.0,4.0,708.33,0.0,15.0,20.62,170.0,4308.0,1986.75,2514.0,0.0
1.0,1.0,1.0,0.0,1.0,1.0,262.0,0.0,9.0,0.09,179.0,2418.0,990.89,131.0,0.0
2.0,2.0,2.0,0.291818,22.0,17.0,516.0,0.0,8.0,20.58,32.0,2419.0,991.62,2083.0,1.0
1.0,1.0,3.0,1.56565,10.0,7.0,344.33,0.0,9.0,31.03,28.0,4312.0,1989.86,2221.0,0.0
1.0,1.0,1.0,0.0,6.0,3.0,543.0,0.0,3.0,0.2,22.0,4314.0,1989.02,2284.0,0.0
1.0,2.0,3.0,0.307613,6.0,217.0,186.0,0.0,2.0,0.02,0.67,90.0,69.07,8.0,0.0
1.0,1.0,1.0,0.0,2.0,1.0,108.0,0.0,4.0,565.39,8.0,4317.0,1990.32,2286.0,0.0
1.0,2.0,5.0,1.59782,0.0,117.0,74.6,0.0,5.0,453.08,5.0,4318.0,1991.05,2287.0,0.0
1.0,2.0,3.0,1.19089,27.0,19.0,404.0,0.0,5.0,1.9,11.67,4320.0,1992.98,2289.0,0.0
1.0,3.0,20.0,2.99494,27.0,45.0,178.75,1.0,3.0,57.91,1.65,4321.0,1993.96,2290.0,0.0
1.0,1.0,1.0,0.0,21.0,10.0,81.0,0.0,3.0,4.88,7.0,4323.0,1995.86,2292.0,0.0
2.0,5.0,7.0,2.41521,292.0,19.0,105.57,0.0,5.0,88.45,8.0,4329.0,1998.25,4523.0,1.0
1.0,2.0,4.0,1.64378,24.0,9.0,137.75,0.0,2.0,0.45,2.0,2420.0,985.62,1514.0,0.0
1.0,2.0,4.0,1.60402,19.0,8.0,321.25,0.0,6.0,60.97,25.5,4332.0,1992.26,2299.0,1.0
1.0,2.0,4.0,1.4792299999999998,13.0,13.0,88.25,0.0,2.0,49.92,1.0,595.0,254.03,361.0,0.0
1.0,1.0,1.0,0.0,1.0,1.0,1691.0,0.0,14.0,1.57,368.0,596.0,255.03,68.0,0.0
1.0,2.0,4.0,1.39818,28.0,31.0,194.75,0.0,11.0,71.66,15.5,2422.0,986.38,1515.0,1.0
1.0,7.0,18.0,3.89236,1264.0,0.0,3.06,0.0,5.0,2.21,3.56,4333.0,1991.22,72.0,1.0
3.0,6.0,6.0,1.52512,33.0,20.0,564.5,0.0,17.0,8.76,106.33,4336.0,1994.01,304.0,0.0
2.0,12.0,31.0,3.9872,109.0,177.0,157.74,0.0,10.0,110.44,8.84,597.0,255.72,630.0,1.0
2.0,4.0,10.0,3.0244,4.0,12.0,64.0,0.0,7.0,304.73,7.5,598.0,256.63,632.0,0.0
1.0,1.0,1.0,0.0,0.0,23.0,435.0,0.0,2.0,0.3,25.0,599.0,257.61,270.0,0.0
1.0,1.0,1.0,0.0,4.0,0.0,525.0,0.0,9.0,10.45,162.0,600.0,258.56,364.0,0.0
1.0,1.0,1.0,0.0,17.0,0.0,172.0,0.0,3.0,6.12,10.0,4337.0,1992.06,2301.0,0.0
1.0,3.0,3.0,1.1848,2.0,109.0,47.67,0.0,5.0,8.05,6.0,4338.0,1993.05,2302.0,0.0
1.0,1.0,1.0,0.0,1.0,0.0,391.0,0.0,7.0,6.82,104.0,4339.0,1994.05,202.0,0.0
1.0,1.0,1.0,0.0,0.0,8.0,3019.0,1.0,13.0,0.0,279.0,4341.0,1996.03,2228.0,0.0
1.0,2.0,3.0,1.48548,0.0,10.0,181.0,0.0,8.0,103.48,28.33,2424.0,986.67,1517.0,0.0
1.0,1.0,1.0,0.0,2.0,2.0,1693.0,0.0,14.0,1.89,370.0,4343.0,1995.48,164.0,0.0
3.0,3.0,3.0,1.06941,26.0,44.0,838.0,0.0,15.0,26.28,155.33,4344.0,1996.44,2544.0,0.0
1.0,1.0,1.0,0.0,1.0,1.0,1693.0,0.0,14.0,0.04,372.0,2425.0,986.56,128.0,0.0
1.0,1.0,1.0,0.0,6.0,0.0,263.0,0.0,9.0,0.03,182.0,2427.0,988.5,133.0,0.0
1.0,2.0,2.0,0.650022,3.0,3.0,463.0,0.0,10.0,0.04,130.0,2428.0,989.49,134.0,0.0
2.0,2.0,2.0,1.0,2.0,2.0,981.5,0.0,15.0,0.02,240.0,2429.0,990.49,264.0,0.0
1.0,1.0,1.0,0.0,2.0,2.0,91.0,0.0,2.0,0.08,2.0,4347.0,1999.15,2306.0,0.0
1.0,3.0,3.0,1.11141,215.0,1.0,34.67,0.0,2.0,20.84,3.0,4348.0,1999.84,2307.0,1.0
1.0,3.0,5.0,2.08975,31.0,27.0,160.4,0.0,2.0,258.22,7.0,2430.0,991.21,1518.0,0.0
1.0,2.0,2.0,1.0,6.0,2.0,326.5,0.0,4.0,48.53,16.0,4349.0,2000.28,2231.0,0.0
1.0,1.0,1.0,0.0,1.0,1.0,312.0,0.0,3.0,0.01,15.0,4350.0,2001.26,2232.0,0.0
1.0,6.0,33.0,4.26663,1164.0,232.0,58.3,0.0,1.0,104.43,0.12,93.0,70.86,67.0,1.0
1.0,2.0,2.0,1.0,6.0,2.0,96.5,0.0,4.0,91.36,13.0,602.0,259.81,271.0,0.0
1.0,1.0,5.0,2.25163,1.0,5.0,78.4,0.0,2.0,156.71,0.8,2432.0,992.42,1520.0,0.0
1.0,1.0,2.0,0.286397,4.0,16.0,136.5,0.0,1.0,20.38,0.5,2433.0,993.42,1521.0,0.0
1.0,1.0,3.0,0.986427,9.0,9.0,135.67,0.0,4.0,12.78,8.33,2434.0,994.42,1522.0,0.0
2.0,26.0,30.0,3.734280000000001,77.0,101.0,124.6,0.0,10.0,120.96,4.17,2435.0,995.41,1723.0,0.0
1.0,2.0,3.0,1.56128,5.0,3.0,47.67,0.0,2.0,372.19,1.33,4352.0,1997.65,203.0,0.0
2.0,3.0,3.0,0.734993,78.0,4.0,38.67,0.0,5.0,62.29,5.33,0.0,0.0,0.0,0.0
1.0,1.0,1.0,0.0,2.0,2.0,1693.0,0.0,14.0,2.85,374.0,4354.0,1997.85,166.0,0.0
1.0,1.0,1.0,0.0,10.0,0.0,84.0,0.0,2.0,45.64,6.0,2436.0,992.26,572.0,0.0
1.0,1.0,1.0,0.0,1.0,1.0,1694.0,0.0,14.0,0.0,376.0,2440.0,993.9,131.0,0.0
1.0,2.0,2.0,0.918296,5.0,1.0,128.5,0.0,5.0,242.51,23.5,45.0,20.83,26.0,0.0
1.0,1.0,2.0,0.8960379999999999,11.0,5.0,102.5,0.0,7.0,92.34,19.5,4356.0,1984.55,2236.0,1.0
1.0,1.0,1.0,0.0,1.0,1.0,1694.0,0.0,14.0,2.21,377.0,4358.0,1986.5,167.0,0.0
1.0,1.0,1.0,0.0,2.0,2.0,2337.0,1.0,10.0,14.16,308.0,4360.0,1988.29,2238.0,0.0
1.0,3.0,4.0,1.53051,21.0,7.0,244.75,0.0,8.0,25.12,26.0,2442.0,992.13,1526.0,0.0
1.0,1.0,1.0,0.0,68.0,0.0,0.0,0.0,0.0,0.0,0.0,2443.0,993.13,1527.0,0.0
2.0,3.0,3.0,1.41713,13.0,11.0,209.67,0.0,8.0,22.76,28.33,4362.0,1988.19,4551.0,1.0
3.0,11.0,30.0,4.2122,3665.0,3.0,88.53,0.0,16.0,4.13,19.07,4363.0,1988.83,2549.0,1.0
1.0,1.0,1.0,0.0,2.0,2.0,1700.0,0.0,14.0,0.11,379.0,4364.0,1989.51,169.0,0.0
1.0,1.0,1.0,0.0,1.0,1.0,898.0,0.0,7.0,41.25,116.0,4365.0,1990.49,2314.0,0.0
1.0,1.0,2.0,0.342464,2.0,45.0,63.5,0.0,3.0,668.07,4.5,4366.0,1991.46,2315.0,0.0
3.0,13.0,52.0,4.75186,1517.0,274.0,119.63,0.0,7.0,25.01,1.4,4368.0,1993.18,4761.0,1.0
2.0,2.0,3.0,1.44389,89.0,4.0,218.67,0.0,9.0,3.35,48.67,4370.0,1992.95,283.0,0.0
1.0,3.0,3.0,1.45862,27.0,1.0,86.67,1.0,1.0,205.68,0.33,3.0,2.65,3.0,0.0
1.0,2.0,4.0,0.752933,135.0,7.0,300.75,0.0,8.0,27.52,20.5,2446.0,993.43,1529.0,1.0
1.0,1.0,2.0,0.668127,60.0,3.0,99.5,1.0,4.0,0.02,11.5,4376.0,1995.24,2322.0,0.0
1.0,1.0,1.0,0.0,1.0,1.0,52.0,0.0,1.0,0.01,1.0,4378.0,1997.21,2323.0,0.0
1.0,2.0,2.0,0.8112779999999999,4.0,4.0,290.5,1.0,3.0,96.59,8.0,603.0,256.76,366.0,0.0
1.0,1.0,1.0,0.0,1.0,1.0,121.0,0.0,8.0,52.18,72.0,604.0,257.76,367.0,0.0
1.0,1.0,1.0,0.0,14.0,2.0,57.0,0.0,1.0,201.49,3.0,606.0,259.76,369.0,0.0
1.0,4.0,4.0,1.93442,18.0,15.0,32.75,0.0,7.0,205.17,8.0,607.0,260.76,370.0,0.0
1.0,1.0,1.0,0.0,1.0,8.0,78.0,0.0,4.0,0.01,17.0,608.0,261.75,371.0,0.0
1.0,1.0,1.0,0.0,3.0,3.0,163.0,1.0,2.0,82.48,7.0,609.0,262.75,372.0,0.0
1.0,2.0,2.0,0.721928,29.0,1.0,465.5,0.0,10.0,0.89,132.5,16.0,12.2,0.0,0.0
1.0,2.0,2.0,0.970951,3.0,2.0,263.0,1.0,7.0,339.42,37.0,610.0,263.74,373.0,0.0
1.0,1.0,1.0,0.0,1.0,1.0,110.0,0.0,2.0,118.65,3.0,611.0,264.74,374.0,0.0
0.0,0.0,0.0,0.0,0.0,0.0,0.0,0.0,0.0,0.0,0.0,613.0,266.67,0.0,0.0
1.0,1.0,1.0,0.0,0.0,6.0,683.0,0.0,10.0,0.37,148.0,2447.0,993.21,136.0,0.0
1.0,1.0,1.0,0.0,7.0,3.0,677.0,0.0,10.0,0.19,149.0,2448.0,993.97,137.0,0.0
1.0,1.0,4.0,0.75332,45.0,2.0,64.5,0.0,3.0,153.09,5.25,4380.0,1996.71,209.0,0.0
1.0,1.0,1.0,0.0,5.0,0.0,327.0,0.0,6.0,64.09,69.0,2450.0,994.58,201.0,0.0
1.0,1.0,1.0,0.0,3.0,4.0,681.0,0.0,10.0,1.14,150.0,17.0,13.15,1.0,0.0
1.0,1.0,1.0,0.0,38.0,2.0,120.0,1.0,4.0,103.97,11.0,615.0,268.04,274.0,0.0
1.0,2.0,2.0,0.8112779999999999,5.0,3.0,214.0,0.0,3.0,0.74,13.0,2451.0,994.93,573.0,0.0
1.0,1.0,1.0,0.0,0.0,19.0,338.0,0.0,10.0,0.6,124.0,2453.0,996.81,1532.0,0.0
1.0,2.0,7.0,2.41938,18.0,18.0,53.43,0.0,3.0,140.13,1.86,20.0,16.12,2.0,0.0
1.0,1.0,1.0,0.0,4.0,5.0,879.0,0.0,4.0,0.0,62.0,4385.0,1996.06,2247.0,0.0
1.0,1.0,1.0,0.0,1.0,1.0,142.0,0.0,3.0,582.5,11.0,21.0,17.12,0.0,0.0
1.0,1.0,3.0,1.55666,11.0,10.0,72.0,0.0,4.0,0.07,4.0,2457.0,1000.32,171.0,0.0
1.0,1.0,1.0,0.0,6.0,0.0,183.0,0.0,2.0,0.29,2.0,22.0,18.11,16.0,0.0
1.0,1.0,1.0,0.0,6.0,0.0,189.0,0.0,2.0,0.04,3.0,23.0,19.11,17.0,0.0
1.0,1.0,1.0,0.0,20.0,4.0,155.0,0.0,3.0,0.68,13.0,2458.0,1000.57,1536.0,0.0
1.0,1.0,1.0,0.0,1.0,1.0,1705.0,0.0,14.0,1.56,381.0,2459.0,1001.57,133.0,0.0
4.0,14.0,36.0,4.6524,2484.0,1.0,94.25,0.0,17.0,3.04,20.03,4386.0,1994.15,4815.0,1.0
1.0,1.0,1.0,0.0,1.0,0.0,195.0,0.0,2.0,0.87,4.0,4388.0,1995.72,2330.0,0.0
2.0,3.0,3.0,1.15091,118.0,0.0,228.0,0.0,10.0,0.46,50.67,4389.0,1996.54,289.0,0.0
1.0,1.0,1.0,0.0,1.0,1.0,196.0,0.0,3.0,0.07,5.0,619.0,271.23,379.0,0.0
2.0,2.0,3.0,1.54663,50.0,4.0,63.0,0.0,1.0,0.18,0.67,4390.0,1997.41,2542.0,0.0
1.0,1.0,5.0,2.08826,100.0,123.0,224.4,0.0,1.0,6.5,0.2,5.0,4.59,5.0,0.0
1.0,1.0,1.0,0.0,0.0,1.0,42.0,0.0,1.0,169.9,2.0,4391.0,1996.94,212.0,0.0
1.0,1.0,2.0,0.918296,2.0,1.0,40.5,0.0,3.0,1.86,3.0,4392.0,1997.92,213.0,0.0
1.0,2.0,2.0,1.0,178.0,0.0,0.0,0.0,0.0,0.0,0.0,4393.0,1998.9,214.0,0.0
1.0,2.0,2.0,0.954434,38.0,10.0,322.5,0.0,2.0,33.45,11.5,4394.0,1999.68,2332.0,0.0
1.0,3.0,3.0,1.58496,0.0,3.0,89.0,0.0,1.0,0.25,1.0,4395.0,2000.68,215.0,0.0
2.0,3.0,3.0,1.45915,4.0,2.0,892.0,0.0,16.0,2.03,183.0,7.0,6.58,0.0,0.0
2.0,3.0,3.0,1.41144,15.0,18.0,153.33,0.0,3.0,43.9,11.0,4399.0,2003.41,4586.0,0.0
1.0,1.0,1.0,0.0,3.0,0.0,332.0,0.0,2.0,101.35,14.0,9.0,8.55,8.0,0.0
2.0,3.0,12.0,3.5144900000000003,617.0,0.0,0.0,0.0,0.0,0.0,0.0,4404.0,2003.78,4592.0,0.0
2.0,3.0,12.0,3.49626,645.0,0.0,0.0,1.0,0.0,0.0,0.0,4405.0,2004.75,4594.0,0.0
1.0,2.0,2.0,0.954434,88.0,0.0,0.0,1.0,0.0,0.0,0.0,4406.0,2005.74,2340.0,0.0
1.0,1.0,1.0,0.0,1.0,1.0,1711.0,0.0,15.0,2.01,384.0,4407.0,2006.67,171.0,0.0
1.0,1.0,1.0,0.0,2.0,7.0,91.0,0.0,2.0,48.47,4.0,4409.0,2008.18,2342.0,0.0
1.0,2.0,2.0,0.563856,68.0,0.0,1515.5,0.0,13.0,1.05,140.5,4410.0,2008.85,2257.0,0.0
3.0,18.0,33.0,4.56672,2105.0,0.0,81.42,0.0,17.0,0.3,17.58,4411.0,2009.71,2585.0,1.0
3.0,4.0,4.0,1.4301700000000002,76.0,5.0,271.75,0.0,12.0,1.19,68.25,4412.0,2010.63,2640.0,0.0
1.0,1.0,1.0,0.0,15.0,0.0,241.0,0.0,1.0,109.62,4.0,24.0,19.89,18.0,0.0
1.0,1.0,2.0,0.8112779999999999,4.0,4.0,80.0,0.0,2.0,109.69,1.5,25.0,20.89,19.0,0.0
1.0,1.0,2.0,0.94566,15.0,7.0,82.0,0.0,2.0,8.8,1.0,27.0,22.88,21.0,0.0
1.0,1.0,1.0,0.0,1.0,1.0,18.0,0.0,1.0,1.03,1.0,10.0,9.5,9.0,0.0
2.0,2.0,2.0,1.0,2.0,0.0,365.0,0.0,10.0,36.32,104.0,621.0,271.57,370.0,0.0
1.0,1.0,1.0,0.0,1.0,1.0,312.0,0.0,8.0,0.0,147.0,622.0,272.57,277.0,0.0
2.0,2.0,2.0,1.0,1.0,1.0,559.0,0.0,12.0,1.19,125.0,28.0,23.84,5.0,0.0
1.0,1.0,1.0,0.0,0.0,1.0,699.0,0.0,11.0,0.07,156.0,2462.0,997.58,139.0,0.0
1.0,1.0,1.0,0.0,1.0,1.0,143.0,0.0,15.0,1.9,181.0,29.0,24.83,22.0,0.0
1.0,2.0,2.0,0.6987,49.0,4.0,261.0,0.0,8.0,66.25,23.5,624.0,274.13,279.0,0.0
2.0,2.0,2.0,1.0,2.0,2.0,997.5,0.0,16.0,2.39,248.5,4413.0,2004.69,254.0,0.0
1.0,3.0,3.0,1.37878,3.0,4.0,1155.33,0.0,13.0,0.01,107.67,4415.0,2005.81,2259.0,0.0
1.0,1.0,2.0,0.999926,198.0,0.0,0.0,0.0,0.0,0.0,0.0,4416.0,2006.8,2260.0,0.0
1.0,1.0,1.0,0.0,17.0,24.0,165.0,0.0,4.0,0.58,8.0,4417.0,2007.79,2261.0,0.0
2.0,2.0,2.0,0.918296,2.0,1.0,1185.5,0.0,16.0,1.55,249.0,30.0,25.78,1.0,0.0
1.0,21.0,14.0,2.80735,7.0,7.0,65.86,0.0,10.0,53.27,5.64,629.0,278.85,106.0,0.0
1.0,1.0,1.0,0.0,1.0,2.0,249.0,1.0,9.0,7.27,62.0,130.0,45.45,108.0,0.0
1.0,1.0,1.0,0.0,1.0,2.0,272.0,1.0,7.0,108.14,58.0,131.0,46.45,109.0,0.0
1.0,1.0,2.0,1.0,2.0,2.0,86.0,0.0,3.0,2.3,1.5,633.0,282.65,386.0,0.0
2.0,10.0,21.0,3.64556,394.0,174.0,279.52,0.0,13.0,77.38,18.71,4418.0,2006.58,4608.0,1.0
2.0,2.0,2.0,0.99403,11.0,11.0,793.5,0.0,11.0,0.96,252.0,31.0,26.73,2.0,0.0
1.0,1.0,1.0,0.0,2.0,2.0,100.0,0.0,1.0,0.09,2.0,4419.0,2007.31,2263.0,0.0
1.0,1.0,1.0,0.0,1.0,1.0,83.0,0.0,2.0,112.6,7.0,4420.0,2008.23,2264.0,0.0
1.0,2.0,3.0,0.879022,195.0,16.0,311.0,1.0,7.0,265.98,28.0,4421.0,2009.22,2265.0,0.0
2.0,3.0,3.0,1.32975,36.0,0.0,201.33,0.0,10.0,40.23,20.67,2464.0,997.23,2114.0,0.0
1.0,1.0,1.0,0.0,186.0,0.0,0.0,0.0,0.0,0.0,0.0,4423.0,2010.99,2267.0,0.0
1.0,1.0,1.0,0.0,3.0,0.0,1718.0,0.0,15.0,1.04,388.0,32.0,27.71,2.0,0.0
1.0,1.0,1.0,0.0,3.0,0.0,51.0,0.0,1.0,112.85,2.0,4425.0,2012.52,2269.0,0.0
1.0,1.0,1.0,0.0,1.0,1.0,1721.0,0.0,15.0,0.04,389.0,33.0,28.7,3.0,0.0
1.0,2.0,2.0,0.918296,3.0,0.0,477.0,0.0,5.0,57.15,26.0,3.0,2.87,3.0,0.0
1.0,1.0,3.0,1.58496,12.0,6.0,77.33,0.0,2.0,85.04,1.33,11.0,10.42,10.0,0.0
1.0,1.0,1.0,0.0,0.0,3.0,335.0,0.0,3.0,4.98,15.0,12.0,11.42,11.0,0.0
1.0,4.0,6.0,1.29845,109.0,65.0,654.83,1.0,13.0,37.6,54.17,635.0,284.17,284.0,0.0
1.0,1.0,1.0,0.0,1.0,1.0,100.0,0.0,2.0,144.7,5.0,13.0,12.4,12.0,0.0
1.0,3.0,3.0,1.2694,121.0,0.0,22.67,1.0,5.0,17.18,2.33,4428.0,2012.74,2349.0,0.0
1.0,2.0,2.0,0.995102,85.0,0.0,0.0,0.0,0.0,0.0,0.0,4429.0,2013.68,2350.0,0.0
1.0,1.0,2.0,0.195909,64.0,2.0,30.5,1.0,2.0,0.46,1.5,4430.0,2014.38,2271.0,0.0
1.0,1.0,1.0,0.0,1.0,0.0,235.0,0.0,7.0,0.01,27.0,4432.0,2016.32,2273.0,0.0
1.0,1.0,2.0,0.199024,96.0,1.0,47.5,0.0,2.0,72.04,4.5,4433.0,2017.17,2352.0,0.0
1.0,2.0,13.0,2.93763,154.0,69.0,65.0,0.0,1.0,8.21,0.23,4435.0,2017.03,2354.0,0.0
1.0,1.0,27.0,4.23821,189.0,183.0,79.63,0.0,4.0,84.31,0.93,4436.0,2017.99,2355.0,0.0
1.0,1.0,3.0,1.41856,13.0,3.0,160.67,0.0,9.0,56.46,19.67,4438.0,2017.1,2274.0,0.0
1.0,1.0,1.0,0.0,3.0,16.0,97.0,0.0,1.0,1.17,1.0,4.0,3.59,4.0,0.0
1.0,1.0,1.0,0.0,4.0,0.0,197.0,0.0,2.0,42.21,11.0,4441.0,2019.16,2276.0,0.0
1.0,1.0,1.0,0.0,3.0,1.0,96.0,0.0,2.0,0.8,10.0,2466.0,994.5,1541.0,0.0
1.0,1.0,1.0,0.0,1.0,1.0,1721.0,0.0,15.0,3.48,390.0,2467.0,995.5,134.0,0.0
1.0,3.0,5.0,1.02138,572.0,121.0,107.4,0.0,2.0,153.05,1.4,636.0,283.86,388.0,0.0
1.0,1.0,1.0,0.0,1.0,1.0,35.0,0.0,2.0,0.0,3.0,637.0,284.86,389.0,0.0
1.0,2.0,3.0,1.14228,161.0,0.0,129.33,0.0,7.0,22.51,14.33,4442.0,2018.48,2277.0,1.0
1.0,2.0,10.0,3.18747,66.0,10.0,65.4,0.0,3.0,99.48,0.5,34.0,29.43,23.0,0.0
1.0,1.0,2.0,0.994564,106.0,113.0,130.0,0.0,10.0,2.55,21.0,35.0,30.36,24.0,0.0
1.0,1.0,3.0,1.37637,179.0,12.0,25.33,0.0,1.0,0.39,0.33,4443.0,2016.06,2278.0,0.0
2.0,3.0,3.0,1.50161,178.0,0.0,0.0,0.0,0.0,0.0,0.0,4445.0,2017.84,4639.0,0.0
1.0,1.0,1.0,0.0,3.0,3.0,202.0,0.0,3.0,330.61,7.0,4446.0,2017.25,2360.0,0.0
1.0,4.0,5.0,1.70148,110.0,8.0,106.2,1.0,7.0,145.91,14.0,4447.0,2018.01,2281.0,0.0
1.0,1.0,2.0,1.0,2.0,4.0,143.0,0.0,7.0,2.8,19.5,4448.0,2018.87,2282.0,0.0
1.0,2.0,2.0,1.0,2.0,2.0,73.0,0.0,5.0,0.0,11.5,4450.0,2020.16,2284.0,0.0
1.0,1.0,1.0,0.0,16.0,0.0,100.0,0.0,1.0,1.18,1.0,2469.0,994.38,1543.0,0.0
1.0,2.0,3.0,0.973784,117.0,3.0,247.33,1.0,5.0,2.1,12.67,2470.0,995.38,1544.0,0.0
1.0,1.0,1.0,0.0,5.0,2.0,38.0,0.0,7.0,0.06,23.0,4451.0,2020.98,2285.0,0.0
1.0,6.0,13.0,3.36804,10.0,11.0,177.54,0.0,11.0,107.39,11.38,40.0,35.26,29.0,0.0
1.0,2.0,4.0,1.92193,6.0,4.0,249.25,0.0,8.0,0.1,24.25,2471.0,996.28,576.0,0.0
1.0,1.0,2.0,0.721928,7.0,8.0,214.5,0.0,9.0,6.41,44.0,41.0,36.25,30.0,0.0
2.0,10.0,16.0,3.65374,79.0,44.0,411.5,0.0,11.0,44.37,33.38,95.0,68.75,81.0,1.0
1.0,2.0,3.0,1.1475,96.0,17.0,143.0,0.0,7.0,40.03,20.0,4453.0,2020.66,2287.0,1.0
1.0,4.0,4.0,1.20553,123.0,2.0,61.75,0.0,2.0,79.16,4.25,14.0,13.17,13.0,0.0
1.0,1.0,1.0,0.0,1.0,0.0,118.0,0.0,3.0,0.02,18.0,15.0,14.17,14.0,0.0
1.0,1.0,1.0,0.0,1.0,1.0,1721.0,0.0,15.0,4.28,391.0,4454.0,2018.68,174.0,0.0
1.0,1.0,1.0,0.0,4.0,0.0,98.0,0.0,3.0,92.48,31.0,4455.0,2019.4,2362.0,0.0
1.0,1.0,1.0,0.0,3.0,3.0,87.0,0.0,3.0,192.06,16.0,4458.0,2019.41,2289.0,0.0
1.0,1.0,1.0,0.0,4.0,0.0,392.0,0.0,7.0,5.13,44.0,4459.0,2020.41,2290.0,0.0
1.0,1.0,1.0,0.0,95.0,95.0,698.0,0.0,11.0,11.58,157.0,2473.0,993.77,140.0,0.0
1.0,1.0,1.0,0.0,1.0,4.0,698.0,0.0,11.0,0.0,158.0,2474.0,994.77,141.0,0.0
2.0,13.0,25.0,3.71221,749.0,100.0,329.6,0.0,14.0,113.05,25.56,4460.0,2018.6,4655.0,1.0
1.0,2.0,4.0,1.6094700000000002,25.0,10.0,512.0,0.0,10.0,7.82,36.5,4462.0,2019.87,2365.0,0.0
1.0,1.0,2.0,0.249882,83.0,13.0,531.0,0.0,7.0,15.93,37.5,4464.0,2021.83,2294.0,1.0
1.0,2.0,2.0,0.6987,49.0,4.0,257.0,0.0,8.0,119.84,23.0,639.0,283.82,285.0,0.0
1.0,3.0,5.0,1.07512,576.0,131.0,109.0,0.0,2.0,178.84,1.2,640.0,284.79,391.0,0.0
1.0,1.0,1.0,0.0,10.0,12.0,398.0,0.0,3.0,0.0,5.0,641.0,285.79,392.0,0.0
2.0,3.0,3.0,0.99176,15.0,5.0,850.0,0.0,16.0,9.51,172.67,4465.0,2021.06,246.0,0.0
1.0,3.0,3.0,1.53049,5.0,4.0,165.0,0.0,7.0,4.84,14.0,2476.0,995.25,1547.0,0.0
1.0,1.0,2.0,1.0,0.0,4.0,142.0,0.0,7.0,4.76,21.0,4466.0,2021.89,2295.0,0.0
1.0,1.0,1.0,0.0,5.0,0.0,87.0,0.0,1.0,4.88,3.0,4467.0,2022.84,2296.0,0.0
1.0,2.0,2.0,0.394815,71.0,6.0,305.0,0.0,8.0,10.74,18.0,2477.0,996.13,1548.0,1.0
1.0,2.0,3.0,1.42947,11.0,4.0,316.0,0.0,8.0,6.45,14.33,2478.0,996.96,1549.0,0.0
2.0,3.0,3.0,1.4179700000000002,16.0,15.0,314.0,1.0,5.0,72.35,10.0,2480.0,998.25,1724.0,0.0
1.0,1.0,1.0,0.0,11.0,7.0,58.0,1.0,4.0,3.26,5.0,2481.0,999.2,1552.0,0.0
1.0,2.0,2.0,0.996134,82.0,0.0,169.0,0.0,1.0,39.91,10.0,4469.0,2021.98,2298.0,0.0
1.0,2.0,2.0,1.0,4.0,6.0,94.0,0.0,1.0,72.03,0.5,2482.0,999.9,203.0,0.0
1.0,2.0,2.0,0.918296,2.0,1.0,56.5,0.0,8.0,1.19,10.0,2483.0,1000.72,1553.0,0.0
3.0,4.0,4.0,1.4612,154.0,32.0,701.75,0.0,17.0,28.43,146.25,2484.0,1001.65,1831.0,0.0
1.0,1.0,1.0,0.0,33.0,46.0,121.0,0.0,2.0,96.84,14.0,16.0,14.98,15.0,0.0
1.0,1.0,1.0,0.0,1.0,1.0,103.0,0.0,1.0,16.07,1.0,17.0,15.98,16.0,0.0
1.0,8.0,18.0,2.55983,340.0,153.0,145.56,0.0,11.0,14.89,8.61,14.0,10.51,12.0,1.0
1.0,2.0,2.0,0.992885,0.0,131.0,65.5,0.0,8.0,3.46,11.0,2485.0,1002.06,1555.0,0.0
1.0,4.0,4.0,1.44002,73.0,7.0,69.75,0.0,3.0,18.13,1.0,2486.0,1002.74,204.0,0.0
1.0,2.0,5.0,2.12193,12.0,8.0,72.2,0.0,4.0,125.73,3.2,4470.0,2019.35,2367.0,0.0
1.0,1.0,1.0,0.0,17.0,0.0,157.0,0.0,3.0,13.36,4.0,4471.0,2020.33,2368.0,0.0
1.0,2.0,4.0,1.61973,36.0,2.0,84.0,0.0,3.0,401.81,2.0,4472.0,2021.32,2369.0,0.0
1.0,1.0,1.0,0.0,21.0,2.0,277.0,0.0,11.0,1.67,192.0,2487.0,1002.48,143.0,0.0
1.0,1.0,1.0,0.0,14.0,10.0,63.0,1.0,4.0,2.05,7.0,2488.0,1003.48,1556.0,0.0
1.0,2.0,2.0,0.998001,19.0,0.0,127.0,0.0,3.0,21.7,3.0,2489.0,1004.48,1557.0,0.0
1.0,1.0,1.0,0.0,0.0,1.0,57.0,0.0,3.0,0.54,4.0,642.0,285.14,98.0,0.0
1.0,1.0,1.0,0.0,9.0,5.0,272.0,0.0,8.0,0.02,60.0,4474.0,2017.73,2300.0,0.0
1.0,3.0,4.0,1.35955,210.0,0.0,82.5,0.0,3.0,64.3,2.75,4475.0,2016.3,2301.0,0.0
1.0,3.0,3.0,1.3096299999999998,58.0,4.0,1224.67,0.0,10.0,69.81,119.0,4476.0,2017.18,2302.0,0.0
1.0,1.0,1.0,0.0,0.0,1.0,313.0,0.0,1.0,0.11,9.0,4479.0,2019.86,2304.0,0.0
1.0,2.0,3.0,1.44623,289.0,63.0,88.0,0.0,3.0,5.46,5.0,98.0,70.35,72.0,1.0
1.0,1.0,1.0,0.0,10.0,0.0,98.0,0.0,2.0,38.56,2.0,100.0,72.32,74.0,0.0
1.0,6.0,8.0,2.47258,571.0,0.0,15.88,0.0,9.0,9.62,12.0,4481.0,2019.48,148.0,0.0
1.0,1.0,1.0,0.0,4.0,1.0,218.0,0.0,4.0,17.91,20.0,4482.0,2020.32,2306.0,0.0
1.0,1.0,1.0,0.0,0.0,40.0,253.0,0.0,2.0,8.5,5.0,4483.0,2021.29,2307.0,0.0
1.0,1.0,1.0,0.0,1.0,1.0,97.0,0.0,2.0,158.16,5.0,4484.0,2022.1,2371.0,0.0
1.0,1.0,1.0,0.0,0.0,1.0,457.0,1.0,5.0,110.07,48.0,4486.0,2024.09,2373.0,0.0
1.0,1.0,1.0,0.0,82.0,0.0,0.0,0.0,0.0,0.0,0.0,4487.0,2025.06,2374.0,0.0
1.0,1.0,1.0,0.0,0.0,1.0,89.0,0.0,1.0,1.17,1.0,4488.0,2025.75,2308.0,0.0
2.0,2.0,3.0,1.1362,216.0,99.0,201.33,0.0,7.0,9.34,32.0,4489.0,2026.73,4684.0,0.0
1.0,1.0,1.0,0.0,43.0,0.0,0.0,0.0,0.0,0.0,0.0,2493.0,1004.14,206.0,0.0
2.0,4.0,6.0,2.35676,260.0,2.0,73.67,0.0,7.0,39.59,11.0,4490.0,2025.07,4686.0,1.0
1.0,1.0,1.0,0.0,2.0,2.0,667.0,0.0,4.0,1.87,49.0,4491.0,2026.07,2311.0,0.0
2.0,2.0,3.0,1.04056,99.0,210.0,240.33,0.0,7.0,0.93,32.33,4493.0,2027.99,4690.0,1.0
1.0,2.0,3.0,1.02242,11.0,6.0,165.0,0.0,7.0,0.04,21.67,4494.0,2028.94,2314.0,0.0
1.0,2.0,6.0,1.78688,170.0,0.0,123.0,0.0,5.0,39.11,5.83,4495.0,2029.73,2315.0,0.0
1.0,4.0,4.0,1.92193,5.0,0.0,35.75,0.0,7.0,62.97,8.75,2494.0,1003.17,1558.0,0.0
2.0,4.0,4.0,1.68085,35.0,3.0,137.75,0.0,6.0,280.85,9.75,2495.0,1004.09,2136.0,0.0
2.0,4.0,4.0,1.02916,297.0,40.0,486.25,0.0,9.0,341.37,31.75,4496.0,2028.54,4694.0,1.0
1.0,2.0,2.0,0.969431,58.0,20.0,1003.5,0.0,9.0,0.06,57.0,4497.0,2029.37,2317.0,1.0
1.0,1.0,2.0,0.7824439999999999,26.0,17.0,139.5,0.0,5.0,131.22,7.0,4499.0,2031.08,2379.0,0.0
1.0,1.0,1.0,0.0,13.0,4.0,73.0,0.0,1.0,19.33,1.0,4500.0,2031.89,2319.0,0.0
1.0,8.0,9.0,2.757,4.0,22.0,244.22,0.0,8.0,93.89,14.0,4501.0,2032.82,2320.0,0.0
1.0,1.0,2.0,0.418684,1.0,58.0,74.0,0.0,2.0,131.86,3.0,4502.0,2033.75,2321.0,0.0
1.0,2.0,2.0,0.63431,5.0,20.0,1585.0,0.0,13.0,9.34,140.0,645.0,285.98,288.0,0.0
1.0,1.0,1.0,0.0,1.0,1.0,943.0,0.0,11.0,19.7,406.0,646.0,286.91,124.0,0.0
3.0,9.0,17.0,3.10136,792.0,5.0,65.53,0.0,6.0,176.97,6.71,4504.0,2033.29,4920.0,1.0
1.0,3.0,5.0,1.94057,32.0,33.0,68.4,0.0,3.0,206.88,2.8,2497.0,1004.31,208.0,0.0
1.0,1.0,1.0,0.0,8.0,2.0,407.0,1.0,6.0,3.67,45.0,2499.0,1005.57,1560.0,0.0
1.0,1.0,2.0,1.0,2.0,2.0,76.0,0.0,1.0,133.57,3.0,4505.0,2031.69,2323.0,0.0
1.0,6.0,8.0,2.50727,48.0,25.0,102.63,1.0,7.0,260.6,7.5,69.0,29.52,2.0,0.0
1.0,1.0,1.0,0.0,7.0,11.0,144.0,1.0,8.0,0.08,44.0,70.0,30.52,3.0,0.0
1.0,1.0,1.0,0.0,7.0,11.0,144.0,1.0,8.0,0.09,42.0,71.0,31.52,4.0,0.0
1.0,1.0,1.0,0.0,13.0,3.0,240.0,0.0,2.0,470.63,13.0,72.0,32.51,5.0,0.0
1.0,1.0,1.0,0.0,2.0,0.0,215.0,0.0,3.0,94.07,62.0,2500.0,1005.98,210.0,0.0
1.0,3.0,4.0,1.99019,83.0,2.0,198.75,1.0,3.0,52.59,3.75,101.0,72.28,75.0,0.0
2.0,2.0,2.0,0.8631209999999999,2.0,5.0,1011.5,0.0,16.0,7.0,254.5,2501.0,1003.63,281.0,0.0
1.0,2.0,4.0,1.40798,18.0,3.0,236.0,1.0,8.0,203.31,15.25,43.0,36.63,32.0,0.0
1.0,1.0,1.0,0.0,0.0,2.0,118.0,0.0,6.0,98.73,24.0,44.0,37.63,33.0,0.0
1.0,1.0,1.0,0.0,0.0,2.0,811.0,0.0,5.0,12.47,25.0,45.0,38.63,34.0,0.0
1.0,1.0,1.0,0.0,2.0,1.0,269.0,1.0,3.0,24.42,20.0,102.0,73.16,76.0,0.0
1.0,1.0,1.0,0.0,3.0,1.0,809.0,1.0,6.0,0.09,26.0,86.0,31.15,53.0,0.0
2.0,2.0,2.0,0.918296,3.0,3.0,942.5,0.0,15.0,55.77,212.5,59.0,34.61,39.0,0.0
1.0,3.0,3.0,1.29546,12.0,8.0,177.33,0.0,4.0,4.69,7.33,2503.0,1003.16,578.0,0.0
2.0,2.0,2.0,0.970951,4.0,1.0,952.5,0.0,15.0,18.08,208.5,4506.0,2018.18,394.0,0.0
1.0,2.0,2.0,0.8112779999999999,11.0,1.0,160.0,0.0,2.0,160.2,7.0,4507.0,2019.15,2382.0,0.0
1.0,1.0,2.0,1.0,10.0,0.0,140.0,0.0,8.0,4.87,23.0,4509.0,2021.12,2325.0,0.0
2.0,4.0,4.0,1.9656,4.0,11.0,630.0,0.0,16.0,16.29,121.0,2504.0,1003.71,312.0,0.0
1.0,3.0,3.0,1.19818,7.0,6.0,84.0,0.0,7.0,110.49,24.0,430.0,142.31,54.0,0.0
1.0,2.0,2.0,0.276195,20.0,1.0,200.5,0.0,3.0,13.37,4.0,4511.0,2022.55,2326.0,0.0
1.0,1.0,1.0,0.0,74.0,0.0,0.0,0.0,0.0,0.0,0.0,4513.0,2024.12,2328.0,0.0
1.0,2.0,4.0,1.52475,28.0,18.0,197.0,1.0,11.0,167.65,22.0,4515.0,2024.19,2384.0,0.0
1.0,1.0,1.0,0.0,1.0,0.0,466.0,0.0,6.0,2.8,71.0,4516.0,2025.17,2330.0,0.0
1.0,1.0,2.0,0.996792,27.0,3.0,59.5,0.0,4.0,139.48,8.0,2505.0,1003.51,1562.0,0.0
1.0,1.0,1.0,0.0,218.0,0.0,0.0,0.0,0.0,0.0,0.0,4517.0,2025.91,2331.0,0.0
0.0,0.0,0.0,0.0,0.0,0.0,0.0,0.0,0.0,0.0,0.0,1.0,0.98,0.0,0.0
2.0,2.0,2.0,0.940286,14.0,0.0,170.5,0.0,8.0,139.96,25.5,4.0,3.98,1.0,0.0
1.0,2.0,5.0,1.91937,45.0,3.0,200.2,1.0,5.0,366.59,7.8,7.0,6.98,3.0,0.0
1.0,1.0,1.0,0.0,1.0,1.0,64.0,0.0,2.0,188.35,5.0,10.0,9.98,6.0,0.0
1.0,1.0,1.0,0.0,2.0,2.0,61.0,1.0,1.0,140.01,2.0,87.0,32.03,26.0,0.0
1.0,1.0,1.0,0.0,6.0,9.0,277.0,1.0,7.0,140.02,41.0,13.0,12.98,4.0,0.0
1.0,3.0,19.0,2.88438,27.0,46.0,177.63,1.0,4.0,128.59,1.58,14.0,13.98,7.0,0.0
1.0,2.0,2.0,0.276195,82.0,2.0,135.5,1.0,2.0,78.23,1.5,16.0,15.98,9.0,0.0
1.0,1.0,1.0,0.0,4.0,0.0,196.0,0.0,1.0,130.31,8.0,17.0,16.98,5.0,0.0
2.0,2.0,2.0,0.8631209999999999,11.0,10.0,363.0,1.0,4.0,169.35,11.5,18.0,17.98,11.0,0.0
1.0,4.0,5.0,1.70148,110.0,8.0,106.4,1.0,7.0,137.67,13.4,19.0,18.98,6.0,0.0
1.0,1.0,2.0,0.094084,77.0,6.0,400.0,1.0,7.0,130.16,37.5,20.0,19.98,11.0,0.0
1.0,1.0,1.0,0.0,1.0,1.0,1673.0,0.0,14.0,0.1,356.0,24.0,23.97,1.0,0.0
2.0,3.0,3.0,0.192935,94.0,98.0,799.0,0.0,15.0,12.68,155.33,0.0,0.0,0.0,0.0
1.0,1.0,2.0,0.362051,28.0,1.0,37.0,0.0,6.0,80.24,8.0,2506.0,1003.42,1563.0,0.0
1.0,1.0,1.0,0.0,1.0,1.0,1727.0,0.0,15.0,1.9,401.0,2507.0,1004.25,139.0,0.0
1.0,3.0,3.0,1.58496,6.0,0.0,213.67,0.0,10.0,13.22,36.0,4519.0,2025.13,219.0,0.0
1.0,1.0,4.0,1.9784,11.0,26.0,171.75,0.0,4.0,125.72,2.25,4522.0,2027.62,2387.0,0.0
1.0,2.0,3.0,1.54618,11.0,5.0,317.33,1.0,11.0,45.49,30.67,4524.0,2029.56,2389.0,0.0
1.0,1.0,3.0,0.71827,52.0,52.0,205.67,0.0,4.0,0.04,3.0,4525.0,2030.48,2390.0,1.0
1.0,2.0,2.0,0.127419,57.0,0.0,18.5,0.0,2.0,200.17,2.0,4526.0,2031.48,2391.0,0.0
1.0,1.0,1.0,0.0,1.0,2.0,711.0,0.0,12.0,0.13,162.0,26.0,25.92,2.0,0.0
1.0,1.0,1.0,0.0,1.0,2.0,664.0,0.0,11.0,0.69,140.0,27.0,26.92,3.0,0.0
1.0,1.0,1.0,0.0,2.0,0.0,1727.0,0.0,15.0,0.29,402.0,431.0,143.01,18.0,0.0
1.0,1.0,1.0,0.0,1.0,1.0,898.0,0.0,7.0,13.81,118.0,4527.0,2032.09,2392.0,0.0
1.0,2.0,2.0,0.260863,136.0,0.0,485.0,0.0,6.0,59.19,41.5,28.0,27.9,14.0,0.0
1.0,3.0,3.0,1.56771,45.0,9.0,911.67,1.0,9.0,136.75,41.33,29.0,28.9,10.0,0.0
1.0,3.0,4.0,0.5373720000000001,164.0,2.0,104.75,1.0,8.0,105.74,11.0,30.0,29.9,15.0,0.0
1.0,2.0,3.0,1.51873,91.0,0.0,72.33,0.0,4.0,92.12,5.67,31.0,30.9,16.0,0.0
1.0,1.0,1.0,0.0,2.0,2.0,138.0,1.0,4.0,141.05,16.0,33.0,32.9,11.0,0.0
1.0,2.0,2.0,0.768281,89.0,9.0,513.5,1.0,7.0,65.09,48.5,35.0,34.9,12.0,0.0
1.0,2.0,3.0,0.606282,86.0,5.0,199.33,1.0,2.0,94.04,2.33,36.0,35.9,13.0,0.0
1.0,2.0,2.0,0.944087,47.0,0.0,240.0,0.0,5.0,251.85,11.5,37.0,36.9,19.0,0.0
1.0,2.0,2.0,0.8226889999999999,307.0,0.0,0.0,0.0,0.0,0.0,0.0,39.0,38.9,21.0,0.0
1.0,2.0,2.0,0.6267510000000001,99.0,3.0,125.0,1.0,9.0,0.01,22.0,41.0,40.9,23.0,0.0
1.0,9.0,10.0,2.24427,41.0,29.0,71.9,1.0,5.0,246.42,8.4,44.0,43.9,0.0,0.0
1.0,1.0,1.0,0.0,1.0,1.0,379.0,1.0,2.0,136.85,4.0,45.0,44.9,26.0,0.0
1.0,1.0,1.0,0.0,3.0,1.0,212.0,1.0,5.0,149.61,36.0,46.0,45.9,27.0,0.0
1.0,1.0,1.0,0.0,2.0,2.0,2333.0,1.0,10.0,134.52,301.0,47.0,46.9,15.0,0.0
1.0,1.0,1.0,0.0,15.0,0.0,241.0,0.0,1.0,140.97,4.0,49.0,48.9,29.0,0.0
2.0,3.0,3.0,1.25806,199.0,0.0,245.0,0.0,3.0,52.7,20.67,50.0,49.9,46.0,0.0
1.0,2.0,2.0,0.114676,65.0,0.0,435.5,0.0,5.0,0.51,24.0,51.0,50.9,17.0,0.0
2.0,3.0,3.0,1.50161,178.0,0.0,0.0,0.0,0.0,0.0,0.0,54.0,53.9,51.0,0.0
1.0,2.0,3.0,1.3005799999999998,217.0,13.0,181.0,1.0,8.0,94.06,23.67,55.0,54.9,19.0,0.0
1.0,2.0,2.0,0.63431,10.0,15.0,68.0,1.0,4.0,246.8,7.0,56.0,55.9,34.0,0.0
1.0,2.0,4.0,1.40798,18.0,3.0,237.5,1.0,8.0,187.81,15.0,57.0,56.9,35.0,0.0
1.0,2.0,4.0,1.40832,60.0,7.0,496.5,0.0,10.0,124.79,35.25,59.0,58.9,37.0,0.0
2.0,4.0,5.0,2.2099,27.0,4.0,167.0,0.0,5.0,56.46,4.8,60.0,59.89,58.0,0.0
1.0,1.0,1.0,0.0,1.0,1.0,293.0,0.0,11.0,4.76,194.0,1.0,1.0,1.0,0.0
1.0,3.0,3.0,1.3096299999999998,58.0,4.0,1218.33,0.0,11.0,94.32,116.0,61.0,60.86,21.0,0.0
1.0,4.0,4.0,1.89106,9.0,9.0,899.25,0.0,12.0,0.29,51.0,62.0,61.86,22.0,0.0
1.0,1.0,1.0,0.0,0.0,93.0,93.0,0.0,1.0,62.99,4.0,4529.0,2031.99,2393.0,0.0
1.0,1.0,1.0,0.0,16.0,1.0,130.0,0.0,1.0,1.02,1.0,4530.0,2032.91,2394.0,0.0
1.0,1.0,3.0,1.58496,12.0,6.0,77.33,0.0,2.0,91.33,1.0,63.0,62.78,39.0,0.0
1.0,3.0,3.0,1.5689799999999998,30.0,3.0,542.0,0.0,4.0,56.2,12.0,4531.0,2033.61,2395.0,0.0
1.0,1.0,1.0,0.0,14.0,15.0,98.0,0.0,2.0,3.69,2.0,4532.0,2032.35,2335.0,0.0
1.0,2.0,2.0,0.99709,126.0,0.0,690.5,0.0,1.0,71.32,8.5,4533.0,2033.19,2336.0,1.0
1.0,1.0,1.0,0.0,1.0,1.0,148.0,0.0,4.0,159.72,11.0,4534.0,2034.1,3.0,0.0
1.0,1.0,1.0,0.0,1.0,1.0,1729.0,0.0,15.0,1.83,403.0,4535.0,2035.03,177.0,0.0
3.0,3.0,3.0,1.37878,6.0,8.0,694.67,0.0,17.0,128.05,173.33,4536.0,2036.0,2656.0,0.0
1.0,1.0,1.0,0.0,2.0,2.0,898.0,0.0,7.0,2.53,119.0,4537.0,2034.66,2397.0,0.0
1.0,1.0,2.0,0.258019,12.0,11.0,523.0,0.0,12.0,35.41,82.0,2511.0,1004.33,146.0,0.0
1.0,2.0,2.0,0.979869,4.0,8.0,28.0,0.0,3.0,129.67,2.0,4538.0,2035.32,39.0,0.0
1.0,2.0,2.0,1.0,2.0,2.0,83.5,0.0,2.0,458.37,8.0,4539.0,2036.03,2337.0,0.0
1.0,4.0,5.0,2.22322,116.0,12.0,50.8,0.0,1.0,23.08,1.0,2512.0,1005.14,211.0,0.0
2.0,2.0,2.0,0.998846,7.0,18.0,84.5,0.0,2.0,7.79,7.0,4540.0,2034.74,4736.0,0.0
1.0,4.0,4.0,1.88286,10.0,6.0,47.0,0.0,3.0,226.98,2.25,4541.0,2035.64,149.0,0.0
2.0,3.0,3.0,1.25119,133.0,7.0,127.33,1.0,6.0,45.49,11.0,4542.0,2036.32,4738.0,0.0
1.0,1.0,1.0,0.0,1.0,1.0,59.0,0.0,1.0,634.26,1.0,4543.0,2037.18,2400.0,0.0
1.0,2.0,2.0,0.391244,50.0,2.0,85.5,0.0,3.0,19.86,7.0,4.0,3.56,1.0,0.0
1.0,1.0,1.0,0.0,2.0,0.0,103.0,0.0,3.0,0.65,4.0,4546.0,2037.95,2402.0,0.0
1.0,4.0,4.0,1.5950799999999998,86.0,24.0,782.25,0.0,10.0,57.26,32.75,4547.0,2038.71,2340.0,1.0
1.0,3.0,4.0,1.3552799999999998,204.0,1.0,284.25,0.0,9.0,10.35,22.5,18.0,16.13,17.0,0.0
1.0,1.0,1.0,0.0,188.0,188.0,192.0,0.0,5.0,88.77,56.0,4549.0,2040.41,151.0,0.0
1.0,1.0,1.0,0.0,0.0,18.0,18.0,0.0,1.0,0.1,1.0,4551.0,2042.01,153.0,0.0
1.0,26.0,24.0,0.0,0.0,0.0,82.58,0.0,4.0,283.2,2.0,4552.0,2042.92,154.0,0.0
1.0,1.0,2.0,0.918296,3.0,0.0,149.0,0.0,7.0,122.94,7.0,2515.0,1005.49,1567.0,0.0
1.0,1.0,1.0,0.0,0.0,3.0,37.0,0.0,1.0,1.33,2.0,4555.0,2045.73,156.0,0.0
1.0,1.0,2.0,0.918296,3.0,0.0,151.0,0.0,5.0,190.58,6.0,65.0,64.08,41.0,0.0
1.0,1.0,1.0,0.0,35.0,7.0,715.0,1.0,3.0,162.06,66.0,66.0,65.08,42.0,0.0
1.0,1.0,1.0,0.0,5.0,0.0,33.0,0.0,1.0,4.8,1.0,67.0,66.07,43.0,0.0
1.0,1.0,1.0,0.0,516.0,0.0,128.0,0.0,2.0,755.92,3.0,68.0,67.07,0.0,0.0
1.0,1.0,1.0,0.0,516.0,0.0,128.0,0.0,2.0,755.92,3.0,69.0,68.07,1.0,0.0
1.0,1.0,1.0,0.0,1.0,1.0,127.0,0.0,1.0,5.89,1.0,70.0,69.07,24.0,0.0
0.0,0.0,0.0,0.0,0.0,0.0,0.0,0.0,0.0,0.0,0.0,74.0,73.06,0.0,0.0
0.0,0.0,0.0,0.0,0.0,0.0,0.0,0.0,0.0,0.0,0.0,649.0,283.95,0.0,0.0
1.0,1.0,1.0,0.0,1.0,1.0,148.0,0.0,4.0,3.77,12.0,4557.0,2046.0,4.0,0.0
1.0,2.0,2.0,0.989588,50.0,0.0,193.0,0.0,4.0,70.03,10.0,4558.0,2046.45,2342.0,0.0
1.0,1.0,1.0,0.0,1.0,1.0,36.0,0.0,3.0,518.18,4.0,432.0,143.17,19.0,0.0
1.0,1.0,1.0,0.0,1.0,1.0,1333.0,0.0,10.0,80.4,127.0,4559.0,2046.6,2343.0,0.0
1.0,1.0,1.0,0.0,1.0,1.0,711.0,0.0,12.0,3.54,164.0,103.0,72.65,7.0,0.0
1.0,3.0,3.0,1.18225,63.0,0.0,238.33,0.0,7.0,2.31,31.0,2516.0,1004.45,1568.0,0.0
1.0,1.0,1.0,0.0,54.0,0.0,0.0,0.0,0.0,0.0,0.0,4561.0,2046.89,2344.0,0.0
1.0,1.0,1.0,0.0,2.0,2.0,192.0,0.0,4.0,8.88,26.0,4563.0,2048.73,220.0,0.0
1.0,1.0,1.0,0.0,14.0,3.0,47.0,0.0,1.0,47.88,1.0,4564.0,2049.68,2407.0,0.0
1.0,1.0,1.0,0.0,16.0,0.0,561.0,0.0,1.0,5.75,5.0,2517.0,1005.2,1569.0,0.0
2.0,2.0,2.0,0.543564,9.0,7.0,343.0,1.0,4.0,68.91,8.0,4565.0,2050.54,4753.0,0.0
2.0,6.0,9.0,2.51989,180.0,13.0,95.78,0.0,12.0,215.82,10.11,4566.0,2051.07,4755.0,1.0
1.0,3.0,3.0,1.3475,33.0,29.0,102.33,0.0,4.0,106.67,12.67,2519.0,1006.92,175.0,0.0
1.0,1.0,2.0,0.998509,8.0,36.0,107.0,0.0,2.0,36.98,2.0,2521.0,1008.92,177.0,0.0
1.0,1.0,1.0,0.0,2.0,1.0,380.0,1.0,11.0,0.11,64.0,4567.0,2051.76,2410.0,0.0
4.0,35.0,38.0,3.75693,758.0,37.0,35.55,0.0,11.0,496.95,3.79,4568.0,2050.47,5137.0,1.0
1.0,1.0,1.0,0.0,1.0,4.0,99.0,0.0,3.0,2.98,7.0,2522.0,1008.53,213.0,0.0
1.0,1.0,1.0,0.0,84.0,3.0,898.0,0.0,7.0,2.04,123.0,4569.0,2048.74,2412.0,0.0
1.0,1.0,1.0,0.0,2.0,2.0,27.0,0.0,1.0,136.68,1.0,4570.0,2049.69,159.0,0.0
1.0,24.0,30.0,4.71451,3.0,38.0,67.5,0.0,9.0,314.7,3.2,4572.0,2048.54,160.0,0.0
1.0,1.0,1.0,0.0,2.0,0.0,92.0,0.0,2.0,0.13,5.0,4573.0,2049.17,161.0,0.0
1.0,1.0,1.0,0.0,2.0,0.0,44.0,0.0,2.0,242.27,2.0,4575.0,2050.86,162.0,0.0
1.0,1.0,1.0,0.0,183.0,0.0,0.0,0.0,0.0,0.0,0.0,2523.0,1005.99,178.0,0.0
1.0,1.0,1.0,0.0,2.0,2.0,943.0,0.0,11.0,0.43,415.0,2524.0,1006.9,81.0,0.0
1.0,1.0,1.0,0.0,1.0,1.0,943.0,0.0,11.0,0.69,416.0,2525.0,1007.0,82.0,0.0
1.0,1.0,1.0,0.0,1.0,1.0,30.0,0.0,1.0,7.73,2.0,4577.0,2047.76,163.0,0.0
2.0,3.0,4.0,1.2292,35.0,19.0,129.0,1.0,6.0,343.24,15.5,4578.0,2048.38,4765.0,0.0
1.0,1.0,1.0,0.0,54.0,0.0,0.0,0.0,0.0,0.0,0.0,4579.0,2049.35,2417.0,0.0
2.0,2.0,3.0,1.58496,6.0,3.0,96.33,0.0,1.0,51.14,2.0,4580.0,2050.11,4768.0,0.0
1.0,1.0,1.0,0.0,66.0,0.0,0.0,0.0,0.0,0.0,0.0,4581.0,2050.67,2351.0,0.0
2.0,2.0,2.0,1.0,2.0,2.0,170.0,0.0,5.0,2.53,20.0,4582.0,2049.83,227.0,0.0
1.0,1.0,1.0,0.0,1.0,1.0,1729.0,0.0,15.0,2.37,413.0,4583.0,2050.83,179.0,0.0
1.0,48.0,66.0,5.57837,1495.0,1623.0,52.85,0.0,10.0,268.37,2.61,4584.0,2051.66,164.0,0.0
2.0,5.0,15.0,3.5275300000000005,464.0,111.0,92.73,0.0,13.0,31.52,9.53,2526.0,1005.33,1750.0,1.0
1.0,3.0,7.0,2.5057,617.0,0.0,0.0,0.0,0.0,0.0,0.0,2527.0,1006.26,180.0,0.0
2.0,13.0,15.0,3.3240800000000004,55.0,52.0,230.53,0.0,7.0,118.55,8.13,4585.0,2050.0,4771.0,0.0
1.0,2.0,2.0,0.947227,87.0,6.0,216.5,1.0,2.0,91.68,6.5,4587.0,2051.94,2354.0,0.0
2.0,6.0,6.0,2.2999,11.0,11.0,336.33,0.0,9.0,0.39,7.33,4588.0,2052.84,2643.0,0.0
1.0,1.0,1.0,0.0,1.0,1.0,1729.0,0.0,15.0,1.05,414.0,4589.0,2053.72,180.0,0.0
1.0,2.0,2.0,0.829607,168.0,0.0,0.0,0.0,0.0,0.0,0.0,2528.0,1007.03,181.0,0.0
1.0,9.0,15.0,3.4249400000000003,0.0,903.0,68.67,0.0,9.0,536.78,8.73,4590.0,2054.7,165.0,0.0
2.0,2.0,2.0,1.0,2.0,2.0,1011.0,0.0,17.0,2.63,264.0,2.0,1.92,3.0,0.0
1.0,26.0,44.0,4.86822,15.0,1653.0,59.32,0.0,6.0,364.54,2.14,4592.0,2053.76,166.0,0.0
1.0,1.0,2.0,0.918296,9.0,0.0,1600.0,0.0,14.0,88.95,146.0,4593.0,2054.46,2356.0,0.0
1.0,1.0,6.0,2.5498,0.0,43.0,125.33,0.0,3.0,8.82,2.67,4594.0,2052.87,224.0,0.0
1.0,1.0,1.0,0.0,15.0,9.0,895.0,0.0,7.0,0.05,86.0,4596.0,2054.7,2358.0,0.0
1.0,1.0,1.0,0.0,13.0,7.0,361.0,1.0,7.0,35.05,54.0,2529.0,1004.02,579.0,0.0
1.0,1.0,3.0,1.26393,0.0,17.0,74.33,0.0,3.0,46.98,2.0,2530.0,1004.96,182.0,0.0
1.0,1.0,2.0,0.99403,11.0,33.0,75.0,0.0,4.0,46.98,8.0,2531.0,1005.96,183.0,0.0
1.0,5.0,12.0,2.7614400000000003,766.0,33.0,281.5,0.0,12.0,33.13,21.0,4598.0,2052.86,2360.0,1.0
1.0,1.0,1.0,0.0,2.0,0.0,91.0,0.0,2.0,13.69,3.0,4600.0,2053.29,2423.0,0.0
1.0,5.0,9.0,2.83271,57.0,30.0,347.33,0.0,10.0,54.03,29.56,4601.0,2054.28,2362.0,1.0
1.0,1.0,1.0,0.0,22.0,4.0,124.0,1.0,1.0,158.55,4.0,4604.0,2057.11,2364.0,0.0
1.0,1.0,1.0,0.0,5.0,3.0,367.0,1.0,7.0,0.93,55.0,107.0,74.94,15.0,0.0
1.0,2.0,2.0,0.388239,91.0,1.0,319.5,0.0,7.0,0.02,30.0,4606.0,2058.67,2366.0,0.0
1.0,1.0,1.0,0.0,5.0,3.0,144.0,1.0,6.0,28.05,33.0,4607.0,2059.34,2424.0,0.0
1.0,1.0,1.0,0.0,148.0,0.0,0.0,0.0,0.0,0.0,0.0,4608.0,2060.24,2367.0,0.0
1.0,1.0,1.0,0.0,7.0,11.0,120.0,0.0,1.0,0.26,3.0,4609.0,2060.99,2368.0,0.0
1.0,2.0,2.0,0.970951,3.0,2.0,90.0,0.0,2.0,2.72,2.0,4610.0,2061.97,226.0,0.0
1.0,2.0,7.0,2.73829,49.0,9.0,107.86,0.0,12.0,0.02,22.43,78.0,74.43,49.0,0.0
1.0,1.0,43.0,4.9892699999999985,250.0,103.0,202.63,0.0,15.0,98.81,9.77,108.0,75.81,16.0,1.0
1.0,2.0,2.0,0.8930110000000001,137.0,5.0,89.0,1.0,1.0,23.92,2.5,4612.0,2062.11,2370.0,0.0
1.0,3.0,10.0,3.13557,22.0,12.0,346.9,0.0,10.0,121.4,19.5,79.0,75.34,50.0,0.0
1.0,1.0,1.0,0.0,1.0,0.0,943.0,0.0,11.0,7.49,417.0,80.0,76.34,5.0,0.0
1.0,2.0,2.0,0.8631209999999999,5.0,2.0,348.0,0.0,3.0,241.16,3.0,4613.0,2062.22,2426.0,0.0
1.0,5.0,19.0,3.96587,95.0,30.0,116.21,0.0,6.0,124.5,3.11,81.0,77.32,51.0,0.0
1.0,1.0,1.0,0.0,1.0,1.0,123.0,0.0,2.0,0.06,2.0,82.0,78.32,52.0,0.0
1.0,7.0,17.0,3.49722,35.0,52.0,230.65,0.0,6.0,162.13,3.41,83.0,79.32,53.0,1.0
1.0,3.0,6.0,2.53064,7.0,9.0,173.17,0.0,3.0,91.21,3.0,84.0,80.32,54.0,0.0
1.0,1.0,1.0,0.0,4.0,4.0,481.0,0.0,5.0,0.08,21.0,47.0,38.48,36.0,0.0
3.0,7.0,26.0,3.87636,586.0,61.0,144.54,0.0,17.0,41.23,18.19,0.0,0.0,0.0,1.0
3.0,6.0,10.0,3.12621,27.0,27.0,595.6,0.0,14.0,367.34,27.0,86.0,82.09,86.0,0.0
1.0,1.0,1.0,0.0,1.0,1.0,1674.0,0.0,15.0,15.62,360.0,6.0,5.87,5.0,0.0
1.0,3.0,3.0,1.25163,16.0,8.0,202.0,0.0,9.0,43.46,22.33,89.0,84.93,59.0,0.0
1.0,6.0,10.0,3.02592,868.0,72.0,92.0,0.0,5.0,63.9,4.9,2534.0,1003.89,1573.0,1.0
2.0,2.0,4.0,1.93628,10.0,6.0,517.75,0.0,17.0,54.28,107.75,7.0,6.87,7.0,0.0
2.0,6.0,7.0,2.7899,7.0,8.0,69.71,0.0,5.0,80.2,6.29,4615.0,2058.42,208.0,0.0
1.0,3.0,3.0,1.58496,12.0,3.0,509.0,0.0,4.0,9.14,9.33,4617.0,2054.71,2428.0,0.0
1.0,3.0,3.0,1.58496,3.0,3.0,512.0,0.0,4.0,0.21,9.67,4619.0,2056.07,2430.0,0.0
1.0,1.0,1.0,0.0,14.0,0.0,122.0,0.0,5.0,12.73,67.0,4620.0,2057.07,2431.0,0.0
1.0,2.0,3.0,1.55666,3.0,4.0,82.67,0.0,4.0,409.1,21.33,4621.0,2058.06,2432.0,0.0
3.0,7.0,8.0,2.56838,245.0,60.0,523.63,0.0,12.0,8.77,54.75,4622.0,2058.9,5033.0,0.0
1.0,1.0,17.0,3.86757,237.0,248.0,60.0,0.0,7.0,150.73,1.06,109.0,76.12,17.0,0.0
1.0,1.0,1.0,0.0,0.0,1.0,343.0,0.0,8.0,4.44,40.0,2535.0,1001.45,1574.0,0.0
1.0,4.0,4.0,1.92193,10.0,0.0,37.0,0.0,7.0,33.05,9.0,2536.0,1002.45,1575.0,0.0
2.0,2.0,2.0,0.63431,25.0,0.0,336.5,0.0,3.0,65.83,17.0,2537.0,1003.08,1761.0,0.0
1.0,1.0,1.0,0.0,12.0,0.0,75.0,0.0,3.0,13.58,21.0,434.0,142.57,217.0,0.0
1.0,2.0,2.0,0.94566,25.0,8.0,328.0,0.0,4.0,6.64,19.0,4624.0,2058.43,2374.0,0.0
1.0,1.0,8.0,2.96317,40.0,17.0,362.0,0.0,12.0,4.51,21.38,50.0,41.06,2.0,1.0
1.0,1.0,1.0,0.0,4.0,4.0,97.0,0.0,4.0,0.14,11.0,95.0,90.1,65.0,0.0
1.0,1.0,2.0,0.918296,8.0,4.0,172.0,0.0,4.0,264.86,9.0,4626.0,2058.31,2376.0,0.0
1.0,1.0,3.0,1.58496,99.0,0.0,0.0,0.0,0.0,0.0,0.0,4627.0,2059.3,2377.0,0.0
1.0,1.0,1.0,0.0,9.0,0.0,182.0,0.0,1.0,479.89,1.0,4628.0,2060.21,2378.0,0.0
1.0,1.0,1.0,0.0,8.0,8.0,71.0,0.0,1.0,0.01,5.0,4630.0,2061.87,2380.0,0.0
1.0,1.0,1.0,0.0,8.0,0.0,119.0,0.0,3.0,14.64,27.0,2538.0,1002.6,1577.0,0.0
1.0,3.0,3.0,1.37017,141.0,10.0,29.67,0.0,1.0,0.62,0.33,4631.0,2062.35,2434.0,0.0
1.0,4.0,5.0,2.24548,13.0,25.0,320.2,0.0,10.0,50.29,35.8,4632.0,2063.27,2435.0,0.0
1.0,3.0,6.0,2.36966,42.0,0.0,560.83,0.0,12.0,32.62,32.33,436.0,144.39,219.0,0.0
1.0,2.0,3.0,1.48663,12.0,17.0,49.67,0.0,1.0,0.0,0.33,2541.0,1004.94,1579.0,0.0
1.0,1.0,1.0,0.0,0.0,13.0,73.0,0.0,2.0,2.56,21.0,4634.0,2063.3,229.0,0.0
2.0,5.0,6.0,2.28243,322.0,0.0,321.5,0.0,10.0,38.31,34.17,5.0,4.32,6.0,0.0
1.0,3.0,3.0,1.54101,89.0,1.0,60.67,1.0,7.0,18.39,8.0,4636.0,2062.08,2437.0,0.0
1.0,2.0,2.0,1.0,8.0,0.0,473.5,0.0,11.0,96.52,47.0,4637.0,2063.06,2382.0,0.0
1.0,1.0,1.0,0.0,79.0,0.0,0.0,0.0,0.0,0.0,0.0,4638.0,2064.04,2383.0,0.0
1.0,2.0,2.0,0.7578779999999999,30.0,2.0,259.0,1.0,3.0,192.58,5.0,2542.0,1004.26,1580.0,0.0
0.0,0.0,0.0,0.0,0.0,0.0,0.0,0.0,0.0,0.0,0.0,2543.0,1004.35,0.0,0.0
0.0,0.0,0.0,0.0,0.0,0.0,0.0,0.0,0.0,0.0,0.0,2544.0,1005.33,0.0,0.0
1.0,1.0,1.0,0.0,8.0,0.0,119.0,0.0,4.0,6.88,27.0,2546.0,1007.32,1582.0,0.0
2.0,3.0,3.0,0.991264,7.0,6.0,907.67,0.0,20.0,6.61,200.0,4639.0,2056.14,267.0,0.0
1.0,3.0,3.0,1.19946,21.0,11.0,281.0,1.0,6.0,195.44,11.0,4640.0,2057.11,2438.0,0.0
4.0,47.0,96.0,5.51698,911.0,990.0,64.7,0.0,15.0,270.86,4.4,4641.0,2057.14,5138.0,1.0
2.0,8.0,9.0,2.19467,105.0,15.0,26.67,0.0,6.0,369.07,3.44,4642.0,2058.07,4825.0,0.0
2.0,5.0,5.0,1.87162,198.0,3.0,135.8,0.0,5.0,46.14,9.6,4644.0,2057.99,4829.0,0.0
0.0,0.0,0.0,0.0,0.0,0.0,0.0,0.0,0.0,0.0,0.0,2547.0,1003.97,0.0,0.0
0.0,0.0,0.0,0.0,0.0,0.0,0.0,0.0,0.0,0.0,0.0,96.0,89.55,0.0,0.0
1.0,1.0,1.0,0.0,1.0,1.0,36.0,0.0,3.0,543.42,4.0,97.0,90.55,2.0,0.0
1.0,4.0,8.0,2.59019,15.0,16.0,92.75,0.0,3.0,16.73,0.63,2549.0,1005.03,187.0,0.0
1.0,1.0,1.0,0.0,18.0,3.0,327.0,0.0,12.0,10.82,138.0,2550.0,1006.03,1583.0,0.0
1.0,1.0,1.0,0.0,12.0,1.0,208.0,1.0,5.0,54.71,16.0,2552.0,1008.02,1584.0,0.0
1.0,4.0,4.0,1.86023,265.0,0.0,0.0,0.0,0.0,0.0,0.0,2553.0,1009.02,188.0,0.0
1.0,4.0,5.0,2.25656,11.0,4.0,73.0,0.0,2.0,62.79,1.4,2555.0,1010.89,189.0,0.0
2.0,3.0,3.0,1.45915,4.0,2.0,908.0,0.0,20.0,1.95,200.67,8.0,7.64,11.0,0.0
1.0,1.0,1.0,0.0,18.0,3.0,325.0,0.0,13.0,11.21,135.0,2556.0,1011.76,1586.0,0.0
1.0,1.0,1.0,0.0,1.0,5.0,219.0,1.0,5.0,0.22,17.0,2557.0,1012.74,1587.0,0.0
1.0,2.0,3.0,1.5560200000000002,9.0,36.0,104.67,1.0,5.0,63.96,6.33,2558.0,1013.73,1588.0,0.0
1.0,3.0,6.0,2.501,8.0,25.0,54.67,0.0,3.0,238.65,3.5,2559.0,1014.71,215.0,0.0
1.0,1.0,1.0,0.0,7.0,3.0,385.0,1.0,7.0,25.08,47.0,2560.0,1014.47,581.0,0.0
1.0,1.0,1.0,0.0,7.0,3.0,385.0,1.0,7.0,25.09,47.0,2561.0,1015.47,582.0,0.0
2.0,3.0,4.0,1.80787,166.0,8.0,63.75,0.0,6.0,21.08,8.0,4647.0,2054.42,2623.0,0.0
1.0,1.0,1.0,0.0,2.0,2.0,55.0,0.0,2.0,307.37,3.0,4648.0,2055.37,169.0,0.0
1.0,2.0,6.0,2.36998,173.0,23.0,468.33,0.0,10.0,34.46,27.33,4649.0,2056.28,2443.0,1.0
1.0,2.0,2.0,1.0,4.0,4.0,50.0,0.0,2.0,252.75,3.0,2562.0,1015.55,216.0,0.0
1.0,22.0,22.0,4.37865,40.0,385.0,164.45,0.0,12.0,23.05,10.5,2563.0,1016.55,217.0,0.0
1.0,1.0,1.0,0.0,18.0,0.0,173.0,0.0,5.0,0.15,66.0,2564.0,1017.36,218.0,0.0
1.0,1.0,1.0,0.0,5.0,15.0,1071.0,0.0,7.0,16.03,44.0,73.0,31.7,6.0,0.0
1.0,1.0,1.0,0.0,18.0,0.0,191.0,0.0,6.0,13.07,65.0,2565.0,1018.32,219.0,0.0
1.0,2.0,2.0,0.357647,57.0,2.0,135.0,0.0,1.0,87.76,8.5,4652.0,2054.88,2393.0,0.0
1.0,1.0,1.0,0.0,2.0,2.0,452.0,0.0,3.0,94.85,32.0,4653.0,2055.53,2394.0,0.0
1.0,1.0,1.0,0.0,1.0,5.0,65.0,0.0,1.0,45.04,1.0,4654.0,2056.16,2395.0,0.0
2.0,31.0,61.0,4.1965,976.0,634.0,305.38,0.0,19.0,31.93,17.26,4655.0,2056.79,4841.0,1.0
1.0,4.0,6.0,1.68943,809.0,1.0,570.33,0.0,11.0,2.01,60.0,4657.0,2058.61,2398.0,0.0
1.0,2.0,2.0,0.836641,29.0,1.0,468.5,1.0,11.0,6.19,51.0,4658.0,2057.69,2447.0,0.0
1.0,2.0,2.0,0.836641,29.0,1.0,433.5,0.0,9.0,140.37,48.0,4659.0,2058.68,2448.0,0.0
1.0,1.0,1.0,0.0,0.0,4.0,72.0,0.0,4.0,5.71,55.0,4662.0,2061.36,2450.0,0.0
1.0,3.0,11.0,3.1225,425.0,39.0,304.18,0.0,12.0,7.44,19.91,4663.0,2059.98,2451.0,1.0
2.0,96.0,96.0,6.584410000000001,0.0,482.0,114.79,0.0,21.0,18.69,10.14,4664.0,2060.97,4852.0,0.0
2.0,2.0,2.0,0.764205,4.0,5.0,60.5,0.0,1.0,3.36,1.0,4665.0,2061.65,4854.0,0.0
1.0,2.0,2.0,0.995253,145.0,3.0,1160.0,0.0,3.0,106.42,12.5,4666.0,2062.36,2402.0,1.0
1.0,1.0,1.0,0.0,2.0,1.0,79.0,0.0,1.0,1.8,1.0,4667.0,2063.35,2403.0,0.0
1.0,1.0,1.0,0.0,3.0,2.0,910.0,0.0,11.0,65.32,69.0,4668.0,2064.13,2454.0,0.0
1.0,1.0,1.0,0.0,4.0,2.0,911.0,0.0,11.0,0.01,70.0,4669.0,2065.1,2455.0,0.0
1.0,2.0,11.0,3.4313300000000004,82.0,26.0,67.09,0.0,2.0,188.3,1.36,4670.0,2063.97,235.0,0.0
1.0,1.0,1.0,0.0,1.0,1.0,979.0,0.0,7.0,27.34,130.0,4671.0,2064.93,2456.0,0.0
1.0,1.0,1.0,0.0,2.0,2.0,1721.0,0.0,17.0,6.03,424.0,2566.0,1013.86,140.0,0.0
1.0,2.0,2.0,0.954434,4.0,4.0,408.0,0.0,5.0,2.83,18.5,2567.0,1014.85,1589.0,0.0
1.0,2.0,4.0,1.50924,108.0,4.0,228.5,0.0,7.0,30.88,12.25,2568.0,1015.83,1590.0,0.0
1.0,1.0,1.0,0.0,2.0,2.0,1729.0,0.0,16.0,17.25,414.0,2569.0,1016.8,141.0,0.0
1.0,1.0,1.0,0.0,0.0,3.0,75.0,1.0,4.0,24.47,9.0,2570.0,1017.71,1591.0,0.0
1.0,1.0,1.0,0.0,0.0,3.0,67.0,1.0,4.0,52.38,8.0,2572.0,1019.71,1592.0,0.0
1.0,1.0,1.0,0.0,4.0,4.0,294.0,0.0,12.0,6.3,209.0,111.0,75.85,9.0,0.0
3.0,3.0,3.0,1.45915,3.0,3.0,694.67,0.0,18.0,4.76,184.33,4674.0,2065.07,2727.0,0.0
1.0,1.0,1.0,0.0,1.0,1.0,133.0,0.0,1.0,8.55,1.0,4675.0,2065.98,2404.0,0.0
1.0,2.0,2.0,0.5746359999999999,18.0,4.0,229.0,0.0,9.0,74.45,38.0,4676.0,2066.94,2405.0,0.0
1.0,1.0,1.0,0.0,9.0,4.0,1061.0,0.0,9.0,2.19,98.0,4678.0,2068.5,2459.0,0.0
2.0,5.0,5.0,2.04083,271.0,44.0,166.6,0.0,5.0,15.73,10.0,4679.0,2069.38,4866.0,1.0
1.0,4.0,4.0,1.16191,50.0,19.0,216.0,0.0,4.0,0.09,7.25,4681.0,2071.1,2407.0,0.0
1.0,1.0,3.0,1.58103,17.0,2.0,194.33,0.0,7.0,146.47,10.33,2575.0,1020.65,1595.0,0.0
1.0,1.0,1.0,0.0,57.0,5.0,47.0,0.0,1.0,2.94,2.0,4683.0,2070.96,2409.0,0.0
1.0,3.0,3.0,1.23394,125.0,0.0,418.0,0.0,5.0,99.35,16.0,4685.0,2072.67,2410.0,0.0
1.0,2.0,3.0,1.26798,137.0,0.0,181.33,0.0,2.0,27.79,3.67,4686.0,2073.57,2411.0,0.0
3.0,6.0,6.0,2.55758,5.0,59.0,388.0,0.0,16.0,21.72,57.33,100.0,91.46,75.0,0.0
3.0,6.0,6.0,2.55758,5.0,59.0,384.17,0.0,16.0,12.81,58.5,101.0,92.44,78.0,0.0
1.0,3.0,3.0,1.40564,4.0,4.0,1250.33,0.0,11.0,4.98,118.67,102.0,93.44,30.0,0.0
1.0,3.0,3.0,0.914953,211.0,1.0,268.67,0.0,11.0,4.44,30.0,6.0,5.15,5.0,0.0
1.0,1.0,1.0,0.0,85.0,0.0,644.0,0.0,3.0,35.43,4.0,1.0,1.0,1.0,0.0
1.0,2.0,3.0,1.26023,152.0,2.0,43.67,0.0,1.0,60.52,1.0,4688.0,2072.72,2464.0,0.0
1.0,1.0,2.0,0.721928,10.0,10.0,409.0,0.0,6.0,0.39,31.5,4692.0,2075.77,2466.0,0.0
1.0,1.0,1.0,0.0,10.0,8.0,173.0,0.0,1.0,123.06,4.0,113.0,77.39,80.0,0.0
2.0,2.0,2.0,0.684038,7.0,4.0,956.0,1.0,17.0,0.0,218.5,662.0,281.6,380.0,0.0
2.0,4.0,4.0,1.15406,169.0,1.0,49.25,0.0,5.0,62.09,4.5,4694.0,2076.03,2705.0,0.0
2.0,3.0,3.0,0.975275,61.0,9.0,96.0,0.0,4.0,19.28,8.0,4695.0,2077.02,4884.0,0.0
1.0,1.0,1.0,0.0,2.0,1.0,135.0,0.0,4.0,182.61,18.0,4696.0,2077.57,2470.0,0.0
1.0,1.0,3.0,1.48548,24.0,16.0,190.67,0.0,2.0,0.75,3.67,53.0,42.42,4.0,0.0
1.0,1.0,1.0,0.0,1.0,0.0,291.0,0.0,8.0,0.49,160.0,4697.0,2078.46,2416.0,0.0
2.0,4.0,6.0,2.37095,10.0,10.0,147.67,0.0,2.0,1.08,2.17,4699.0,2080.18,4889.0,0.0
1.0,1.0,1.0,0.0,4.0,3.0,102.0,1.0,1.0,0.01,1.0,4701.0,2081.87,2419.0,0.0
2.0,3.0,3.0,1.1405299999999998,126.0,14.0,138.67,1.0,7.0,54.97,11.0,4703.0,2081.7,4894.0,0.0
2.0,3.0,3.0,1.23146,129.0,23.0,136.0,0.0,7.0,66.05,9.67,4704.0,2082.66,4896.0,0.0
1.0,1.0,1.0,0.0,27.0,12.0,354.0,0.0,7.0,61.68,24.0,2576.0,1015.03,1596.0,0.0
1.0,1.0,1.0,0.0,1.0,1.0,57.0,0.0,4.0,26.32,16.0,2577.0,1015.78,1597.0,0.0
1.0,1.0,1.0,0.0,104.0,0.0,0.0,0.0,0.0,0.0,0.0,2578.0,1016.78,1598.0,0.0
1.0,1.0,2.0,0.591673,22.0,6.0,163.0,0.0,6.0,185.71,6.0,4705.0,2077.64,2422.0,0.0
2.0,3.0,4.0,1.45418,25.0,4.0,92.25,0.0,6.0,98.15,3.25,4709.0,2079.36,4902.0,0.0
1.0,2.0,2.0,0.566509,30.0,0.0,146.0,0.0,8.0,1.95,80.5,56.0,45.04,7.0,0.0
1.0,1.0,1.0,0.0,8.0,9.0,127.0,0.0,2.0,27.2,7.0,2581.0,1018.42,1601.0,0.0
1.0,2.0,2.0,0.117595,63.0,0.0,243.0,0.0,4.0,37.12,9.0,2582.0,1019.4,1602.0,0.0
1.0,1.0,1.0,0.0,16.0,0.0,9.0,0.0,2.0,0.96,3.0,2583.0,1020.4,583.0,0.0
1.0,1.0,1.0,0.0,0.0,5.0,126.0,0.0,2.0,0.02,8.0,2584.0,1021.39,1603.0,0.0
1.0,1.0,2.0,0.428811,52.0,5.0,44.5,0.0,3.0,13.74,1.5,2585.0,1022.26,1604.0,0.0
1.0,2.0,3.0,0.892943,17.0,4.0,110.67,0.0,3.0,27.04,5.33,4711.0,2078.25,2479.0,0.0
1.0,10.0,13.0,3.67644,13.0,16.0,200.69,0.0,8.0,132.51,12.23,4712.0,2079.13,2480.0,0.0
1.0,1.0,1.0,0.0,0.0,4.0,68.0,0.0,1.0,56.88,1.0,4713.0,2080.0,2481.0,0.0
1.0,2.0,2.0,0.843758,78.0,3.0,163.0,1.0,4.0,75.71,23.5,4714.0,2080.99,2426.0,0.0
1.0,2.0,2.0,0.453716,20.0,1.0,69.0,0.0,2.0,57.23,5.5,2587.0,1023.0,1606.0,0.0
2.0,2.0,2.0,1.0,2.0,2.0,1014.5,0.0,18.0,6.94,271.0,9.0,8.31,13.0,0.0
2.0,11.0,51.0,5.28758,4267.0,0.0,36.84,0.0,19.0,0.73,10.51,664.0,281.2,489.0,1.0
1.0,3.0,3.0,1.55042,45.0,1.0,23.67,0.0,3.0,1.05,3.0,4716.0,2080.46,2428.0,0.0
1.0,2.0,6.0,1.88657,158.0,15.0,89.0,0.0,9.0,69.86,14.33,4717.0,2081.42,2429.0,1.0
1.0,1.0,1.0,0.0,3.0,3.0,189.0,0.0,6.0,0.01,19.0,4718.0,2082.38,2430.0,0.0
1.0,4.0,9.0,2.82088,10.0,25.0,132.0,0.0,1.0,0.31,0.11,4719.0,2083.36,2482.0,0.0
2.0,3.0,3.0,1.28067,11.0,1.0,851.0,0.0,18.0,16.42,185.67,4720.0,2084.28,258.0,0.0
1.0,6.0,7.0,1.19984,54.0,3.0,274.71,0.0,11.0,84.39,22.29,62.0,50.82,12.0,0.0
1.0,1.0,1.0,0.0,1.0,1.0,1749.0,0.0,17.0,0.22,431.0,437.0,142.1,19.0,0.0
2.0,5.0,7.0,2.65656,8.0,7.0,124.86,0.0,6.0,72.41,6.29,63.0,51.8,16.0,0.0
1.0,1.0,1.0,0.0,2.0,1.0,268.0,0.0,6.0,71.25,31.0,67.0,55.79,44.0,0.0
1.0,2.0,3.0,1.17153,80.0,1.0,272.67,0.0,6.0,4.66,21.33,439.0,144.06,220.0,0.0
2.0,2.0,2.0,0.494183,10.0,27.0,467.5,0.0,8.0,34.56,55.0,68.0,56.69,60.0,1.0
1.0,2.0,2.0,0.8042520000000001,114.0,0.0,0.0,0.0,0.0,0.0,0.0,2594.0,1027.37,192.0,0.0
1.0,2.0,2.0,0.117595,63.0,0.0,243.0,0.0,4.0,38.65,9.0,2595.0,1028.34,1610.0,0.0
1.0,1.0,1.0,0.0,12.0,1.0,134.0,1.0,2.0,30.34,8.0,69.0,57.66,16.0,0.0
1.0,1.0,1.0,0.0,3.0,1.0,145.0,0.0,3.0,0.69,9.0,4723.0,2081.23,2432.0,0.0
1.0,1.0,1.0,0.0,34.0,0.0,0.0,0.0,0.0,0.0,0.0,4724.0,2082.23,2433.0,0.0
1.0,2.0,2.0,0.996792,8.0,7.0,125.0,1.0,8.0,71.74,14.5,4726.0,2084.13,2434.0,0.0
1.0,2.0,2.0,0.996792,8.0,7.0,125.0,0.0,7.0,74.2,14.0,4727.0,2085.12,2435.0,0.0
1.0,2.0,2.0,0.496622,99.0,2.0,29.5,1.0,1.0,89.54,2.0,4728.0,2085.08,2436.0,0.0
1.0,2.0,2.0,0.496622,99.0,2.0,29.5,0.0,1.0,89.55,2.0,4729.0,2086.07,2437.0,0.0
2.0,2.0,2.0,0.764205,12.0,6.0,966.0,0.0,17.0,41.22,225.5,4730.0,2084.38,2672.0,0.0
1.0,1.0,1.0,0.0,2.0,0.0,121.0,0.0,2.0,5.66,9.0,4731.0,2083.69,2487.0,0.0
1.0,1.0,2.0,0.4971680000000001,12.0,43.0,352.0,0.0,4.0,65.26,2.5,4732.0,2084.62,2488.0,0.0
1.0,2.0,5.0,2.18872,5.0,7.0,355.0,0.0,7.0,179.97,29.0,72.0,60.26,19.0,0.0
2.0,7.0,8.0,2.93751,26.0,13.0,536.0,0.0,13.0,11.51,48.38,73.0,61.26,67.0,0.0
1.0,2.0,4.0,1.54879,8.0,8.0,418.0,0.0,7.0,0.35,29.25,2600.0,1029.33,1615.0,0.0
1.0,1.0,1.0,0.0,14.0,2.0,115.0,0.0,6.0,33.26,25.0,74.0,62.26,21.0,0.0
1.0,1.0,1.0,0.0,16.0,0.0,7.0,0.0,1.0,0.03,1.0,75.0,63.26,22.0,0.0
1.0,1.0,1.0,0.0,2.0,2.0,60.0,0.0,9.0,0.15,22.0,76.0,64.26,48.0,0.0
1.0,2.0,3.0,1.5,4.0,4.0,503.33,0.0,5.0,1.31,28.0,77.0,65.25,49.0,0.0
1.0,1.0,6.0,1.94914,5.0,13.0,80.5,0.0,2.0,203.1,2.67,78.0,66.25,50.0,0.0
1.0,1.0,1.0,0.0,2.0,1.0,548.0,0.0,9.0,0.06,47.0,79.0,67.25,51.0,0.0
2.0,4.0,78.0,6.00628,122.0,89.0,79.81,0.0,4.0,163.07,0.73,668.0,283.08,709.0,1.0
1.0,1.0,2.0,0.8631209999999999,3.0,4.0,106.0,0.0,2.0,7.8,1.0,3.0,2.92,0.0,0.0
1.0,3.0,4.0,1.30574,28.0,14.0,146.5,0.0,6.0,3.2,4.0,4733.0,2082.23,2438.0,0.0
1.0,1.0,1.0,0.0,79.0,0.0,0.0,0.0,0.0,0.0,0.0,4735.0,2084.02,2490.0,0.0
1.0,2.0,2.0,0.0,1.0,1.0,57.0,0.0,2.0,2.09,1.0,2602.0,1030.05,193.0,0.0
1.0,3.0,3.0,1.3964,13.0,26.0,154.0,0.0,9.0,34.72,13.0,2603.0,1030.92,1617.0,0.0
2.0,12.0,27.0,1.41227,308.0,263.0,93.22,0.0,5.0,278.23,4.0,4736.0,2084.08,4930.0,0.0
1.0,1.0,2.0,0.419921,46.0,1.0,420.0,0.0,6.0,2.67,23.5,114.0,76.58,18.0,0.0
1.0,2.0,2.0,0.468996,9.0,11.0,122.0,0.0,3.0,0.35,6.0,4737.0,2083.38,2440.0,0.0
1.0,1.0,2.0,0.99403,5.0,6.0,103.0,0.0,3.0,5.74,1.5,4.0,3.91,0.0,0.0
1.0,3.0,4.0,1.271,597.0,0.0,103.75,0.0,10.0,10.05,27.5,5.0,4.91,1.0,0.0
1.0,1.0,1.0,0.0,22.0,0.0,296.0,0.0,9.0,7.97,162.0,4738.0,2084.03,2441.0,0.0
1.0,2.0,2.0,0.8631209999999999,10.0,4.0,491.0,0.0,12.0,1.0,51.0,2604.0,1030.86,1618.0,0.0
1.0,1.0,1.0,0.0,14.0,11.0,899.0,0.0,11.0,0.0,101.0,4739.0,2085.01,2492.0,0.0
1.0,1.0,1.0,0.0,4.0,0.0,318.0,0.0,9.0,0.02,163.0,4740.0,2085.98,2442.0,0.0
1.0,1.0,1.0,0.0,6.0,0.0,59.0,0.0,1.0,113.77,1.0,2606.0,1032.66,194.0,0.0
1.0,1.0,1.0,0.0,0.0,22.0,322.0,0.0,9.0,0.14,164.0,4742.0,2087.56,2443.0,0.0
1.0,1.0,1.0,0.0,3.0,3.0,944.0,0.0,12.0,35.0,418.0,4743.0,2088.46,89.0,0.0
1.0,1.0,1.0,0.0,49.0,56.0,450.0,0.0,10.0,0.02,175.0,104.0,92.24,69.0,0.0
1.0,2.0,2.0,0.591673,8.0,20.0,97.5,0.0,6.0,158.05,9.5,670.0,284.42,303.0,0.0
2.0,2.0,2.0,0.15935,2.0,41.0,1372.5,0.0,19.0,0.13,393.5,106.0,94.22,12.0,0.0
1.0,3.0,3.0,1.45915,3.0,3.0,133.0,0.0,6.0,68.94,11.33,671.0,285.35,304.0,0.0
1.0,1.0,1.0,0.0,1.0,1.0,72.0,0.0,1.0,195.22,3.0,672.0,286.31,305.0,0.0
1.0,1.0,13.0,3.36992,164.0,175.0,73.15,0.0,1.0,189.19,0.54,673.0,287.3,306.0,0.0
1.0,1.0,11.0,3.149,159.0,167.0,80.45,0.0,3.0,128.0,1.0,674.0,288.27,307.0,0.0
1.0,1.0,3.0,1.58496,3.0,6.0,64.67,0.0,2.0,35.11,2.33,4744.0,2086.8,2444.0,0.0
1.0,6.0,10.0,3.02592,868.0,72.0,92.0,0.0,6.0,79.87,4.9,440.0,144.07,221.0,1.0
1.0,2.0,5.0,1.91357,15.0,6.0,63.6,0.0,1.0,195.86,0.4,675.0,289.04,308.0,0.0
1.0,1.0,3.0,1.56128,9.0,7.0,84.67,0.0,3.0,14.25,2.67,676.0,290.02,309.0,0.0
1.0,1.0,1.0,0.0,2.0,2.0,78.0,0.0,4.0,195.92,13.0,83.0,70.73,26.0,0.0
1.0,1.0,4.0,1.98305,18.0,4.0,51.0,0.0,2.0,9.18,1.0,677.0,291.0,310.0,0.0
1.0,3.0,3.0,1.32501,20.0,16.0,220.33,0.0,4.0,285.65,4.67,679.0,292.83,411.0,0.0
1.0,2.0,3.0,1.22611,29.0,3.0,110.67,1.0,6.0,162.33,5.33,2608.0,1032.49,1621.0,0.0
1.0,1.0,1.0,0.0,1.0,44.0,717.0,0.0,14.0,7.93,171.0,6.0,5.88,1.0,0.0
1.0,3.0,4.0,1.5138200000000002,149.0,37.0,191.0,0.0,6.0,100.89,18.5,4745.0,2085.08,2445.0,0.0
1.0,1.0,1.0,0.0,4.0,3.0,102.0,0.0,1.0,0.0,1.0,4746.0,2086.08,2446.0,0.0
1.0,2.0,2.0,1.0,4.0,4.0,50.0,0.0,2.0,263.64,3.0,4749.0,2089.06,172.0,0.0
1.0,3.0,3.0,1.0540200000000002,22.0,18.0,282.67,0.0,5.0,250.57,10.33,4750.0,2090.04,2495.0,0.0
1.0,3.0,3.0,1.54101,89.0,1.0,60.67,0.0,7.0,28.05,8.0,4752.0,2092.03,2497.0,0.0
1.0,1.0,1.0,0.0,22.0,4.0,124.0,0.0,1.0,196.65,4.0,4755.0,2095.01,2449.0,0.0
1.0,1.0,1.0,0.0,5.0,3.0,157.0,0.0,6.0,0.02,34.0,4757.0,2097.01,2499.0,0.0
1.0,2.0,2.0,0.936667,131.0,22.0,222.5,0.0,6.0,75.94,25.5,4758.0,2098.0,2451.0,0.0
2.0,3.0,4.0,1.2292,35.0,19.0,129.0,0.0,6.0,387.17,15.5,4759.0,2099.0,4952.0,0.0
1.0,1.0,1.0,0.0,54.0,0.0,0.0,0.0,0.0,0.0,0.0,4760.0,2099.99,2501.0,0.0
1.0,1.0,1.0,0.0,13.0,1.0,116.0,0.0,6.0,1.82,19.0,4761.0,2100.62,2453.0,0.0
1.0,2.0,2.0,0.8453510000000001,11.0,0.0,483.5,0.0,15.0,4.63,154.0,8.0,7.87,3.0,0.0
1.0,1.0,1.0,0.0,1.0,1.0,682.0,0.0,14.0,0.01,173.0,10.0,9.87,5.0,0.0
1.0,1.0,1.0,0.0,1.0,1.0,676.0,0.0,13.0,0.0,168.0,11.0,10.87,6.0,0.0
1.0,1.0,1.0,0.0,2.0,0.0,381.0,0.0,7.0,9.09,27.0,4763.0,2102.37,2454.0,0.0
1.0,1.0,2.0,0.419921,46.0,1.0,410.5,0.0,5.0,67.05,22.5,4764.0,2103.37,2455.0,0.0
1.0,1.0,1.0,0.0,2.0,0.0,381.0,0.0,6.0,94.96,25.0,4765.0,2104.36,2456.0,0.0
1.0,2.0,2.0,1.0,2.0,2.0,149.0,0.0,5.0,17.72,35.0,4766.0,2105.09,2502.0,0.0
2.0,2.0,2.0,1.0,2.0,2.0,170.0,0.0,5.0,45.93,20.0,4767.0,2106.04,245.0,0.0
1.0,2.0,2.0,1.0,2.0,2.0,160.5,0.0,6.0,8.69,34.0,4768.0,2107.02,2503.0,0.0
1.0,1.0,1.0,0.0,6.0,8.0,86.0,0.0,3.0,0.91,7.0,681.0,294.41,413.0,0.0
1.0,5.0,8.0,2.36793,62.0,50.0,165.38,0.0,6.0,97.98,5.13,4769.0,2106.34,2504.0,1.0
1.0,4.0,7.0,2.18271,120.0,11.0,47.43,0.0,6.0,92.9,8.29,4770.0,2106.75,2505.0,0.0
1.0,1.0,1.0,0.0,6.0,0.0,516.0,0.0,7.0,11.81,36.0,2611.0,1032.51,587.0,0.0
1.0,2.0,3.0,1.27064,78.0,21.0,65.67,0.0,5.0,123.06,6.33,2612.0,1033.51,1624.0,1.0
1.0,1.0,1.0,0.0,0.0,1.0,65.0,0.0,1.0,0.14,1.0,2613.0,1034.32,1625.0,0.0
2.0,2.0,2.0,1.0,6.0,6.0,90.0,0.0,1.0,9.71,1.0,682.0,294.53,517.0,0.0
1.0,2.0,2.0,0.764205,27.0,0.0,85.5,0.0,2.0,93.76,6.5,2616.0,1036.44,1628.0,0.0
1.0,1.0,1.0,0.0,8.0,1.0,150.0,0.0,2.0,512.68,5.0,2617.0,1037.43,1629.0,0.0
1.0,1.0,1.0,0.0,75.0,0.0,0.0,0.0,0.0,0.0,0.0,2619.0,1039.39,1631.0,0.0
2.0,11.0,23.0,3.25694,126.0,94.0,253.52,0.0,14.0,41.73,17.65,87.0,74.07,85.0,1.0
2.0,2.0,2.0,0.446481,18.0,25.0,1190.0,0.0,20.0,2.35,277.0,10.0,9.02,15.0,0.0
1.0,1.0,1.0,0.0,4.0,4.0,943.0,0.0,12.0,0.9,417.0,685.0,296.87,135.0,0.0
1.0,1.0,1.0,0.0,1.0,1.0,194.0,0.0,2.0,4.51,4.0,687.0,298.84,417.0,0.0
1.0,1.0,1.0,0.0,16.0,8.0,165.0,0.0,1.0,1.18,2.0,691.0,302.82,315.0,0.0
2.0,2.0,2.0,0.787127,11.0,6.0,203.5,0.0,11.0,27.04,38.5,692.0,303.76,736.0,1.0
1.0,1.0,1.0,0.0,1.0,1.0,157.0,0.0,3.0,2.0,6.0,2620.0,1037.78,1632.0,0.0
1.0,1.0,1.0,0.0,3.0,1.0,309.0,0.0,3.0,65.26,13.0,2621.0,1038.74,1633.0,0.0
1.0,1.0,1.0,0.0,1.0,1.0,157.0,0.0,3.0,1.99,6.0,2622.0,1039.72,1634.0,0.0
1.0,2.0,2.0,0.918296,3.0,3.0,486.5,0.0,15.0,3.0,155.5,12.0,11.72,7.0,0.0
1.0,2.0,3.0,0.999655,8.0,18.0,228.0,0.0,7.0,74.09,9.0,693.0,304.34,317.0,0.0
2.0,6.0,7.0,2.45635,26.0,12.0,324.86,0.0,15.0,47.43,27.29,694.0,305.15,739.0,1.0
1.0,1.0,1.0,0.0,1.0,3.0,500.0,0.0,8.0,2.69,36.0,695.0,306.15,422.0,0.0
2.0,2.0,2.0,0.8453510000000001,15.0,7.0,357.5,0.0,11.0,137.88,46.0,696.0,306.7,742.0,1.0
1.0,1.0,1.0,0.0,3.0,0.0,344.0,0.0,9.0,84.9,86.0,2626.0,1040.44,1638.0,0.0
1.0,1.0,1.0,0.0,19.0,9.0,337.0,0.0,1.0,15.63,1.0,90.0,76.35,57.0,0.0
1.0,1.0,1.0,0.0,2.0,3.0,347.0,0.0,2.0,0.0,2.0,91.0,77.34,58.0,0.0
1.0,2.0,2.0,0.563856,55.0,13.0,75.5,1.0,7.0,78.75,10.0,4773.0,2091.28,2508.0,0.0
1.0,1.0,1.0,0.0,10.0,8.0,880.0,0.0,11.0,0.3,103.0,108.0,94.13,71.0,0.0
1.0,1.0,1.0,0.0,52.0,0.0,0.0,0.0,0.0,0.0,0.0,698.0,308.28,425.0,0.0
1.0,4.0,10.0,2.37245,290.0,18.0,165.4,1.0,13.0,13.9,13.9,132.0,43.09,110.0,0.0
1.0,3.0,3.0,1.45118,14.0,27.0,153.0,0.0,9.0,74.76,11.67,2627.0,1040.66,1639.0,0.0
1.0,6.0,49.0,4.9814300000000005,4209.0,952.0,67.08,0.0,10.0,29.2,2.8,4774.0,2090.46,2457.0,1.0
1.0,1.0,3.0,1.0223,60.0,120.0,444.67,0.0,11.0,19.76,35.67,2628.0,1041.51,1640.0,0.0
1.0,1.0,2.0,1.0,2.0,2.0,77.0,0.0,6.0,1079.09,24.0,4776.0,2091.9,74.0,0.0
1.0,1.0,2.0,1.0,2.0,2.0,77.0,0.0,6.0,1079.09,24.0,4777.0,2092.89,75.0,0.0
1.0,1.0,1.0,0.0,2.0,0.0,368.0,0.0,8.0,0.54,28.0,135.0,46.06,113.0,0.0
1.0,1.0,1.0,0.0,2.0,0.0,355.0,0.0,7.0,0.47,25.0,136.0,47.06,114.0,0.0
1.0,4.0,5.0,1.5885200000000002,62.0,40.0,744.2,0.0,14.0,118.01,64.0,93.0,78.97,34.0,0.0
2.0,3.0,4.0,1.93157,15.0,39.0,640.0,0.0,12.0,129.49,82.75,94.0,79.95,94.0,0.0
1.0,1.0,1.0,0.0,3.0,1.0,312.0,0.0,6.0,46.95,45.0,4778.0,2088.49,2459.0,0.0
1.0,1.0,1.0,0.0,1.0,1.0,677.0,0.0,14.0,4.82,176.0,123.0,36.32,20.0,0.0
1.0,1.0,2.0,0.938315,29.0,2.0,168.5,0.0,6.0,2.06,23.5,4781.0,2091.32,2462.0,0.0
0.0,0.0,0.0,0.0,0.0,0.0,0.0,0.0,0.0,0.0,0.0,4782.0,2092.31,0.0,0.0
1.0,1.0,1.0,0.0,1.0,1.0,676.0,0.0,13.0,9.71,169.0,4783.0,2093.31,87.0,0.0
1.0,2.0,4.0,1.71376,16.0,44.0,245.75,0.0,1.0,1.63,0.75,4785.0,2095.01,2463.0,0.0
1.0,1.0,1.0,0.0,31.0,5.0,514.0,0.0,3.0,42.84,17.0,95.0,80.78,60.0,0.0
1.0,1.0,1.0,0.0,4.0,5.0,540.0,0.0,4.0,0.01,18.0,96.0,81.78,61.0,0.0
1.0,1.0,1.0,0.0,1.0,1.0,539.0,0.0,4.0,0.01,19.0,699.0,308.06,426.0,0.0
1.0,2.0,2.0,0.242292,22.0,28.0,184.5,0.0,7.0,2.44,9.0,700.0,309.05,427.0,0.0
1.0,3.0,8.0,2.539,232.0,18.0,167.5,0.0,1.0,1.51,0.38,4786.0,2095.45,2464.0,1.0
2.0,6.0,6.0,2.12581,12.0,0.0,119.83,0.0,6.0,44.39,14.5,109.0,94.48,104.0,0.0
4.0,5.0,5.0,1.05044,40.0,51.0,780.6,0.0,22.0,7.02,192.2,4788.0,2095.2,2878.0,0.0
1.0,2.0,2.0,0.8112779999999999,18.0,6.0,123.0,0.0,5.0,127.55,5.5,4789.0,2096.19,2513.0,0.0
1.0,1.0,1.0,0.0,1.0,0.0,796.0,0.0,6.0,14.96,72.0,4790.0,2096.8,2465.0,0.0
1.0,1.0,1.0,0.0,1.0,0.0,756.0,0.0,5.0,70.96,68.0,4791.0,2097.79,2466.0,0.0
1.0,2.0,2.0,0.491237,24.0,4.0,66.5,1.0,5.0,354.98,4.0,4793.0,2099.21,2514.0,0.0
1.0,1.0,1.0,0.0,1.0,1.0,1741.0,0.0,16.0,5.48,422.0,702.0,310.37,90.0,0.0
1.0,2.0,2.0,0.386019,24.0,29.0,176.5,0.0,7.0,3.81,8.0,703.0,311.37,428.0,0.0
1.0,2.0,2.0,0.8112779999999999,8.0,0.0,45.5,0.0,1.0,339.76,1.0,2629.0,1036.9,1641.0,0.0
1.0,1.0,1.0,0.0,1.0,1.0,264.0,1.0,7.0,0.74,25.0,4795.0,2099.05,2468.0,0.0
1.0,1.0,1.0,0.0,2.0,1.0,90.0,0.0,2.0,22.05,3.0,99.0,84.37,64.0,0.0
1.0,1.0,1.0,0.0,3.0,3.0,146.0,0.0,6.0,9.3,15.0,100.0,85.37,65.0,0.0
1.0,1.0,1.0,0.0,3.0,3.0,136.0,0.0,3.0,11.35,6.0,101.0,86.37,66.0,0.0
1.0,2.0,2.0,0.439497,11.0,11.0,203.0,0.0,9.0,210.7,46.0,2630.0,1036.78,1642.0,0.0
1.0,2.0,2.0,0.439497,11.0,11.0,203.0,0.0,9.0,210.7,46.0,2631.0,1037.71,1643.0,0.0
1.0,1.0,1.0,0.0,58.0,20.0,130.0,0.0,8.0,2.02,85.0,4797.0,2098.16,2517.0,0.0
2.0,13.0,26.0,4.1600199999999985,128.0,130.0,522.65,0.0,17.0,79.68,35.04,103.0,88.19,107.0,1.0
1.0,1.0,1.0,0.0,0.0,1.0,91.0,0.0,2.0,0.87,4.0,104.0,89.19,69.0,0.0
1.0,1.0,1.0,0.0,2.0,2.0,162.0,0.0,7.0,0.03,37.0,105.0,90.19,70.0,0.0
1.0,1.0,1.0,0.0,2.0,1.0,78.0,0.0,3.0,209.71,10.0,106.0,91.19,71.0,0.0
1.0,1.0,1.0,0.0,6.0,0.0,515.0,0.0,6.0,107.12,35.0,2632.0,1038.33,588.0,0.0
1.0,4.0,4.0,1.90564,4.0,4.0,57.5,0.0,5.0,59.07,4.5,4798.0,2098.6,174.0,0.0
1.0,1.0,1.0,0.0,1.0,1.0,36.0,0.0,2.0,387.28,2.0,705.0,312.61,430.0,0.0
1.0,1.0,1.0,0.0,4.0,3.0,40.0,0.0,2.0,58.67,52.0,4799.0,2099.32,2.0,0.0
1.0,1.0,1.0,0.0,18.0,12.0,358.0,0.0,2.0,6.04,6.0,108.0,93.14,41.0,0.0
1.0,1.0,1.0,0.0,0.0,7.0,67.0,0.0,4.0,209.97,8.0,109.0,94.13,42.0,0.0
2.0,3.0,3.0,1.49579,100.0,1.0,58.67,0.0,7.0,1.02,16.33,4801.0,2100.94,4987.0,1.0
1.0,2.0,4.0,1.84038,38.0,15.0,102.0,0.0,2.0,236.43,0.75,706.0,313.48,431.0,0.0
2.0,10.0,18.0,2.76302,966.0,26.0,207.67,0.0,15.0,41.15,19.11,708.0,315.35,753.0,1.0
1.0,1.0,1.0,0.0,97.0,0.0,0.0,0.0,0.0,0.0,0.0,709.0,316.35,321.0,0.0
1.0,1.0,1.0,0.0,5.0,5.0,766.0,1.0,5.0,31.72,40.0,2633.0,1038.35,1644.0,0.0
1.0,1.0,1.0,0.0,0.0,1.0,66.0,1.0,1.0,0.0,1.0,2635.0,1040.35,1646.0,0.0
1.0,1.0,1.0,0.0,9.0,0.0,39.0,0.0,1.0,0.5,1.0,4802.0,2100.45,2519.0,0.0
1.0,7.0,7.0,1.98274,90.0,66.0,273.57,0.0,11.0,121.99,21.43,110.0,95.0,43.0,1.0
1.0,1.0,1.0,0.0,1.0,1.0,427.0,0.0,7.0,0.03,49.0,111.0,95.99,44.0,0.0
1.0,4.0,4.0,1.92193,5.0,0.0,39.5,0.0,7.0,46.21,9.25,4803.0,2101.12,2520.0,0.0
1.0,2.0,17.0,3.3449,2.0,62.0,180.35,0.0,12.0,43.29,10.88,2637.0,1042.17,1648.0,0.0
1.0,4.0,33.0,4.5052400000000015,94.0,43.0,152.39,0.0,7.0,5.45,1.94,114.0,98.97,47.0,0.0
2.0,12.0,17.0,3.85182,23.0,5.0,279.06,0.0,17.0,76.03,21.71,110.0,94.57,106.0,0.0
1.0,8.0,15.0,3.41366,26.0,24.0,126.13,0.0,6.0,308.96,4.2,111.0,95.56,34.0,0.0
2.0,4.0,5.0,2.13394,8.0,5.0,188.0,0.0,7.0,84.68,8.0,112.0,96.56,109.0,0.0
1.0,1.0,1.0,0.0,7.0,3.0,677.0,0.0,14.0,3.5,178.0,113.0,97.55,8.0,0.0
1.0,1.0,1.0,0.0,7.0,3.0,676.0,0.0,13.0,4.54,170.0,114.0,98.55,9.0,0.0
1.0,1.0,1.0,0.0,34.0,7.0,461.0,1.0,6.0,204.8,17.0,4804.0,2098.95,2470.0,0.0
1.0,1.0,1.0,0.0,34.0,7.0,461.0,0.0,6.0,204.81,17.0,4805.0,2099.94,2471.0,0.0
1.0,2.0,2.0,0.8631209999999999,24.0,4.0,68.0,0.0,4.0,211.72,7.0,4807.0,2101.84,2473.0,0.0
1.0,2.0,3.0,1.05732,170.0,0.0,140.0,0.0,11.0,5.99,37.0,4808.0,2100.32,240.0,0.0
2.0,2.0,2.0,1.0,2.0,2.0,999.0,0.0,20.0,8.42,278.5,14.0,13.33,9.0,0.0
2.0,2.0,2.0,1.0,2.0,2.0,1018.5,0.0,18.0,2.66,269.0,15.0,14.33,11.0,0.0
1.0,1.0,1.0,0.0,1.0,1.0,893.0,0.0,8.0,18.71,133.0,4810.0,2099.29,2521.0,0.0
2.0,2.0,2.0,0.63431,25.0,0.0,325.0,0.0,3.0,120.07,16.0,116.0,99.88,82.0,0.0
1.0,2.0,5.0,2.09841,39.0,0.0,619.4,0.0,10.0,90.58,37.6,119.0,102.87,79.0,0.0
1.0,1.0,1.0,0.0,5.0,8.0,149.0,0.0,3.0,0.04,5.0,127.0,110.86,8.0,0.0
1.0,2.0,3.0,0.699858,21.0,23.0,238.67,0.0,8.0,0.0,21.0,133.0,116.85,43.0,0.0
2.0,5.0,5.0,2.1280900000000003,7.0,7.0,398.4,0.0,10.0,0.0,9.0,134.0,117.85,101.0,0.0
0.0,0.0,0.0,0.0,0.0,0.0,0.0,0.0,0.0,0.0,0.0,136.0,119.85,0.0,0.0
1.0,1.0,3.0,1.26393,0.0,17.0,74.33,0.0,3.0,103.25,2.0,137.0,120.85,13.0,0.0
1.0,3.0,3.0,1.58496,12.0,3.0,509.0,0.0,5.0,0.02,9.33,141.0,124.85,92.0,0.0
1.0,1.0,1.0,0.0,1.0,1.0,166.0,0.0,2.0,169.31,6.0,143.0,126.84,44.0,0.0
0.0,0.0,0.0,0.0,0.0,0.0,0.0,0.0,0.0,0.0,0.0,144.0,127.84,0.0,0.0
0.0,0.0,0.0,0.0,0.0,0.0,0.0,0.0,0.0,0.0,0.0,145.0,128.84,0.0,0.0
1.0,3.0,6.0,2.36966,42.0,0.0,560.83,0.0,12.0,48.19,31.67,146.0,129.84,94.0,0.0
2.0,2.0,4.0,1.93628,10.0,6.0,506.75,0.0,18.0,93.4,109.0,148.0,131.84,103.0,0.0
1.0,2.0,2.0,1.0,8.0,0.0,473.5,0.0,11.0,142.95,47.0,149.0,132.84,46.0,0.0
1.0,1.0,1.0,0.0,1.0,5.0,65.0,0.0,1.0,83.36,1.0,154.0,137.84,48.0,0.0
2.0,96.0,96.0,6.58222,0.0,489.0,119.29,0.0,22.0,12.79,10.14,156.0,139.83,149.0,0.0
1.0,1.0,1.0,0.0,2.0,0.0,71.0,0.0,1.0,0.01,1.0,157.0,140.83,101.0,0.0
0.0,0.0,0.0,0.0,0.0,0.0,0.0,0.0,0.0,0.0,0.0,160.0,143.83,0.0,0.0
0.0,0.0,0.0,0.0,0.0,0.0,0.0,0.0,0.0,0.0,0.0,161.0,144.83,0.0,0.0
1.0,2.0,2.0,0.5746359999999999,18.0,4.0,229.0,0.0,9.0,108.99,38.0,162.0,145.83,50.0,0.0
0.0,0.0,0.0,0.0,0.0,0.0,0.0,0.0,0.0,0.0,0.0,164.0,147.83,0.0,0.0
1.0,2.0,5.0,1.57134,77.0,2.0,185.4,0.0,6.0,164.41,13.6,166.0,149.83,105.0,0.0
1.0,2.0,3.0,1.26023,152.0,2.0,43.67,0.0,1.0,71.34,1.0,167.0,150.83,106.0,0.0
1.0,1.0,1.0,0.0,1.0,1.0,153.0,0.0,2.0,0.0,4.0,169.0,152.83,108.0,0.0
1.0,1.0,2.0,0.721928,10.0,10.0,409.0,0.0,7.0,0.0,31.5,170.0,153.83,109.0,0.0
1.0,1.0,1.0,0.0,10.0,8.0,173.0,0.0,1.0,155.08,4.0,171.0,154.83,110.0,0.0
1.0,1.0,1.0,0.0,1.0,0.0,259.0,0.0,9.0,0.08,19.0,173.0,156.82,112.0,0.0
1.0,1.0,1.0,0.0,27.0,12.0,357.0,0.0,7.0,9.2,26.0,174.0,157.82,113.0,0.0
0.0,0.0,0.0,0.0,0.0,0.0,0.0,0.0,0.0,0.0,0.0,175.0,158.82,0.0,0.0
1.0,2.0,2.0,0.365055,86.0,0.0,146.0,0.0,6.0,34.31,12.5,177.0,160.82,52.0,0.0
2.0,3.0,4.0,1.45418,25.0,4.0,93.0,0.0,5.0,163.13,3.0,178.0,161.82,167.0,0.0
1.0,1.0,2.0,0.428811,52.0,5.0,43.5,0.0,2.0,45.78,1.0,179.0,162.82,115.0,0.0
0.0,0.0,0.0,0.0,0.0,0.0,0.0,0.0,0.0,0.0,0.0,181.0,164.8,0.0,0.0
1.0,1.0,1.0,0.0,37.0,0.0,113.0,0.0,1.0,65.54,5.0,182.0,165.8,54.0,0.0
1.0,2.0,3.0,1.17153,80.0,1.0,272.67,0.0,7.0,0.05,21.33,187.0,170.8,118.0,0.0
0.0,0.0,0.0,0.0,0.0,0.0,0.0,0.0,0.0,0.0,0.0,188.0,171.8,0.0,0.0
2.0,5.0,5.0,1.63865,48.0,7.0,254.8,0.0,11.0,205.35,24.6,189.0,172.8,176.0,0.0
1.0,1.0,2.0,0.996792,5.0,40.0,708.5,0.0,5.0,34.33,40.5,190.0,173.79,120.0,0.0
1.0,2.0,4.0,1.86637,117.0,0.0,388.75,0.0,7.0,20.38,29.0,191.0,174.79,121.0,0.0
1.0,2.0,4.0,1.54879,8.0,8.0,418.0,0.0,7.0,0.0,29.25,192.0,175.79,122.0,0.0
0.0,0.0,0.0,0.0,0.0,0.0,0.0,0.0,0.0,0.0,0.0,193.0,176.78,0.0,0.0
1.0,2.0,2.0,1.0,6.0,2.0,169.0,0.0,6.0,107.19,15.5,194.0,177.78,123.0,0.0
1.0,1.0,1.0,0.0,79.0,0.0,0.0,0.0,0.0,0.0,0.0,195.0,178.78,124.0,0.0
0.0,0.0,0.0,0.0,0.0,0.0,0.0,0.0,0.0,0.0,0.0,196.0,179.78,0.0,0.0
1.0,1.0,1.0,0.0,1.0,1.0,372.0,0.0,8.0,0.0,28.0,198.0,181.77,126.0,0.0
1.0,2.0,2.0,0.591673,8.0,20.0,97.5,0.0,6.0,177.33,9.5,199.0,182.77,59.0,0.0
2.0,3.0,3.0,1.46184,14.0,5.0,72.0,0.0,4.0,86.04,3.67,200.0,183.77,144.0,0.0
1.0,1.0,1.0,0.0,17.0,0.0,107.0,0.0,7.0,0.17,72.0,201.0,184.76,128.0,0.0
1.0,1.0,1.0,0.0,13.0,1.0,116.0,0.0,7.0,0.02,19.0,202.0,185.76,60.0,0.0
1.0,1.0,1.0,0.0,1.0,0.0,160.0,0.0,6.0,0.02,13.0,203.0,186.76,61.0,0.0
1.0,1.0,1.0,0.0,75.0,0.0,0.0,0.0,0.0,0.0,0.0,205.0,188.76,130.0,0.0
1.0,2.0,3.0,0.999655,8.0,18.0,228.0,0.0,7.0,93.65,8.67,206.0,189.76,62.0,0.0
0.0,0.0,0.0,0.0,0.0,0.0,0.0,0.0,0.0,0.0,0.0,207.0,190.76,0.0,0.0
1.0,1.0,1.0,0.0,11.0,1.0,240.0,0.0,8.0,27.67,54.0,208.0,191.76,131.0,0.0
3.0,11.0,12.0,3.02127,28.0,26.0,338.67,0.0,10.0,136.89,13.33,209.0,192.75,198.0,0.0
1.0,2.0,2.0,1.0,2.0,2.0,89.5,0.0,2.0,0.25,2.5,210.0,193.74,18.0,0.0
1.0,1.0,1.0,0.0,1.0,3.0,235.0,0.0,6.0,1.18,37.0,4811.0,2096.79,2475.0,0.0
1.0,2.0,2.0,0.258019,69.0,0.0,1177.5,1.0,12.0,2.52,162.5,4812.0,2097.78,2476.0,0.0
1.0,2.0,2.0,0.258019,69.0,0.0,1175.0,0.0,10.0,15.96,156.5,4813.0,2098.78,2477.0,1.0
1.0,4.0,8.0,2.56435,310.0,27.0,182.88,0.0,7.0,11.59,12.0,4815.0,2100.58,2479.0,1.0
1.0,1.0,1.0,0.0,2.0,1.0,1012.0,0.0,13.0,1.04,422.0,211.0,194.47,9.0,0.0
2.0,2.0,2.0,0.99403,11.0,0.0,1009.0,0.0,18.0,0.77,268.0,4817.0,2102.45,2670.0,0.0
1.0,2.0,2.0,1.0,3.0,1.0,128.5,0.0,3.0,28.29,6.5,212.0,195.45,133.0,0.0
1.0,1.0,1.0,0.0,1.0,1.0,250.0,0.0,9.0,0.62,55.0,213.0,196.45,134.0,0.0
1.0,2.0,2.0,0.563856,55.0,13.0,76.0,1.0,5.0,127.07,8.5,214.0,197.43,135.0,0.0
0.0,0.0,0.0,0.0,0.0,0.0,0.0,0.0,0.0,0.0,0.0,215.0,198.43,0.0,0.0
1.0,1.0,1.0,0.0,31.0,5.0,514.0,0.0,4.0,0.89,17.0,216.0,199.42,136.0,0.0
1.0,1.0,1.0,0.0,4.0,5.0,540.0,0.0,4.0,0.0,18.0,217.0,200.42,137.0,0.0
0.0,0.0,0.0,0.0,0.0,0.0,0.0,0.0,0.0,0.0,0.0,220.0,203.42,0.0,0.0
1.0,3.0,7.0,2.56163,197.0,8.0,57.0,0.0,1.0,90.29,0.14,221.0,204.42,11.0,0.0
1.0,4.0,4.0,1.92193,5.0,0.0,37.0,0.0,7.0,83.61,9.0,222.0,205.41,139.0,0.0
0.0,0.0,0.0,0.0,0.0,0.0,0.0,0.0,0.0,0.0,0.0,224.0,207.41,0.0,0.0
0.0,0.0,0.0,0.0,0.0,0.0,0.0,0.0,0.0,0.0,0.0,225.0,208.41,0.0,0.0
2.0,2.0,2.0,0.970951,2.0,3.0,299.0,0.0,5.0,0.02,13.0,226.0,209.4,206.0,0.0
1.0,1.0,1.0,0.0,4.0,2.0,96.0,1.0,1.0,205.23,1.0,4820.0,2102.35,2522.0,0.0
1.0,1.0,1.0,0.0,4.0,2.0,96.0,0.0,1.0,205.24,1.0,4821.0,2103.34,2523.0,0.0
2.0,5.0,6.0,2.42025,237.0,0.0,272.0,0.0,10.0,7.09,22.33,7.0,5.67,9.0,0.0
3.0,3.0,3.0,1.32501,12.0,0.0,842.67,0.0,22.0,11.17,223.67,710.0,314.56,608.0,0.0
1.0,4.0,12.0,3.27006,806.0,0.0,0.0,0.0,0.0,0.0,0.0,711.0,315.56,435.0,1.0
1.0,1.0,1.0,0.0,1.0,1.0,144.0,0.0,10.0,16.81,83.0,119.0,102.52,51.0,0.0
0.0,0.0,0.0,0.0,0.0,0.0,0.0,0.0,0.0,0.0,0.0,120.0,103.51,0.0,0.0
2.0,7.0,11.0,3.1307400000000003,311.0,33.0,83.55,0.0,9.0,22.26,7.27,4822.0,2102.0,5007.0,0.0
1.0,2.0,2.0,0.427218,147.0,2.0,41.5,1.0,1.0,51.44,2.0,4824.0,2103.63,2485.0,0.0
1.0,1.0,1.0,0.0,1.0,1.0,1709.0,0.0,19.0,0.74,445.0,4826.0,2105.57,191.0,0.0
1.0,1.0,1.0,0.0,4.0,3.0,49.0,0.0,1.0,146.12,1.0,4827.0,2106.35,2526.0,0.0
1.0,1.0,1.0,0.0,1.0,1.0,663.0,0.0,11.0,76.08,141.0,4828.0,2107.3,90.0,0.0
1.0,7.0,7.0,2.80735,7.0,0.0,59.0,0.0,11.0,70.98,11.43,4829.0,2108.28,41.0,0.0
1.0,1.0,1.0,0.0,1.0,1.0,31.0,0.0,1.0,0.27,1.0,714.0,318.13,438.0,0.0
1.0,1.0,1.0,0.0,2.0,0.0,821.0,0.0,5.0,2.71,56.0,4832.0,2109.45,2489.0,0.0
1.0,2.0,2.0,0.8767159999999999,20.0,7.0,128.0,1.0,10.0,109.26,43.5,4833.0,2110.38,2490.0,0.0
1.0,2.0,2.0,0.8767159999999999,20.0,7.0,129.0,0.0,9.0,193.03,42.0,4834.0,2111.36,2491.0,0.0
1.0,2.0,2.0,0.8767159999999999,20.0,7.0,130.0,1.0,8.0,308.72,41.5,4835.0,2112.34,2492.0,0.0
1.0,2.0,5.0,2.11896,197.0,14.0,71.2,0.0,7.0,32.35,12.2,4837.0,2114.09,2528.0,1.0
0.0,0.0,0.0,0.0,0.0,0.0,0.0,0.0,0.0,0.0,0.0,4838.0,2114.81,0.0,0.0
1.0,2.0,2.0,0.989588,50.0,0.0,129.0,0.0,3.0,471.08,7.5,4839.0,2115.8,2493.0,0.0
1.0,1.0,1.0,0.0,1.0,0.0,207.0,0.0,3.0,0.01,13.0,4840.0,2116.77,2494.0,0.0
0.0,0.0,0.0,0.0,0.0,0.0,0.0,0.0,0.0,0.0,0.0,4841.0,2117.76,0.0,0.0
1.0,1.0,1.0,0.0,1.0,1.0,1195.0,1.0,9.0,40.28,89.0,4842.0,2118.62,2529.0,0.0
1.0,1.0,1.0,0.0,1.0,1.0,1195.0,1.0,9.0,3.72,88.0,4843.0,2119.61,2530.0,0.0
1.0,2.0,3.0,0.663259,232.0,0.0,0.0,0.0,0.0,0.0,0.0,715.0,318.7,439.0,0.0
1.0,1.0,1.0,0.0,10.0,2.0,481.0,0.0,9.0,3.77,79.0,4846.0,2122.46,2533.0,0.0
1.0,1.0,1.0,0.0,0.0,37.0,37.0,0.0,1.0,217.89,2.0,4847.0,2123.37,2495.0,0.0
1.0,2.0,3.0,1.0877,82.0,3.0,424.67,1.0,11.0,3.31,43.33,4849.0,2123.07,2497.0,0.0
1.0,5.0,8.0,2.43322,260.0,8.0,593.88,1.0,15.0,18.99,66.75,4852.0,2123.3,2500.0,1.0
1.0,5.0,8.0,2.43497,259.0,8.0,595.75,0.0,14.0,59.3,65.5,4853.0,2124.28,2501.0,1.0
1.0,2.0,2.0,0.242292,25.0,0.0,1023.5,0.0,9.0,30.29,58.0,4854.0,2125.23,2502.0,0.0
1.0,2.0,2.0,0.242292,25.0,0.0,1022.5,0.0,9.0,87.94,57.5,4855.0,2126.22,2503.0,0.0
1.0,2.0,2.0,0.6267510000000001,50.0,1.0,416.0,0.0,7.0,19.07,56.0,4856.0,2126.42,2504.0,0.0
1.0,1.0,1.0,0.0,85.0,0.0,0.0,0.0,0.0,0.0,0.0,4857.0,2127.03,2505.0,0.0
1.0,2.0,2.0,0.350564,88.0,3.0,199.0,1.0,7.0,0.63,23.5,4858.0,2128.03,2506.0,0.0
1.0,1.0,1.0,0.0,85.0,0.0,0.0,0.0,0.0,0.0,0.0,4859.0,2129.02,2507.0,0.0
1.0,2.0,2.0,0.350564,88.0,3.0,191.5,0.0,6.0,78.86,22.0,4860.0,2130.02,2508.0,0.0
1.0,2.0,2.0,0.242292,25.0,0.0,847.0,0.0,8.0,214.39,54.0,2642.0,1034.12,590.0,0.0
1.0,1.0,1.0,0.0,26.0,0.0,108.0,0.0,2.0,92.0,3.0,115.0,73.77,81.0,0.0
1.0,1.0,1.0,0.0,26.0,0.0,108.0,0.0,2.0,92.01,3.0,116.0,74.77,82.0,0.0
2.0,4.0,5.0,1.80752,34.0,9.0,104.4,0.0,6.0,36.77,10.2,4861.0,2126.26,5043.0,0.0
1.0,2.0,5.0,2.25163,6.0,6.0,89.0,0.0,4.0,159.05,1.4,2643.0,1033.41,591.0,0.0
1.0,1.0,1.0,0.0,1.0,1.0,189.0,0.0,2.0,111.22,2.0,2644.0,1034.41,1652.0,0.0
1.0,1.0,2.0,0.566509,12.0,3.0,374.5,1.0,10.0,75.73,65.5,2645.0,1035.4,1653.0,0.0
1.0,1.0,2.0,0.566509,12.0,3.0,374.5,1.0,10.0,75.85,65.5,2646.0,1036.24,1654.0,0.0
1.0,1.0,2.0,0.468996,17.0,3.0,347.5,1.0,10.0,151.65,62.5,2647.0,1037.21,1655.0,0.0
1.0,1.0,1.0,0.0,65.0,0.0,0.0,0.0,0.0,0.0,0.0,4863.0,2127.62,2536.0,0.0
1.0,1.0,1.0,0.0,3.0,3.0,124.0,0.0,2.0,222.51,4.0,2648.0,1037.06,1656.0,0.0
1.0,2.0,4.0,1.9037,28.0,12.0,300.75,1.0,12.0,108.12,35.5,2649.0,1038.06,1657.0,0.0
1.0,3.0,5.0,2.21402,31.0,15.0,251.2,1.0,12.0,176.85,27.0,2651.0,1040.02,1659.0,0.0
1.0,1.0,1.0,0.0,2.0,2.0,1690.0,0.0,18.0,8.02,428.0,227.0,206.24,9.0,0.0
1.0,1.0,1.0,0.0,4.0,1.0,82.0,0.0,5.0,8.63,15.0,228.0,207.24,141.0,0.0
0.0,0.0,0.0,0.0,0.0,0.0,0.0,0.0,0.0,0.0,0.0,229.0,208.22,0.0,0.0
0.0,0.0,0.0,0.0,0.0,0.0,0.0,0.0,0.0,0.0,0.0,230.0,209.22,0.0,0.0
1.0,4.0,17.0,3.47862,1073.0,169.0,45.12,0.0,1.0,4.44,0.18,716.0,317.1,440.0,1.0
1.0,3.0,4.0,1.78993,5.0,6.0,86.0,0.0,1.0,1.35,1.25,717.0,318.09,441.0,0.0
1.0,2.0,2.0,0.650022,38.0,16.0,971.5,0.0,10.0,11.47,68.0,4866.0,2125.0,2512.0,0.0
1.0,1.0,1.0,0.0,1.0,0.0,686.0,0.0,14.0,7.73,180.0,718.0,318.75,84.0,0.0
1.0,1.0,1.0,0.0,1.0,1.0,366.0,0.0,10.0,47.94,61.0,4867.0,2125.3,2513.0,0.0
1.0,1.0,1.0,0.0,115.0,0.0,0.0,0.0,0.0,0.0,0.0,1.0,0.85,1.0,0.0
1.0,1.0,1.0,0.0,115.0,0.0,0.0,0.0,0.0,0.0,0.0,2.0,1.85,2.0,0.0
1.0,1.0,1.0,0.0,115.0,0.0,0.0,0.0,0.0,0.0,0.0,3.0,2.85,3.0,0.0
1.0,1.0,1.0,0.0,1.0,1.0,243.0,0.0,5.0,25.13,26.0,4869.0,2124.3,2539.0,0.0
1.0,1.0,2.0,0.650022,8.0,4.0,225.0,1.0,3.0,134.13,3.5,4870.0,2122.92,2540.0,0.0
1.0,1.0,2.0,0.650022,8.0,4.0,225.0,0.0,3.0,134.13,3.5,4871.0,2123.91,2541.0,0.0
1.0,1.0,1.0,0.0,9.0,1.0,157.0,1.0,3.0,0.01,7.0,4873.0,2125.9,2543.0,0.0
1.0,1.0,1.0,0.0,9.0,1.0,157.0,0.0,3.0,0.01,7.0,4874.0,2126.89,2544.0,0.0
1.0,1.0,1.0,0.0,9.0,1.0,158.0,1.0,3.0,0.01,6.0,4875.0,2127.89,2545.0,0.0
1.0,1.0,1.0,0.0,1.0,1.0,1709.0,0.0,19.0,8.92,446.0,4876.0,2128.47,192.0,0.0
1.0,2.0,5.0,1.54808,144.0,16.0,120.0,0.0,5.0,109.39,4.4,4877.0,2129.0,2546.0,1.0
2.0,2.0,2.0,0.918296,2.0,1.0,904.0,0.0,19.0,24.31,232.5,4879.0,2130.86,2740.0,0.0
1.0,1.0,2.0,1.0,12.0,4.0,726.5,0.0,6.0,33.71,42.5,4880.0,2130.08,2548.0,0.0
5.0,8.0,8.0,2.92193,20.0,20.0,651.13,0.0,22.0,21.88,130.25,4881.0,2131.02,3082.0,0.0
1.0,1.0,1.0,0.0,1.0,1.0,1710.0,0.0,19.0,0.04,449.0,4882.0,2131.91,195.0,0.0
0.0,0.0,0.0,0.0,0.0,0.0,0.0,0.0,0.0,0.0,0.0,2652.0,1035.68,0.0,0.0
2.0,2.0,2.0,1.0,2.0,2.0,1003.0,0.0,20.0,2.62,283.5,12.0,10.32,18.0,0.0
2.0,2.0,2.0,0.286397,16.0,24.0,1185.0,0.0,19.0,9.11,274.0,14.0,12.32,21.0,0.0
1.0,1.0,1.0,0.0,1.0,1.0,1690.0,0.0,18.0,0.38,430.0,231.0,207.59,10.0,0.0
1.0,2.0,2.0,0.650022,38.0,16.0,959.0,0.0,10.0,47.75,64.0,232.0,208.58,67.0,0.0
1.0,1.0,1.0,0.0,1.0,1.0,243.0,0.0,4.0,115.5,25.0,233.0,209.58,142.0,0.0
1.0,1.0,1.0,0.0,1.0,1.0,1690.0,0.0,18.0,0.02,431.0,234.0,210.58,11.0,0.0
4.0,7.0,7.0,2.72548,18.0,18.0,670.57,0.0,20.0,11.9,137.71,237.0,213.57,168.0,0.0
0.0,0.0,0.0,0.0,0.0,0.0,0.0,0.0,0.0,0.0,0.0,239.0,215.57,0.0,0.0
0.0,0.0,0.0,0.0,0.0,0.0,0.0,0.0,0.0,0.0,0.0,240.0,216.57,0.0,0.0
2.0,2.0,2.0,1.0,6.0,6.0,1351.5,0.0,19.0,0.01,393.0,242.0,218.57,27.0,0.0
3.0,10.0,12.0,2.36933,75.0,63.0,314.42,0.0,12.0,137.15,13.42,243.0,218.96,218.0,1.0
1.0,2.0,2.0,0.8112779999999999,2.0,6.0,110.0,0.0,4.0,128.13,7.0,4884.0,2125.1,175.0,0.0
1.0,1.0,1.0,0.0,14.0,1.0,750.0,0.0,6.0,2.98,66.0,4885.0,2126.02,2550.0,0.0
1.0,1.0,1.0,0.0,0.0,3.0,31.0,0.0,3.0,73.99,6.0,4886.0,2126.71,176.0,0.0
1.0,2.0,4.0,1.56499,145.0,6.0,47.25,1.0,6.0,7.99,3.75,4887.0,2127.62,2516.0,0.0
1.0,3.0,7.0,2.31967,363.0,95.0,287.14,0.0,7.0,13.31,18.29,122.0,102.31,53.0,1.0
1.0,1.0,1.0,0.0,1.0,1.0,1716.0,0.0,19.0,1.75,453.0,4889.0,2129.25,197.0,0.0
1.0,1.0,1.0,0.0,1.0,1.0,1696.0,0.0,18.0,1.75,435.0,4890.0,2130.24,198.0,0.0
1.0,2.0,3.0,0.8710959999999999,20.0,7.0,262.67,0.0,7.0,0.09,26.67,125.0,105.26,56.0,0.0
3.0,15.0,19.0,3.85915,33.0,25.0,305.68,0.0,13.0,111.17,10.84,245.0,220.53,222.0,0.0
1.0,3.0,5.0,2.19635,13.0,10.0,188.8,0.0,7.0,116.21,16.4,246.0,221.5,71.0,1.0
1.0,3.0,38.0,4.9324,3245.0,705.0,56.87,0.0,3.0,22.18,0.97,117.0,74.53,83.0,1.0
1.0,1.0,1.0,0.0,2.0,0.0,121.0,0.0,2.0,273.85,3.0,4891.0,2128.85,2551.0,0.0
1.0,1.0,1.0,0.0,3.0,1.0,108.0,0.0,1.0,1.1,1.0,126.0,106.04,57.0,0.0
1.0,1.0,1.0,0.0,1.0,1.0,496.0,0.0,3.0,63.21,9.0,127.0,107.01,73.0,0.0
1.0,1.0,3.0,1.5,1.0,7.0,47.33,0.0,1.0,318.0,1.33,128.0,108.01,74.0,0.0
1.0,1.0,1.0,0.0,0.0,7.0,123.0,0.0,3.0,0.33,4.0,130.0,110.01,75.0,0.0
3.0,8.0,11.0,2.68077,175.0,34.0,839.36,0.0,16.0,124.58,66.55,5.0,4.78,6.0,1.0
1.0,2.0,2.0,0.273769,83.0,2.0,123.5,0.0,4.0,42.13,13.5,6.0,5.78,2.0,0.0
1.0,1.0,1.0,0.0,72.0,0.0,0.0,0.0,0.0,0.0,0.0,4892.0,2126.03,2552.0,0.0
1.0,1.0,1.0,0.0,1.0,1.0,1716.0,0.0,19.0,2.74,454.0,2653.0,1028.83,142.0,0.0
1.0,1.0,1.0,0.0,2.0,2.0,1696.0,0.0,18.0,2.76,436.0,2654.0,1029.81,143.0,0.0
1.0,6.0,6.0,2.48987,74.0,3.0,300.33,1.0,11.0,85.42,21.67,2657.0,1031.45,1662.0,0.0
0.0,0.0,0.0,0.0,0.0,0.0,0.0,0.0,0.0,0.0,0.0,4893.0,2121.76,0.0,0.0
1.0,1.0,1.0,0.0,3.0,1.0,311.0,0.0,5.0,114.71,44.0,4894.0,2122.75,2518.0,0.0
1.0,1.0,6.0,1.94767,73.0,45.0,109.17,0.0,5.0,175.38,3.83,4896.0,2124.24,2554.0,1.0
1.0,2.0,3.0,1.02322,146.0,0.0,65.67,0.0,4.0,0.01,5.33,4897.0,2125.14,2555.0,0.0
3.0,3.0,3.0,1.52193,5.0,5.0,692.0,0.0,19.0,9.3,186.67,119.0,75.99,105.0,0.0
3.0,3.0,3.0,1.33827,10.0,5.0,674.67,0.0,16.0,82.95,155.33,120.0,76.99,108.0,0.0
1.0,1.0,1.0,0.0,0.0,5.0,1679.0,0.0,15.0,0.39,362.0,122.0,78.93,12.0,0.0
1.0,1.0,1.0,0.0,1.0,1.0,1696.0,0.0,18.0,1.04,439.0,123.0,79.84,13.0,0.0
1.0,1.0,1.0,0.0,1.0,1.0,1674.0,0.0,15.0,0.66,363.0,124.0,80.84,14.0,0.0
1.0,1.0,1.0,0.0,0.0,1.0,298.0,0.0,3.0,10.21,6.0,4900.0,2121.98,2558.0,0.0
1.0,1.0,3.0,1.5,1.0,7.0,47.33,0.0,2.0,312.15,1.33,249.0,221.0,149.0,0.0
1.0,2.0,2.0,0.273769,83.0,2.0,123.5,0.0,4.0,44.72,13.5,250.0,222.0,150.0,0.0
0.0,0.0,0.0,0.0,0.0,0.0,0.0,0.0,0.0,0.0,0.0,251.0,223.0,0.0,0.0
0.0,0.0,0.0,0.0,0.0,0.0,0.0,0.0,0.0,0.0,0.0,252.0,224.0,0.0,0.0
1.0,1.0,1.0,0.0,14.0,1.0,750.0,0.0,5.0,8.42,66.0,253.0,224.97,151.0,0.0
1.0,1.0,1.0,0.0,2.0,1.0,223.0,1.0,5.0,42.94,24.0,15.0,13.03,3.0,0.0
1.0,1.0,1.0,0.0,2.0,1.0,223.0,1.0,6.0,22.34,24.0,16.0,14.03,4.0,0.0
0.0,0.0,0.0,0.0,0.0,0.0,0.0,0.0,0.0,0.0,0.0,255.0,226.75,0.0,0.0
1.0,1.0,2.0,0.988699,15.0,1.0,340.5,0.0,5.0,55.51,11.0,2660.0,1030.14,1664.0,0.0
1.0,1.0,2.0,0.988699,15.0,1.0,340.5,0.0,4.0,85.69,10.0,2661.0,1031.12,1665.0,0.0
0.0,0.0,0.0,0.0,0.0,0.0,0.0,0.0,0.0,0.0,0.0,257.0,228.67,0.0,0.0
2.0,3.0,3.0,1.19819,17.0,15.0,831.33,1.0,16.0,180.87,135.67,259.0,230.19,172.0,0.0
1.0,1.0,1.0,0.0,1.0,2.0,113.0,0.0,1.0,460.25,3.0,260.0,231.19,21.0,0.0
0.0,0.0,0.0,0.0,0.0,0.0,0.0,0.0,0.0,0.0,0.0,262.0,233.09,0.0,0.0
1.0,2.0,2.0,0.162326,83.0,1.0,122.5,1.0,7.0,10.99,15.5,2662.0,1029.72,592.0,0.0
1.0,1.0,2.0,0.970951,12.0,3.0,290.5,0.0,7.0,45.97,28.5,265.0,235.53,77.0,0.0
1.0,2.0,2.0,0.946726,47.0,90.0,78.0,0.0,5.0,290.16,8.5,266.0,236.33,157.0,0.0
1.0,2.0,2.0,0.946726,47.0,90.0,78.0,0.0,5.0,290.16,8.5,267.0,237.33,158.0,0.0
0.0,0.0,0.0,0.0,0.0,0.0,0.0,0.0,0.0,0.0,0.0,268.0,238.33,0.0,0.0
1.0,3.0,3.0,1.52806,172.0,9.0,294.0,0.0,8.0,5.36,32.0,4901.0,2111.47,2519.0,1.0
1.0,2.0,2.0,0.6006090000000001,123.0,0.0,284.5,0.0,10.0,23.46,43.5,4902.0,2112.39,2559.0,0.0
1.0,1.0,1.0,0.0,3.0,3.0,696.0,0.0,14.0,4.94,182.0,269.0,238.48,16.0,0.0
1.0,1.0,1.0,0.0,2.0,2.0,175.0,0.0,4.0,0.01,7.0,271.0,240.47,160.0,0.0
1.0,1.0,1.0,0.0,4.0,5.0,83.0,0.0,4.0,6.99,44.0,126.0,81.93,88.0,0.0
1.0,1.0,1.0,0.0,45.0,12.0,124.0,0.0,6.0,0.02,13.0,274.0,243.11,163.0,0.0
1.0,1.0,1.0,0.0,1.0,1.0,1717.0,0.0,19.0,5.72,458.0,17.0,14.85,13.0,0.0
2.0,2.0,2.0,0.362051,26.0,3.0,1330.0,0.0,21.0,19.73,265.5,2663.0,1026.76,1812.0,0.0
1.0,2.0,2.0,0.543564,14.0,2.0,128.5,0.0,10.0,48.48,23.5,276.0,244.84,165.0,0.0
1.0,2.0,2.0,0.543564,14.0,2.0,126.5,0.0,10.0,48.34,22.0,277.0,245.79,166.0,0.0
1.0,1.0,1.0,0.0,11.0,1.0,157.0,0.0,6.0,0.59,14.0,279.0,247.76,167.0,0.0
1.0,2.0,2.0,0.503258,18.0,0.0,135.5,0.0,7.0,0.98,11.0,280.0,248.71,168.0,0.0
1.0,2.0,2.0,0.963451,112.0,4.0,650.0,0.0,7.0,50.57,25.5,281.0,249.71,78.0,0.0
1.0,2.0,2.0,0.989409,153.0,4.0,628.0,0.0,5.0,143.4,24.5,284.0,252.68,79.0,0.0
0.0,0.0,0.0,0.0,0.0,0.0,0.0,0.0,0.0,0.0,0.0,285.0,253.68,0.0,0.0
1.0,1.0,1.0,0.0,3.0,3.0,40.0,0.0,1.0,167.7,1.0,74.0,29.97,1.0,0.0
1.0,1.0,1.0,0.0,3.0,3.0,40.0,0.0,1.0,167.73,1.0,4904.0,2105.89,42.0,0.0
1.0,3.0,6.0,2.16236,486.0,0.0,79.83,0.0,11.0,2.69,19.0,4905.0,2106.44,242.0,0.0
1.0,1.0,1.0,0.0,17.0,26.0,105.0,0.0,3.0,81.3,6.0,720.0,311.54,442.0,0.0
1.0,3.0,3.0,1.16256,136.0,25.0,503.67,0.0,12.0,18.69,68.0,15.0,9.19,3.0,0.0
0.0,0.0,0.0,0.0,0.0,0.0,0.0,0.0,0.0,0.0,0.0,287.0,254.94,0.0,0.0
0.0,0.0,0.0,0.0,0.0,0.0,0.0,0.0,0.0,0.0,0.0,289.0,256.93,0.0,0.0
1.0,1.0,1.0,0.0,15.0,0.0,216.0,0.0,2.0,4.42,7.0,2664.0,1025.55,593.0,0.0
1.0,3.0,3.0,0.892813,29.0,17.0,540.67,0.0,13.0,0.27,68.33,4906.0,2105.06,2520.0,0.0
1.0,2.0,3.0,1.4783,92.0,2.0,150.0,0.0,8.0,39.34,23.0,4907.0,2105.79,2521.0,1.0
1.0,10.0,10.0,3.27817,579.0,0.0,0.0,0.0,0.0,0.0,0.0,4908.0,2106.74,2561.0,0.0
1.0,1.0,1.0,0.0,2.0,1.0,224.0,0.0,6.0,7.08,25.0,4909.0,2107.7,2562.0,0.0
1.0,1.0,1.0,0.0,0.0,23.0,893.0,0.0,8.0,17.16,135.0,2665.0,1026.12,1667.0,0.0
1.0,1.0,1.0,0.0,1.0,1.0,763.0,0.0,6.0,14.2,67.0,2666.0,1027.11,1668.0,0.0
1.0,8.0,8.0,2.92962,44.0,2.0,98.75,0.0,9.0,222.11,4.88,2667.0,1028.11,30.0,0.0
2.0,2.0,2.0,1.0,2.0,2.0,1206.5,0.0,20.0,2.54,291.5,4910.0,2108.36,290.0,0.0
1.0,8.0,8.0,2.92962,44.0,2.0,98.75,0.0,9.0,222.16,4.88,4911.0,2109.35,43.0,0.0
1.0,1.0,1.0,0.0,2.0,2.0,696.0,0.0,14.0,0.01,184.0,2668.0,1029.04,148.0,0.0
1.0,2.0,2.0,0.510788,44.0,0.0,86.0,0.0,6.0,1.28,10.0,17.0,15.17,2.0,0.0
1.0,1.0,2.0,0.940286,14.0,14.0,89.0,0.0,1.0,0.21,0.5,2670.0,1029.72,197.0,0.0
1.0,3.0,5.0,1.45898,736.0,0.0,97.8,0.0,11.0,0.54,23.0,2673.0,1031.88,198.0,0.0
1.0,1.0,3.0,1.5727,1.0,28.0,87.67,0.0,1.0,0.87,0.33,2674.0,1032.85,199.0,0.0
1.0,2.0,2.0,0.902393,109.0,1.0,91.5,0.0,4.0,66.56,11.5,4914.0,2106.87,2564.0,0.0
1.0,1.0,4.0,1.97987,2.0,22.0,63.0,0.0,3.0,306.63,2.5,2676.0,1034.61,200.0,0.0
1.0,1.0,1.0,0.0,1.0,1.0,1717.0,0.0,19.0,1.87,461.0,4915.0,2107.84,200.0,0.0
1.0,1.0,3.0,1.3896700000000002,35.0,43.0,125.67,0.0,1.0,2.92,0.33,4916.0,2108.83,244.0,0.0
1.0,1.0,1.0,0.0,8.0,6.0,758.0,0.0,6.0,3.89,42.0,2677.0,1035.52,1673.0,0.0
1.0,2.0,2.0,0.902393,109.0,1.0,91.5,1.0,3.0,122.9,11.0,2678.0,1036.28,1674.0,0.0
1.0,1.0,1.0,0.0,21.0,20.0,260.0,0.0,8.0,39.63,19.0,137.0,45.88,115.0,0.0
1.0,1.0,1.0,0.0,14.0,0.0,79.0,0.0,1.0,434.74,3.0,4919.0,2109.05,2524.0,0.0
1.0,1.0,1.0,0.0,3.0,6.0,483.0,1.0,7.0,86.04,17.0,4920.0,2109.98,2566.0,0.0
1.0,1.0,2.0,0.99403,9.0,13.0,532.0,1.0,7.0,32.52,24.0,4922.0,2111.96,2568.0,0.0
1.0,1.0,1.0,0.0,1.0,1.0,1717.0,0.0,19.0,1.17,462.0,4923.0,2112.39,201.0,0.0
1.0,1.0,2.0,0.870864,63.0,9.0,301.5,0.0,3.0,140.92,1.5,4925.0,2114.3,2570.0,0.0
1.0,2.0,3.0,1.39921,14.0,13.0,85.33,1.0,4.0,402.08,5.67,128.0,82.91,90.0,0.0
1.0,2.0,3.0,1.39921,14.0,13.0,85.33,1.0,4.0,402.09,5.67,129.0,83.91,91.0,0.0
1.0,4.0,4.0,0.88689,184.0,35.0,729.25,0.0,11.0,79.61,31.25,4926.0,2112.72,2525.0,1.0
1.0,1.0,1.0,0.0,26.0,7.0,988.0,0.0,3.0,0.0,24.0,4927.0,2113.71,2526.0,0.0
1.0,2.0,2.0,0.450791,106.0,0.0,26.0,0.0,1.0,123.91,2.0,4929.0,2115.39,2528.0,0.0
1.0,2.0,2.0,0.33729000000000003,80.0,0.0,163.5,0.0,6.0,15.58,14.0,4930.0,2116.3,2529.0,0.0
1.0,2.0,2.0,0.33729000000000003,80.0,0.0,162.0,0.0,7.0,15.57,13.5,4931.0,2117.29,2530.0,0.0
1.0,1.0,1.0,0.0,5.0,4.0,82.0,0.0,4.0,7.08,45.0,130.0,84.84,92.0,0.0
1.0,12.0,36.0,4.7026900000000005,310.0,116.0,81.28,0.0,6.0,194.21,0.33,4932.0,2116.21,2571.0,1.0
1.0,1.0,1.0,0.0,7.0,9.0,494.0,1.0,3.0,136.16,8.0,2679.0,1033.58,1675.0,0.0
1.0,2.0,2.0,1.0,2.0,2.0,534.0,1.0,4.0,44.42,5.5,2680.0,1034.56,1676.0,0.0
1.0,2.0,2.0,0.970951,4.0,1.0,534.0,1.0,4.0,0.01,6.0,2681.0,1035.54,1677.0,0.0
1.0,2.0,2.0,0.791858,11.0,10.0,535.0,1.0,3.0,206.1,4.5,2682.0,1036.45,1678.0,0.0
4.0,14.0,27.0,4.2478,1868.0,2.0,124.89,0.0,22.0,5.93,29.07,4933.0,2116.54,2942.0,1.0
1.0,6.0,9.0,2.94058,34.0,38.0,40.44,0.0,5.0,251.64,2.0,4936.0,2117.03,44.0,0.0
1.0,1.0,1.0,0.0,1.0,1.0,192.0,0.0,4.0,52.67,29.0,4937.0,2117.95,246.0,0.0
1.0,4.0,4.0,1.92193,10.0,0.0,40.75,0.0,7.0,39.02,9.5,4938.0,2118.94,2575.0,0.0
1.0,2.0,2.0,0.985859,88.0,5.0,204.5,1.0,7.0,1.89,15.0,4939.0,2119.52,2531.0,1.0
2.0,3.0,3.0,1.55819,150.0,5.0,136.33,1.0,6.0,1.26,9.33,4940.0,2120.48,5108.0,0.0
1.0,1.0,1.0,0.0,50.0,8.0,452.0,1.0,7.0,0.06,31.0,4941.0,2121.33,2533.0,0.0
1.0,2.0,2.0,0.564336,57.0,26.0,80.5,0.0,3.0,345.12,11.5,4943.0,2122.77,2577.0,0.0
1.0,1.0,1.0,0.0,2.0,6.0,643.0,1.0,9.0,0.01,49.0,4945.0,2124.65,2579.0,0.0
0.0,0.0,0.0,0.0,0.0,0.0,0.0,0.0,0.0,0.0,0.0,724.0,312.15,0.0,0.0
1.0,1.0,1.0,0.0,2.0,6.0,643.0,1.0,9.0,0.0,46.0,4947.0,2125.23,2581.0,0.0
1.0,1.0,1.0,0.0,3.0,1.0,120.0,0.0,1.0,0.03,1.0,4950.0,2128.07,249.0,0.0
1.0,1.0,2.0,1.0,80.0,0.0,0.0,0.0,0.0,0.0,0.0,4951.0,2129.06,250.0,0.0
1.0,2.0,2.0,1.0,4.0,0.0,75.0,0.0,2.0,0.09,4.5,2683.0,1033.94,1679.0,0.0
2.0,2.0,2.0,1.0,1.0,3.0,112.0,0.0,2.0,6.28,3.0,2684.0,1034.94,2274.0,0.0
1.0,1.0,1.0,0.0,1.0,1.0,58.0,0.0,1.0,446.74,1.0,4953.0,2128.17,2584.0,0.0
1.0,1.0,2.0,0.928362,16.0,16.0,171.5,1.0,7.0,139.16,13.0,2687.0,1037.61,1683.0,1.0
1.0,1.0,2.0,0.928362,16.0,16.0,171.5,1.0,7.0,139.21,13.0,2688.0,1038.54,1684.0,1.0
1.0,1.0,2.0,0.928362,16.0,16.0,176.5,1.0,6.0,264.07,12.0,2689.0,1039.47,1685.0,0.0
1.0,2.0,2.0,0.952394,132.0,5.0,423.5,1.0,7.0,65.33,25.0,4957.0,2131.49,2538.0,0.0
1.0,1.0,1.0,0.0,57.0,0.0,0.0,0.0,0.0,0.0,0.0,131.0,85.21,93.0,0.0
1.0,1.0,1.0,0.0,57.0,0.0,0.0,0.0,0.0,0.0,0.0,132.0,86.2,94.0,0.0
1.0,1.0,1.0,0.0,0.0,5.0,85.0,0.0,2.0,0.7,8.0,133.0,87.2,95.0,0.0
1.0,1.0,1.0,0.0,0.0,5.0,69.0,0.0,3.0,0.75,8.0,134.0,88.19,96.0,0.0
1.0,1.0,1.0,0.0,2.0,2.0,888.0,1.0,7.0,0.7,51.0,4958.0,2130.39,2539.0,0.0
2.0,2.0,4.0,1.78,16.0,23.0,483.0,0.0,19.0,372.04,121.75,2690.0,1039.33,1833.0,0.0
1.0,1.0,1.0,0.0,1.0,1.0,1731.0,0.0,19.0,0.0,471.0,2691.0,1040.33,148.0,0.0
1.0,1.0,3.0,1.56862,15.0,22.0,67.0,0.0,4.0,495.63,5.67,2692.0,1041.32,1687.0,0.0
1.0,1.0,2.0,0.99709,126.0,0.0,0.0,0.0,0.0,0.0,0.0,4959.0,2130.78,2587.0,0.0
2.0,2.0,2.0,0.189278,40.0,29.0,477.5,1.0,8.0,0.56,27.0,4960.0,2131.48,5128.0,0.0
1.0,1.0,2.0,0.99709,126.0,0.0,0.0,0.0,0.0,0.0,0.0,4961.0,2132.44,2589.0,0.0
2.0,2.0,2.0,0.189278,40.0,29.0,477.5,1.0,7.0,0.16,26.5,4962.0,2133.44,5131.0,0.0
2.0,3.0,3.0,1.52193,2.0,3.0,911.0,0.0,21.0,1.96,221.33,4964.0,2135.3,296.0,0.0
1.0,1.0,2.0,0.8112779999999999,11.0,5.0,355.0,0.0,12.0,42.72,66.5,730.0,316.85,329.0,0.0
1.0,3.0,2.0,0.970951,2.0,3.0,865.0,0.0,11.0,0.09,52.0,4966.0,2134.3,2544.0,0.0
1.0,3.0,3.0,1.07336,52.0,15.0,125.67,0.0,6.0,55.05,8.33,4967.0,2135.17,2545.0,0.0
1.0,3.0,4.0,1.30629,89.0,3.0,98.75,0.0,2.0,0.64,3.0,4968.0,2133.87,2546.0,0.0
1.0,1.0,2.0,0.940286,21.0,7.0,439.0,0.0,8.0,38.33,36.0,4969.0,2134.85,2592.0,0.0
1.0,2.0,3.0,1.15951,80.0,1.0,292.0,0.0,8.0,74.41,27.33,4970.0,2135.78,2593.0,1.0
1.0,1.0,1.0,0.0,11.0,3.0,1080.0,0.0,9.0,6.46,104.0,445.0,140.3,222.0,0.0
1.0,1.0,1.0,0.0,2.0,2.0,769.0,0.0,6.0,1.38,69.0,731.0,316.44,450.0,0.0
1.0,1.0,1.0,0.0,11.0,3.0,1043.0,0.0,8.0,41.13,94.0,446.0,141.29,223.0,0.0
1.0,1.0,1.0,0.0,4.0,0.0,234.0,0.0,2.0,173.03,4.0,4971.0,2131.17,2594.0,0.0
2.0,2.0,2.0,0.918296,3.0,3.0,1016.0,0.0,20.0,0.53,296.5,4972.0,2130.76,298.0,0.0
1.0,1.0,1.0,0.0,57.0,0.0,816.0,0.0,5.0,1.83,6.0,135.0,88.33,6.0,0.0
1.0,1.0,1.0,0.0,1.0,1.0,212.0,0.0,4.0,91.35,30.0,735.0,319.89,115.0,0.0
0.0,0.0,0.0,0.0,0.0,0.0,0.0,0.0,0.0,0.0,0.0,737.0,321.86,0.0,0.0
1.0,3.0,6.0,2.23841,243.0,5.0,330.83,0.0,10.0,27.66,24.5,447.0,142.02,133.0,1.0
1.0,1.0,3.0,1.38769,41.0,13.0,53.33,0.0,1.0,0.0,0.33,448.0,143.01,134.0,0.0
1.0,2.0,2.0,0.999664,139.0,0.0,0.0,0.0,0.0,0.0,0.0,449.0,144.01,224.0,0.0
3.0,6.0,7.0,1.18244,67.0,63.0,436.71,0.0,21.0,280.06,98.43,4973.0,2126.98,2895.0,0.0
2.0,7.0,12.0,2.97583,658.0,29.0,308.5,0.0,12.0,3.16,12.0,4975.0,2128.31,5144.0,1.0
1.0,1.0,1.0,0.0,1.0,1.0,1007.0,0.0,12.0,1.71,433.0,450.0,144.87,24.0,0.0
1.0,1.0,1.0,0.0,2.0,2.0,1731.0,0.0,19.0,0.47,480.0,0.0,0.0,0.0,0.0
1.0,1.0,1.0,0.0,1.0,0.0,8.0,0.0,3.0,200.23,4.0,1.0,1.0,0.0,0.0
1.0,1.0,1.0,0.0,67.0,60.0,96.0,0.0,3.0,110.79,8.0,2696.0,1036.0,220.0,0.0
1.0,2.0,2.0,0.803091,98.0,0.0,117.5,0.0,8.0,35.19,32.0,4976.0,2126.9,2549.0,1.0
2.0,2.0,3.0,1.21586,145.0,34.0,113.33,0.0,3.0,20.07,4.0,4977.0,2127.89,5147.0,0.0
1.0,1.0,1.0,0.0,67.0,60.0,96.0,0.0,3.0,110.84,8.0,2697.0,1036.93,221.0,0.0
1.0,1.0,1.0,0.0,1.0,1.0,183.0,0.0,1.0,0.86,2.0,4978.0,2128.74,2551.0,0.0
3.0,8.0,10.0,2.06336,493.0,64.0,288.8,0.0,22.0,59.49,67.9,4980.0,2130.48,2900.0,1.0
3.0,6.0,6.0,2.41938,10.0,8.0,598.67,0.0,19.0,79.0,95.5,451.0,145.72,264.0,0.0
2.0,2.0,2.0,0.918296,3.0,3.0,996.5,0.0,19.0,0.0,280.5,452.0,146.72,41.0,0.0
1.0,1.0,1.0,0.0,1.0,2.0,672.0,0.0,14.0,32.47,174.0,292.0,249.69,19.0,0.0
1.0,1.0,1.0,0.0,3.0,12.0,155.0,0.0,6.0,3.29,107.0,4982.0,2130.28,2599.0,0.0
1.0,2.0,2.0,0.987004,51.0,46.0,113.5,0.0,1.0,0.74,0.5,4983.0,2131.26,2600.0,1.0
1.0,1.0,1.0,0.0,12.0,7.0,467.0,1.0,3.0,203.87,28.0,4985.0,2132.76,2555.0,0.0
1.0,1.0,1.0,0.0,1.0,1.0,1731.0,0.0,20.0,0.97,482.0,4988.0,2135.56,207.0,0.0
1.0,1.0,1.0,0.0,1.0,1.0,1731.0,0.0,20.0,0.04,483.0,137.0,89.71,15.0,0.0
1.0,1.0,1.0,0.0,1.0,1.0,1731.0,0.0,20.0,0.07,484.0,138.0,90.7,16.0,0.0
1.0,1.0,1.0,0.0,0.0,7.0,112.0,0.0,1.0,0.79,1.0,4989.0,2134.24,253.0,0.0
1.0,1.0,1.0,0.0,0.0,7.0,112.0,0.0,1.0,0.82,1.0,4990.0,2135.14,254.0,0.0
1.0,2.0,3.0,0.75549,120.0,1.0,290.0,1.0,7.0,38.31,33.67,4992.0,2136.75,2603.0,0.0
1.0,2.0,3.0,0.75549,120.0,1.0,290.0,1.0,7.0,32.94,33.67,4994.0,2138.71,2604.0,0.0
1.0,5.0,10.0,2.98625,320.0,8.0,46.8,0.0,5.0,46.13,2.6,4996.0,2140.27,2560.0,1.0
1.0,1.0,3.0,1.57262,7.0,4.0,57.0,0.0,1.0,0.04,0.33,4997.0,2141.14,2561.0,0.0
3.0,4.0,4.0,1.95021,3.0,4.0,709.0,0.0,22.0,2.5,170.5,4998.0,2142.1,2911.0,0.0
1.0,1.0,1.0,0.0,1.0,1.0,1731.0,0.0,20.0,0.02,486.0,139.0,91.51,17.0,0.0
1.0,1.0,1.0,0.0,1.0,1.0,1696.0,0.0,18.0,2.05,445.0,141.0,93.51,19.0,0.0
1.0,1.0,1.0,0.0,1.0,1.0,1674.0,0.0,15.0,24.0,369.0,142.0,94.51,20.0,0.0
1.0,1.0,1.0,0.0,1.0,1.0,1731.0,0.0,20.0,0.02,488.0,143.0,95.51,21.0,0.0
1.0,1.0,1.0,0.0,1.0,1.0,1696.0,0.0,18.0,0.02,446.0,144.0,96.5,22.0,0.0
1.0,1.0,1.0,0.0,1.0,1.0,1674.0,0.0,15.0,0.02,370.0,145.0,97.5,23.0,0.0
2.0,3.0,3.0,1.52193,2.0,3.0,910.67,0.0,22.0,0.07,227.0,146.0,98.5,37.0,0.0
2.0,3.0,3.0,1.52193,2.0,3.0,888.0,0.0,20.0,1.36,211.67,147.0,99.5,39.0,0.0
2.0,2.0,2.0,0.764205,6.0,3.0,965.5,0.0,20.0,2.49,259.5,149.0,101.48,124.0,0.0
1.0,1.0,1.0,0.0,1.0,1.0,1736.0,0.0,20.0,0.01,491.0,150.0,102.48,28.0,0.0
1.0,1.0,1.0,0.0,1.0,1.0,1736.0,0.0,20.0,0.02,492.0,151.0,103.47,29.0,0.0
2.0,7.0,13.0,3.12019,464.0,163.0,106.77,0.0,10.0,67.55,6.46,4999.0,2141.31,5169.0,1.0
1.0,2.0,4.0,1.93291,9.0,6.0,83.0,0.0,2.0,0.73,1.25,5000.0,2141.98,2563.0,0.0
1.0,2.0,2.0,0.667714,85.0,1.0,125.0,0.0,4.0,48.63,8.0,5001.0,2142.51,2564.0,0.0
1.0,2.0,3.0,1.38764,161.0,0.0,0.0,0.0,0.0,0.0,0.0,2698.0,1033.72,203.0,0.0
1.0,1.0,1.0,0.0,0.0,1.0,298.0,0.0,13.0,0.01,236.0,153.0,105.26,17.0,0.0
2.0,2.0,2.0,0.918296,3.0,3.0,1183.5,0.0,19.0,1.39,284.0,19.0,16.45,15.0,0.0
1.0,5.0,6.0,1.17868,68.0,85.0,125.33,0.0,6.0,24.43,15.83,5002.0,2141.34,177.0,0.0
1.0,1.0,1.0,0.0,8.0,3.0,246.0,0.0,9.0,195.81,48.0,5004.0,2143.23,2608.0,0.0
1.0,1.0,1.0,0.0,8.0,3.0,246.0,0.0,9.0,195.81,48.0,5005.0,2144.23,2609.0,0.0
1.0,2.0,2.0,0.8453510000000001,41.0,3.0,76.5,0.0,9.0,130.63,11.0,2700.0,1034.44,1689.0,0.0
1.0,5.0,5.0,2.05881,6.0,3.0,286.8,0.0,12.0,65.27,27.4,2701.0,1035.38,1690.0,0.0
1.0,5.0,5.0,1.60927,27.0,5.0,287.4,0.0,12.0,0.51,27.6,2702.0,1035.7,1691.0,0.0
1.0,2.0,4.0,1.56301,8.0,43.0,71.0,0.0,2.0,110.21,1.0,2703.0,1036.43,1692.0,0.0
1.0,2.0,4.0,1.4812,100.0,4.0,247.75,1.0,8.0,72.42,24.25,5008.0,2143.87,2566.0,0.0
1.0,1.0,1.0,0.0,1.0,1.0,759.0,1.0,6.0,19.12,44.0,2704.0,1037.26,1693.0,0.0
1.0,1.0,1.0,0.0,1.0,1.0,760.0,1.0,6.0,19.1,43.0,2706.0,1039.2,1695.0,0.0
1.0,1.0,5.0,2.21418,112.0,56.0,75.8,1.0,4.0,206.58,3.6,5011.0,2146.37,2612.0,0.0
1.0,1.0,5.0,2.21418,112.0,56.0,77.8,1.0,2.0,206.59,2.6,5012.0,2147.32,2613.0,0.0
1.0,10.0,15.0,3.27952,209.0,17.0,85.4,0.0,11.0,86.69,3.87,2708.0,1041.08,1697.0,1.0
1.0,1.0,1.0,0.0,7.0,5.0,85.0,1.0,2.0,0.1,4.0,5014.0,2149.19,2615.0,0.0
1.0,1.0,1.0,0.0,7.0,5.0,81.0,1.0,2.0,0.06,3.0,5015.0,2150.18,2616.0,0.0
1.0,1.0,1.0,0.0,7.0,5.0,81.0,1.0,2.0,0.05,3.0,5016.0,2151.17,2617.0,0.0
2.0,2.0,2.0,0.27139,43.0,43.0,1016.0,0.0,21.0,2.13,307.0,155.0,106.77,49.0,0.0
1.0,1.0,1.0,0.0,1.0,1.0,1736.0,0.0,20.0,0.11,495.0,5017.0,2150.22,209.0,0.0
1.0,2.0,2.0,0.8112779999999999,7.0,1.0,793.0,0.0,9.0,36.4,64.5,5019.0,2152.04,2618.0,0.0
1.0,2.0,2.0,0.8112779999999999,7.0,1.0,771.5,0.0,8.0,30.51,58.5,5020.0,2153.04,2619.0,0.0
2.0,2.0,2.0,0.253878,47.0,47.0,996.0,0.0,19.0,3.15,283.0,156.0,107.67,51.0,0.0
2.0,2.0,2.0,0.33729000000000003,48.0,48.0,967.5,0.0,16.0,4.04,236.5,157.0,108.63,53.0,0.0
1.0,1.0,1.0,0.0,2.0,2.0,261.0,0.0,10.0,0.23,189.0,158.0,109.58,22.0,0.0
1.0,1.0,1.0,0.0,1.0,1.0,1696.0,0.0,18.0,0.7,450.0,2709.0,1039.82,149.0,0.0
1.0,2.0,2.0,0.249882,47.0,1.0,765.5,1.0,5.0,52.55,32.5,5023.0,2152.93,2570.0,0.0
1.0,1.0,1.0,0.0,1.0,1.0,1736.0,0.0,20.0,1.09,497.0,5024.0,2153.91,211.0,0.0
1.0,1.0,1.0,0.0,1.0,1.0,1736.0,0.0,20.0,0.07,498.0,5025.0,2154.71,212.0,0.0
1.0,1.0,1.0,0.0,2.0,2.0,88.0,0.0,2.0,9.47,19.0,2711.0,1041.62,149.0,0.0
1.0,1.0,1.0,0.0,2.0,2.0,88.0,0.0,4.0,23.43,16.0,2712.0,1042.6,150.0,0.0
1.0,3.0,4.0,1.00612,153.0,7.0,181.25,1.0,8.0,181.94,16.25,5026.0,2155.47,2621.0,0.0
1.0,3.0,3.0,0.706882,143.0,6.0,135.33,1.0,6.0,317.22,12.67,5029.0,2158.36,2624.0,0.0
2.0,7.0,9.0,2.3460400000000003,388.0,15.0,257.78,0.0,21.0,41.52,71.22,159.0,110.38,52.0,1.0
1.0,4.0,6.0,1.6668900000000002,227.0,8.0,118.33,1.0,5.0,147.58,5.17,5031.0,2157.27,2625.0,1.0
1.0,3.0,4.0,1.41668,77.0,14.0,180.5,1.0,6.0,185.81,10.5,5034.0,2160.14,2628.0,0.0
1.0,1.0,1.0,0.0,0.0,1.0,296.0,0.0,13.0,3.03,239.0,160.0,111.09,23.0,0.0
1.0,1.0,1.0,0.0,0.0,1.0,295.0,0.0,13.0,0.01,240.0,161.0,112.09,24.0,0.0
1.0,1.0,1.0,0.0,9.0,7.0,701.0,0.0,14.0,6.12,193.0,20.0,17.2,13.0,0.0
1.0,1.0,1.0,0.0,11.0,6.0,671.0,0.0,14.0,6.13,177.0,21.0,18.2,14.0,0.0
1.0,2.0,2.0,0.933704,123.0,0.0,0.0,0.0,0.0,0.0,0.0,5035.0,2155.93,255.0,0.0
4.0,4.0,4.0,1.48383,2.0,12.0,648.0,0.0,19.0,7.37,148.25,5038.0,2158.78,3201.0,0.0
1.0,2.0,2.0,0.933704,123.0,0.0,0.0,0.0,0.0,0.0,0.0,5039.0,2159.78,259.0,0.0
4.0,4.0,4.0,1.48383,2.0,12.0,640.5,0.0,16.0,10.7,121.0,5040.0,2160.77,3206.0,0.0
1.0,2.0,2.0,0.162326,83.0,1.0,122.5,1.0,8.0,26.6,15.5,293.0,245.0,83.0,0.0
1.0,1.0,1.0,0.0,1.0,0.0,339.0,0.0,11.0,26.6,167.0,88.0,28.43,27.0,0.0
1.0,1.0,1.0,0.0,1.0,0.0,313.0,0.0,10.0,2.74,176.0,90.0,30.43,28.0,0.0
1.0,1.0,1.0,0.0,63.0,0.0,0.0,0.0,0.0,0.0,0.0,295.0,246.99,85.0,0.0
1.0,1.0,1.0,0.0,1.0,1.0,1697.0,0.0,18.0,0.29,452.0,296.0,247.99,25.0,0.0
0.0,0.0,0.0,0.0,0.0,0.0,0.0,0.0,0.0,0.0,0.0,297.0,248.99,0.0,0.0
0.0,0.0,0.0,0.0,0.0,0.0,0.0,0.0,0.0,0.0,0.0,298.0,249.99,0.0,0.0
1.0,1.0,1.0,0.0,1.0,1.0,699.0,0.0,14.0,0.07,196.0,5041.0,2160.7,101.0,0.0
1.0,1.0,2.0,0.870864,63.0,9.0,301.5,0.0,3.0,164.15,1.5,302.0,253.91,175.0,0.0
0.0,0.0,0.0,0.0,0.0,0.0,0.0,0.0,0.0,0.0,0.0,303.0,254.91,0.0,0.0
0.0,0.0,0.0,0.0,0.0,0.0,0.0,0.0,0.0,0.0,0.0,304.0,255.91,0.0,0.0
0.0,0.0,0.0,0.0,0.0,0.0,0.0,0.0,0.0,0.0,0.0,306.0,257.91,0.0,0.0
1.0,2.0,3.0,1.15951,80.0,1.0,296.0,0.0,8.0,44.61,27.67,308.0,259.9,178.0,0.0
0.0,0.0,0.0,0.0,0.0,0.0,0.0,0.0,0.0,0.0,0.0,309.0,260.9,0.0,0.0
1.0,1.0,1.0,0.0,1.0,1.0,1697.0,0.0,18.0,0.15,454.0,311.0,262.9,27.0,0.0
0.0,0.0,0.0,0.0,0.0,0.0,0.0,0.0,0.0,0.0,0.0,312.0,263.9,0.0,0.0
1.0,1.0,1.0,0.0,1.0,1.0,1697.0,0.0,18.0,0.0,455.0,313.0,264.9,28.0,0.0
3.0,4.0,4.0,1.95021,3.0,4.0,692.0,0.0,20.0,7.79,162.75,314.0,265.89,228.0,0.0
2.0,2.0,2.0,0.764205,6.0,3.0,955.0,0.0,18.0,13.39,242.5,315.0,266.89,210.0,0.0
1.0,1.0,1.0,0.0,0.0,1.0,295.0,0.0,14.0,0.01,222.0,317.0,268.89,21.0,0.0
1.0,2.0,2.0,0.8453510000000001,41.0,3.0,76.5,0.0,9.0,151.83,10.0,318.0,269.88,181.0,0.0
1.0,1.0,1.0,0.0,1.0,1.0,1702.0,0.0,18.0,0.0,459.0,321.0,272.88,32.0,0.0
1.0,1.0,1.0,0.0,1.0,1.0,1702.0,0.0,18.0,0.0,460.0,322.0,273.88,33.0,0.0
0.0,0.0,0.0,0.0,0.0,0.0,0.0,0.0,0.0,0.0,0.0,324.0,275.88,0.0,0.0
0.0,0.0,0.0,0.0,0.0,0.0,0.0,0.0,0.0,0.0,0.0,325.0,276.88,0.0,0.0
0.0,0.0,0.0,0.0,0.0,0.0,0.0,0.0,0.0,0.0,0.0,326.0,277.88,0.0,0.0
0.0,0.0,0.0,0.0,0.0,0.0,0.0,0.0,0.0,0.0,0.0,327.0,278.87,0.0,0.0
1.0,1.0,1.0,0.0,7.0,3.0,86.0,0.0,3.0,164.24,7.0,329.0,280.87,88.0,0.0
1.0,1.0,2.0,1.0,2.0,2.0,163.0,0.0,5.0,0.02,9.5,330.0,281.87,183.0,0.0
1.0,1.0,1.0,0.0,2.0,2.0,769.0,0.0,5.0,0.06,68.0,331.0,282.87,184.0,0.0
0.0,0.0,0.0,0.0,0.0,0.0,0.0,0.0,0.0,0.0,0.0,2718.0,1043.68,0.0,0.0
1.0,1.0,1.0,0.0,22.0,6.0,78.0,0.0,1.0,0.94,2.0,5044.0,2161.9,261.0,0.0
1.0,1.0,1.0,0.0,1.0,1.0,870.0,0.0,8.0,8.8,146.0,5045.0,2162.76,2632.0,0.0
1.0,2.0,2.0,0.498028,64.0,0.0,138.0,0.0,8.0,71.49,30.5,5047.0,2164.36,2575.0,0.0
1.0,2.0,3.0,0.949198,223.0,1.0,788.0,1.0,10.0,0.26,105.0,5049.0,2166.21,2577.0,0.0
1.0,1.0,1.0,0.0,1.0,1.0,192.0,0.0,4.0,21.16,30.0,2720.0,1045.18,206.0,0.0
1.0,2.0,3.0,0.975801,224.0,0.0,781.67,1.0,11.0,43.16,101.0,5050.0,2167.18,2578.0,0.0
1.0,1.0,1.0,0.0,6.0,0.0,336.0,0.0,12.0,13.58,149.0,2721.0,1046.12,1704.0,0.0
1.0,1.0,1.0,0.0,6.0,0.0,699.0,0.0,14.0,0.86,197.0,2722.0,1047.12,153.0,0.0
1.0,3.0,3.0,1.22858,22.0,20.0,238.0,0.0,1.0,129.36,1.67,2723.0,1048.12,207.0,0.0
1.0,1.0,1.0,0.0,2.0,2.0,705.0,0.0,14.0,0.02,198.0,2724.0,1049.1,154.0,0.0
1.0,2.0,3.0,0.835816,164.0,5.0,172.67,0.0,6.0,2.72,14.0,5051.0,2168.02,2633.0,0.0
3.0,3.0,3.0,1.52193,3.0,2.0,845.33,0.0,21.0,4.09,212.33,2725.0,1050.1,2012.0,0.0
1.0,2.0,3.0,0.835816,164.0,5.0,171.0,0.0,6.0,2.71,13.0,5052.0,2169.0,2634.0,0.0
1.0,1.0,1.0,0.0,1.0,1.0,706.0,0.0,14.0,0.01,200.0,2726.0,1051.09,156.0,0.0
1.0,2.0,3.0,0.835816,164.0,5.0,168.33,0.0,6.0,2.7,12.33,5053.0,2169.99,2635.0,0.0
1.0,1.0,1.0,0.0,10.0,0.0,65.0,0.0,1.0,49.12,1.0,453.0,146.01,226.0,0.0
1.0,1.0,1.0,0.0,6.0,0.0,334.0,0.0,13.0,0.45,145.0,2727.0,1052.08,1706.0,0.0
2.0,3.0,3.0,1.09491,18.0,10.0,357.0,0.0,14.0,93.55,62.0,2728.0,1053.07,365.0,0.0
1.0,2.0,3.0,1.49304,8.0,290.0,192.33,0.0,5.0,0.01,5.33,10.0,9.0,6.0,0.0
1.0,1.0,1.0,0.0,3.0,22.0,493.0,0.0,7.0,0.01,52.0,11.0,10.0,7.0,0.0
1.0,1.0,2.0,0.977418,7.0,10.0,80.0,0.0,2.0,102.61,4.0,454.0,147.0,227.0,0.0
1.0,1.0,1.0,0.0,4.0,4.0,678.0,0.0,14.0,0.63,182.0,22.0,19.11,15.0,0.0
1.0,1.0,1.0,0.0,1.0,1.0,678.0,0.0,14.0,0.06,183.0,23.0,20.11,16.0,0.0
1.0,1.0,1.0,0.0,1.0,1.0,1007.0,0.0,13.0,1.16,430.0,2732.0,1056.11,89.0,0.0
1.0,1.0,1.0,0.0,1.0,1.0,1007.0,0.0,12.0,0.13,435.0,2734.0,1057.94,91.0,0.0
1.0,1.0,1.0,0.0,3.0,2.0,85.0,0.0,2.0,490.18,8.0,5055.0,2169.25,2579.0,0.0
1.0,1.0,1.0,0.0,3.0,2.0,85.0,0.0,2.0,490.18,8.0,5056.0,2170.25,2580.0,0.0
1.0,1.0,1.0,0.0,3.0,2.0,85.0,0.0,2.0,490.18,8.0,5057.0,2171.24,2581.0,0.0
1.0,5.0,5.0,1.7333599999999998,24.0,24.0,236.2,0.0,5.0,36.16,14.8,2735.0,1058.83,210.0,0.0
1.0,3.0,3.0,0.816689,12.0,12.0,208.67,0.0,6.0,63.99,17.33,2736.0,1059.73,211.0,0.0
1.0,3.0,7.0,2.61443,267.0,36.0,27.29,0.0,2.0,29.47,1.0,455.0,147.83,135.0,1.0
1.0,1.0,1.0,0.0,2.0,3.0,331.0,0.0,5.0,1.1,18.0,456.0,148.83,228.0,0.0
1.0,2.0,2.0,0.439497,21.0,1.0,310.5,0.0,12.0,29.51,61.0,2737.0,1060.02,212.0,0.0
1.0,5.0,7.0,2.60616,31.0,16.0,182.71,0.0,11.0,55.82,23.29,2743.0,1064.02,216.0,0.0
1.0,2.0,2.0,0.910348,31.0,12.0,53.0,0.0,2.0,110.08,5.0,739.0,315.8,122.0,0.0
1.0,2.0,2.0,0.902942,55.0,36.0,67.5,0.0,2.0,115.38,4.0,740.0,316.78,123.0,0.0
2.0,5.0,5.0,2.09227,23.0,7.0,426.0,0.0,20.0,14.84,112.8,2744.0,1063.62,1866.0,0.0
2.0,5.0,5.0,2.09227,23.0,7.0,426.4,0.0,18.0,2.26,105.4,2746.0,1065.57,1868.0,0.0
1.0,7.0,14.0,2.79522,221.0,21.0,121.36,0.0,2.0,199.86,0.71,163.0,112.42,99.0,0.0
1.0,3.0,3.0,1.49097,0.0,38.0,116.67,0.0,7.0,18.68,32.0,165.0,114.37,101.0,0.0
1.0,3.0,3.0,1.49097,0.0,38.0,121.0,0.0,9.0,3.34,31.67,166.0,115.37,102.0,0.0
1.0,3.0,3.0,1.51602,6.0,30.0,128.33,0.0,7.0,37.97,27.67,167.0,116.37,103.0,0.0
1.0,2.0,2.0,0.418684,59.0,0.0,15.5,0.0,3.0,102.32,4.5,2747.0,1064.44,1712.0,0.0
1.0,2.0,2.0,0.418684,59.0,0.0,15.5,0.0,3.0,102.35,4.5,2748.0,1065.34,1713.0,0.0
1.0,2.0,2.0,0.418684,59.0,0.0,15.5,0.0,2.0,202.93,4.0,2749.0,1066.18,1714.0,0.0
1.0,1.0,1.0,0.0,12.0,14.0,52.0,0.0,2.0,198.41,3.0,741.0,316.46,455.0,0.0
1.0,1.0,1.0,0.0,3.0,2.0,42.0,0.0,4.0,78.03,5.0,5059.0,2154.95,2583.0,0.0
1.0,1.0,1.0,0.0,6.0,0.0,47.0,0.0,2.0,294.82,4.0,5060.0,2155.83,2638.0,0.0
2.0,3.0,5.0,1.93013,47.0,112.0,64.8,0.0,4.0,4.87,2.4,457.0,148.87,365.0,1.0
1.0,3.0,5.0,1.9765,145.0,2.0,55.4,1.0,1.0,0.04,0.2,5062.0,2157.51,2640.0,0.0
1.0,2.0,2.0,0.203074,63.0,0.0,123.5,0.0,5.0,23.37,14.0,5063.0,2158.44,2641.0,0.0
1.0,2.0,2.0,0.954434,5.0,3.0,56.0,0.0,1.0,0.06,1.0,5064.0,2159.34,2642.0,0.0
2.0,2.0,2.0,0.721928,3.0,12.0,57.5,0.0,7.0,39.31,11.5,5065.0,2160.3,5228.0,0.0
1.0,2.0,5.0,2.10297,155.0,102.0,177.8,1.0,4.0,194.56,2.6,5067.0,2162.15,2645.0,0.0
2.0,3.0,3.0,1.19146,42.0,1.0,204.67,1.0,10.0,346.24,27.33,168.0,116.83,124.0,0.0
2.0,3.0,3.0,1.19146,42.0,1.0,197.33,1.0,9.0,416.06,25.0,169.0,117.83,126.0,0.0
1.0,3.0,4.0,1.54879,8.0,0.0,124.25,0.0,6.0,196.87,14.75,742.0,316.83,456.0,0.0
1.0,1.0,1.0,0.0,0.0,1.0,204.0,1.0,3.0,0.57,7.0,5068.0,2161.43,2646.0,0.0
1.0,1.0,1.0,0.0,18.0,1.0,82.0,0.0,2.0,100.19,7.0,2750.0,1064.17,218.0,0.0
1.0,1.0,1.0,0.0,22.0,0.0,1083.0,0.0,8.0,55.23,49.0,5069.0,2161.71,2586.0,0.0
1.0,1.0,1.0,0.0,2.0,1.0,309.0,0.0,6.0,295.19,16.0,2752.0,1066.02,36.0,0.0
1.0,1.0,1.0,0.0,4.0,1.0,157.0,0.0,10.0,15.27,87.0,5071.0,2163.57,2587.0,0.0
1.0,1.0,1.0,0.0,1.0,1.0,160.0,0.0,10.0,0.0,88.0,5072.0,2164.56,2588.0,0.0
1.0,1.0,1.0,0.0,1.0,1.0,151.0,0.0,10.0,0.0,84.0,5074.0,2166.55,2590.0,0.0
1.0,2.0,3.0,1.58389,184.0,0.0,0.0,0.0,0.0,0.0,0.0,5075.0,2167.5,2648.0,0.0
1.0,1.0,1.0,0.0,0.0,4.0,71.0,0.0,5.0,21.65,72.0,5076.0,2168.47,2649.0,0.0
1.0,5.0,5.0,0.800682,104.0,253.0,193.6,0.0,9.0,21.45,26.6,5077.0,2169.38,2650.0,0.0
1.0,1.0,1.0,0.0,3.0,12.0,86.0,0.0,2.0,7.44,9.0,744.0,318.45,334.0,0.0
1.0,1.0,1.0,0.0,3.0,12.0,86.0,0.0,2.0,7.45,9.0,745.0,319.45,335.0,0.0
1.0,1.0,1.0,0.0,3.0,12.0,86.0,0.0,2.0,7.44,9.0,746.0,320.44,336.0,0.0
1.0,1.0,1.0,0.0,1.0,1.0,77.0,0.0,3.0,0.08,10.0,748.0,322.41,338.0,0.0
1.0,1.0,1.0,0.0,2.0,1.0,309.0,0.0,6.0,295.71,16.0,2753.0,1066.29,37.0,0.0
1.0,4.0,4.0,1.92193,5.0,0.0,43.25,0.0,7.0,29.72,9.75,2755.0,1068.28,1715.0,0.0
1.0,4.0,4.0,1.92193,5.0,0.0,43.25,0.0,8.0,9.34,9.5,2756.0,1069.27,1716.0,0.0
1.0,1.0,1.0,0.0,1.0,0.0,514.0,0.0,11.0,5.65,128.0,750.0,324.32,118.0,0.0
2.0,6.0,7.0,1.89691,98.0,13.0,78.71,0.0,8.0,61.2,10.86,24.0,20.71,0.0,0.0
1.0,1.0,1.0,0.0,1.0,1.0,710.0,0.0,14.0,1.7,202.0,19.0,15.44,11.0,0.0
1.0,1.0,1.0,0.0,1.0,1.0,710.0,0.0,14.0,0.01,203.0,21.0,17.44,13.0,0.0
1.0,1.0,1.0,0.0,2.0,2.0,55.0,0.0,3.0,121.03,5.0,751.0,324.88,458.0,0.0
1.0,1.0,1.0,0.0,104.0,0.0,0.0,0.0,0.0,0.0,0.0,2758.0,1069.81,221.0,0.0
1.0,3.0,3.0,1.58162,35.0,1.0,374.33,0.0,12.0,15.53,45.0,2760.0,1071.44,1717.0,0.0
1.0,3.0,3.0,1.58066,36.0,1.0,341.33,0.0,12.0,49.35,40.33,2761.0,1072.36,1718.0,0.0
1.0,4.0,70.0,5.76129,144.0,173.0,72.81,0.0,7.0,314.96,3.24,752.0,325.47,459.0,0.0
1.0,1.0,1.0,0.0,3.0,0.0,131.0,0.0,6.0,0.04,109.0,753.0,326.46,460.0,0.0
1.0,1.0,2.0,0.934068,15.0,5.0,88.0,0.0,3.0,278.48,5.0,755.0,328.37,120.0,0.0
1.0,2.0,2.0,0.205593,23.0,8.0,1259.5,1.0,10.0,10.59,158.5,5079.0,2163.08,2592.0,0.0
1.0,3.0,4.0,0.937945,103.0,0.0,114.0,0.0,7.0,116.27,10.75,5080.0,2164.01,2593.0,1.0
1.0,4.0,4.0,1.97494,4.0,5.0,262.25,0.0,3.0,177.91,12.75,5081.0,2164.88,2594.0,0.0
2.0,4.0,25.0,3.26033,336.0,113.0,147.64,0.0,17.0,201.67,16.28,5082.0,2165.79,2754.0,0.0
1.0,1.0,1.0,0.0,1.0,1.0,709.0,0.0,14.0,0.02,205.0,5083.0,2166.74,104.0,0.0
1.0,2.0,3.0,0.736799,80.0,86.0,107.33,0.0,3.0,187.97,15.33,5084.0,2167.42,2652.0,0.0
2.0,5.0,7.0,2.03208,59.0,51.0,175.86,0.0,14.0,180.62,36.0,5085.0,2168.36,2758.0,0.0
1.0,3.0,3.0,1.57662,0.0,13.0,93.33,0.0,7.0,24.66,27.67,5086.0,2169.31,2654.0,0.0
1.0,1.0,1.0,0.0,9.0,5.0,393.0,0.0,7.0,21.61,125.0,756.0,328.89,121.0,0.0
2.0,3.0,5.0,2.05596,19.0,4.0,96.6,0.0,7.0,0.15,17.8,2763.0,1070.41,268.0,0.0
1.0,1.0,1.0,0.0,0.0,1.0,248.0,0.0,5.0,26.44,47.0,26.0,22.48,2.0,0.0
1.0,1.0,1.0,0.0,0.0,1.0,248.0,0.0,6.0,11.12,49.0,27.0,23.48,3.0,0.0
1.0,3.0,3.0,0.785243,231.0,22.0,70.33,0.0,3.0,224.48,5.33,1316.0,275.74,594.0,0.0
1.0,4.0,40.0,5.14555,159.0,38.0,66.63,0.0,6.0,310.9,1.7,2764.0,1070.95,1719.0,0.0
2.0,3.0,3.0,1.22439,4.0,5.0,866.33,0.0,17.0,15.63,175.0,174.0,121.37,63.0,0.0
1.0,1.0,1.0,0.0,3.0,4.0,60.0,0.0,5.0,159.12,10.0,2765.0,1071.24,1720.0,0.0
1.0,4.0,4.0,1.76525,4.0,14.0,63.5,0.0,4.0,130.76,3.75,2766.0,1072.23,229.0,0.0
1.0,4.0,4.0,1.6667,14.0,22.0,62.0,0.0,4.0,321.38,3.5,2767.0,1073.05,230.0,0.0
1.0,1.0,1.0,0.0,17.0,2.0,42.0,0.0,1.0,284.59,2.0,2768.0,1073.94,231.0,0.0
1.0,1.0,1.0,0.0,17.0,2.0,42.0,0.0,1.0,284.61,2.0,2769.0,1074.92,232.0,0.0
1.0,1.0,1.0,0.0,1.0,1.0,709.0,0.0,14.0,0.75,208.0,22.0,18.21,14.0,0.0
1.0,1.0,1.0,0.0,1.0,1.0,680.0,0.0,14.0,0.75,187.0,23.0,19.21,15.0,0.0
1.0,2.0,3.0,1.2939,120.0,35.0,145.33,0.0,6.0,76.71,9.67,175.0,122.13,108.0,1.0
1.0,2.0,3.0,1.2939,120.0,35.0,144.67,0.0,6.0,384.78,9.33,176.0,123.13,109.0,0.0
4.0,11.0,11.0,3.33276,15.0,16.0,346.0,0.0,22.0,23.24,67.73,178.0,125.1,162.0,0.0
4.0,11.0,11.0,3.33276,15.0,16.0,346.82,0.0,20.0,11.59,63.64,179.0,126.1,166.0,0.0
1.0,1.0,1.0,0.0,1.0,1.0,2363.0,0.0,10.0,3.75,317.0,29.0,25.38,1.0,0.0
1.0,1.0,1.0,0.0,21.0,0.0,1127.0,0.0,6.0,285.53,34.0,2770.0,1074.63,603.0,0.0
1.0,1.0,2.0,0.995727,11.0,2.0,70.5,0.0,2.0,661.52,1.0,2771.0,1075.63,233.0,0.0
4.0,11.0,11.0,3.33276,15.0,16.0,353.36,0.0,17.0,43.4,53.55,180.0,127.01,170.0,0.0
1.0,1.0,2.0,0.995727,11.0,2.0,70.5,0.0,2.0,661.59,1.0,2772.0,1076.53,234.0,0.0
0.0,0.0,0.0,0.0,0.0,0.0,0.0,0.0,0.0,0.0,0.0,2773.0,1077.2,0.0,0.0
1.0,1.0,1.0,0.0,0.0,8.0,95.0,0.0,7.0,13.75,78.0,2775.0,1078.47,1722.0,0.0
1.0,6.0,8.0,2.46407,13.0,26.0,107.38,0.0,8.0,307.52,17.13,758.0,328.86,122.0,0.0
1.0,1.0,1.0,0.0,0.0,1.0,86.0,0.0,2.0,0.0,2.0,2777.0,1080.23,605.0,0.0
1.0,1.0,1.0,0.0,0.0,8.0,100.0,0.0,6.0,48.54,68.0,2779.0,1082.21,1725.0,0.0
1.0,1.0,1.0,0.0,2.0,3.0,73.0,0.0,4.0,5.19,10.0,2780.0,1083.09,223.0,0.0
2.0,2.0,2.0,1.0,6.0,4.0,194.0,0.0,4.0,60.22,8.0,2783.0,1086.07,1952.0,0.0
1.0,2.0,2.0,0.8779620000000001,35.0,2.0,115.5,0.0,8.0,192.12,22.5,2784.0,1086.87,606.0,0.0
1.0,1.0,1.0,0.0,1.0,1.0,1743.0,0.0,20.0,1.8,506.0,5087.0,2154.83,217.0,0.0
1.0,2.0,2.0,0.836641,16.0,14.0,50.5,0.0,2.0,105.31,3.5,5088.0,2155.82,179.0,0.0
1.0,1.0,1.0,0.0,1.0,1.0,1743.0,0.0,20.0,0.13,507.0,181.0,127.59,40.0,0.0
1.0,1.0,1.0,0.0,3.0,0.0,170.0,0.0,1.0,368.59,2.0,759.0,329.4,461.0,0.0
1.0,2.0,3.0,0.639556,24.0,1.0,65.0,0.0,1.0,0.19,0.33,9.0,6.73,5.0,0.0
1.0,2.0,2.0,0.503258,36.0,0.0,88.0,0.0,3.0,507.77,7.0,2786.0,1087.73,1728.0,0.0
3.0,3.0,3.0,1.14883,1.0,6.0,703.67,0.0,19.0,6.93,201.33,5090.0,2156.15,2982.0,0.0
1.0,2.0,2.0,0.825627,54.0,0.0,58.0,0.0,1.0,0.17,0.5,5091.0,2156.83,2657.0,0.0
0.0,0.0,0.0,0.0,0.0,0.0,0.0,0.0,0.0,0.0,0.0,5092.0,2157.83,0.0,0.0
1.0,4.0,6.0,2.0741,165.0,11.0,523.33,0.0,15.0,21.21,60.0,5094.0,2159.79,2595.0,1.0
1.0,1.0,1.0,0.0,1.0,1.0,115.0,0.0,1.0,63.78,1.0,5095.0,2160.5,2596.0,0.0
1.0,1.0,1.0,0.0,2.0,2.0,117.0,0.0,2.0,0.26,5.0,2789.0,1090.36,1729.0,0.0
1.0,2.0,2.0,0.970951,3.0,2.0,504.5,0.0,17.0,0.02,184.0,5.0,4.74,1.0,0.0
1.0,2.0,4.0,1.82096,217.0,0.0,0.0,0.0,0.0,0.0,0.0,6.0,5.74,0.0,0.0
1.0,4.0,5.0,1.9557400000000005,25.0,20.0,65.0,0.0,8.0,120.93,8.0,334.0,274.31,187.0,0.0
1.0,4.0,8.0,1.8922,228.0,10.0,133.5,1.0,9.0,58.28,14.38,5097.0,2160.19,2598.0,0.0
1.0,1.0,2.0,0.922919,94.0,48.0,24.0,1.0,1.0,0.37,0.5,5098.0,2161.18,2599.0,0.0
1.0,4.0,7.0,2.62255,133.0,57.0,663.86,1.0,13.0,124.32,46.71,5099.0,2162.11,2600.0,0.0
1.0,1.0,2.0,0.918296,94.0,47.0,23.5,0.0,1.0,0.0,0.5,5101.0,2164.09,2602.0,0.0
1.0,1.0,1.0,0.0,63.0,0.0,0.0,0.0,0.0,0.0,0.0,2790.0,1088.53,226.0,0.0
1.0,1.0,1.0,0.0,63.0,0.0,0.0,0.0,0.0,0.0,0.0,2791.0,1089.53,227.0,0.0
2.0,7.0,14.0,3.1807,88.0,105.0,45.93,0.0,7.0,209.15,1.14,183.0,128.89,122.0,0.0
2.0,7.0,14.0,3.20595,87.0,107.0,46.86,0.0,6.0,308.04,0.79,185.0,130.89,124.0,0.0
1.0,1.0,1.0,0.0,1.0,1.0,1697.0,0.0,18.0,0.0,471.0,186.0,131.89,42.0,0.0
0.0,0.0,0.0,0.0,0.0,0.0,0.0,0.0,0.0,0.0,0.0,2792.0,1090.45,0.0,0.0
1.0,2.0,4.0,1.07024,89.0,0.0,188.75,0.0,7.0,95.57,6.5,2793.0,1091.44,1730.0,0.0
1.0,1.0,1.0,0.0,82.0,0.0,0.0,0.0,0.0,0.0,0.0,2794.0,1092.4,610.0,0.0
2.0,5.0,11.0,2.97493,82.0,99.0,47.27,0.0,6.0,354.64,0.73,187.0,132.87,126.0,0.0
1.0,5.0,7.0,2.40423,15.0,18.0,67.0,0.0,5.0,239.48,3.43,188.0,133.79,118.0,0.0
1.0,5.0,6.0,2.10246,12.0,15.0,65.33,0.0,5.0,308.95,3.33,189.0,134.79,119.0,0.0
1.0,4.0,5.0,1.85924,11.0,14.0,58.2,0.0,4.0,501.88,3.4,190.0,135.79,120.0,0.0
1.0,2.0,2.0,1.0,10.0,16.0,46.5,0.0,2.0,512.58,2.0,191.0,136.79,121.0,0.0
1.0,2.0,2.0,1.0,10.0,16.0,46.5,0.0,2.0,512.58,2.0,192.0,137.79,122.0,0.0
1.0,1.0,1.0,0.0,1.0,1.0,1744.0,0.0,21.0,3.02,510.0,7.0,6.69,1.0,0.0
1.0,2.0,2.0,0.094084,0.0,83.0,88.0,1.0,2.0,1.38,1.0,5102.0,2159.02,2603.0,0.0
1.0,2.0,2.0,0.619382,13.0,0.0,133.5,0.0,2.0,42.08,2.0,8.0,7.69,1.0,0.0
1.0,1.0,1.0,0.0,0.0,30.0,176.0,0.0,4.0,144.81,8.0,5103.0,2159.85,2659.0,0.0
1.0,3.0,4.0,1.2558,32.0,48.0,259.0,1.0,2.0,53.39,7.25,5104.0,2160.53,2604.0,0.0
1.0,9.0,23.0,4.41593,139.0,59.0,100.17,0.0,4.0,348.45,3.04,5105.0,2161.44,2605.0,0.0
3.0,14.0,20.0,3.62455,1056.0,1056.0,53.0,0.0,8.0,77.56,1.75,335.0,273.58,290.0,0.0
2.0,10.0,17.0,3.78147,21.0,30.0,256.65,0.0,15.0,114.69,13.53,336.0,274.43,280.0,1.0
1.0,3.0,5.0,1.5427,32.0,47.0,76.0,0.0,3.0,234.55,6.0,194.0,139.49,124.0,0.0
1.0,1.0,1.0,0.0,2.0,2.0,2414.0,0.0,14.0,3.7,332.0,2798.0,1094.13,612.0,0.0
1.0,1.0,1.0,0.0,2.0,2.0,2363.0,0.0,11.0,6.03,318.0,2799.0,1095.07,613.0,0.0
1.0,1.0,1.0,0.0,2.0,2.0,2348.0,1.0,11.0,20.7,304.0,2801.0,1096.97,614.0,0.0
1.0,5.0,55.0,5.15206,1546.0,357.0,67.31,0.0,8.0,39.29,1.91,5106.0,2160.16,2606.0,1.0
1.0,1.0,1.0,0.0,0.0,3.0,302.0,0.0,5.0,213.89,38.0,5108.0,2162.08,2608.0,0.0
1.0,3.0,5.0,1.5427,32.0,47.0,77.0,0.0,4.0,234.89,4.4,196.0,141.36,126.0,0.0
1.0,1.0,1.0,0.0,10.0,8.0,109.0,0.0,4.0,110.95,12.0,5109.0,2162.99,92.0,0.0
1.0,1.0,1.0,0.0,10.0,0.0,122.0,0.0,5.0,48.05,8.0,2803.0,1098.52,40.0,0.0
1.0,1.0,1.0,0.0,10.0,0.0,117.0,0.0,5.0,277.88,7.0,2804.0,1099.51,41.0,0.0
1.0,1.0,2.0,0.987138,90.0,0.0,0.0,0.0,0.0,0.0,0.0,5110.0,2163.11,2661.0,0.0
2.0,3.0,3.0,1.52193,3.0,2.0,918.0,0.0,23.0,3.11,240.67,10.0,7.65,2.0,0.0
1.0,8.0,8.0,2.9477,9.0,9.0,197.5,0.0,12.0,26.95,31.38,5111.0,2162.47,263.0,0.0
1.0,5.0,5.0,2.28925,9.0,6.0,73.8,0.0,9.0,35.2,23.6,5112.0,2163.44,45.0,0.0
2.0,8.0,8.0,3.0,8.0,8.0,98.75,0.0,9.0,12.71,14.63,5113.0,2164.34,226.0,0.0
1.0,1.0,1.0,0.0,2.0,2.0,76.0,0.0,2.0,47.11,2.0,5114.0,2165.15,264.0,0.0
1.0,1.0,1.0,0.0,6.0,0.0,99.0,0.0,1.0,66.7,1.0,5115.0,2166.01,2662.0,0.0
1.0,2.0,11.0,3.17343,6.0,35.0,90.82,0.0,6.0,138.1,3.18,5117.0,2167.81,2664.0,0.0
1.0,2.0,2.0,0.8904920000000001,34.0,18.0,184.0,1.0,6.0,240.5,16.5,5118.0,2168.8,2665.0,0.0
1.0,2.0,2.0,0.8904920000000001,34.0,18.0,187.0,1.0,5.0,297.97,15.5,5119.0,2169.8,2666.0,0.0
1.0,1.0,1.0,0.0,2.0,2.0,131.0,0.0,1.0,21.87,1.0,5120.0,2170.61,2667.0,0.0
1.0,1.0,1.0,0.0,5.0,0.0,192.0,0.0,2.0,131.95,2.0,5121.0,2171.5,2668.0,0.0
1.0,1.0,2.0,0.998364,12.0,9.0,45.0,0.0,1.0,1.08,0.5,5123.0,2172.86,2670.0,0.0
1.0,1.0,1.0,0.0,1.0,1.0,118.0,0.0,5.0,5.99,80.0,5124.0,2172.07,2671.0,0.0
1.0,1.0,1.0,0.0,1.0,1.0,118.0,0.0,7.0,5.99,80.0,5125.0,2173.05,2672.0,0.0
1.0,1.0,1.0,0.0,1.0,1.0,122.0,0.0,6.0,55.58,69.0,5126.0,2174.05,2673.0,0.0
1.0,1.0,1.0,0.0,9.0,2.0,125.0,0.0,2.0,310.72,8.0,5128.0,2175.69,2610.0,0.0
1.0,1.0,1.0,0.0,9.0,2.0,125.0,0.0,2.0,310.72,8.0,5129.0,2176.68,2611.0,0.0
1.0,1.0,1.0,0.0,61.0,0.0,0.0,0.0,0.0,0.0,0.0,5131.0,2178.33,2613.0,0.0
1.0,2.0,2.0,0.8112779999999999,1.0,3.0,78.5,0.0,3.0,5.91,3.0,5132.0,2179.17,2614.0,0.0
1.0,2.0,2.0,1.0,2.0,2.0,138.0,0.0,3.0,34.2,13.0,2805.0,1096.44,236.0,0.0
1.0,2.0,2.0,1.0,2.0,2.0,138.0,0.0,5.0,22.18,14.0,2807.0,1098.18,237.0,0.0
2.0,8.0,22.0,3.35235,558.0,92.0,242.55,1.0,14.0,91.38,17.59,5133.0,2177.38,5289.0,1.0
1.0,1.0,23.0,3.84318,80.0,81.0,97.09,0.0,12.0,314.31,10.09,5134.0,2178.37,2616.0,0.0
1.0,12.0,16.0,1.23086,358.0,316.0,85.81,0.0,6.0,280.01,7.63,5135.0,2179.32,181.0,0.0
1.0,1.0,1.0,0.0,10.0,0.0,179.0,0.0,3.0,244.89,15.0,5136.0,2180.27,2675.0,0.0
1.0,1.0,1.0,0.0,10.0,0.0,179.0,0.0,3.0,244.9,15.0,5137.0,2181.26,2676.0,0.0
1.0,2.0,2.0,0.650022,4.0,2.0,485.5,0.0,15.0,8.62,170.0,2809.0,1100.06,162.0,0.0
2.0,2.0,2.0,0.8631209999999999,6.0,1.0,914.5,0.0,21.0,20.27,260.5,2810.0,1101.03,1893.0,0.0
1.0,1.0,1.0,0.0,0.0,1.0,515.0,0.0,11.0,2.45,130.0,2811.0,1101.99,228.0,0.0
1.0,3.0,9.0,2.67489,62.0,128.0,78.44,0.0,7.0,344.46,11.0,198.0,141.71,127.0,0.0
1.0,3.0,7.0,2.2176,46.0,87.0,75.71,0.0,9.0,424.6,14.0,199.0,142.7,128.0,0.0
1.0,3.0,7.0,2.2176,46.0,87.0,76.43,0.0,8.0,421.94,12.57,201.0,144.68,129.0,0.0
1.0,1.0,1.0,0.0,1.0,1.0,1675.0,0.0,15.0,11.61,376.0,202.0,145.68,44.0,0.0
1.0,2.0,2.0,0.423681,58.0,0.0,228.5,0.0,7.0,69.11,22.0,5141.0,2176.31,2678.0,0.0
1.0,1.0,1.0,0.0,1.0,1.0,115.0,0.0,1.0,73.71,1.0,5142.0,2177.3,2620.0,0.0
1.0,2.0,2.0,0.423681,58.0,0.0,228.5,0.0,7.0,92.63,21.5,5143.0,2178.3,2679.0,0.0
1.0,2.0,2.0,0.423681,58.0,0.0,236.5,0.0,6.0,148.82,20.5,5144.0,2179.28,2680.0,0.0
2.0,2.0,3.0,1.09116,19.0,11.0,253.33,1.0,11.0,53.13,31.67,2812.0,1098.74,1965.0,0.0
1.0,1.0,2.0,0.423681,20.0,38.0,324.5,0.0,4.0,184.98,9.0,2813.0,1099.71,1737.0,0.0
2.0,2.0,2.0,0.918296,3.0,3.0,1018.5,0.0,22.0,4.55,318.5,203.0,146.44,73.0,0.0
1.0,1.0,1.0,0.0,1.0,1.0,293.0,0.0,15.0,0.02,247.0,11.0,8.54,2.0,0.0
2.0,2.0,2.0,0.918296,3.0,3.0,994.5,0.0,19.0,2.01,296.5,204.0,147.43,75.0,0.0
1.0,1.0,1.0,0.0,2.0,2.0,1675.0,0.0,15.0,0.82,377.0,205.0,148.43,47.0,0.0
2.0,7.0,7.0,2.37047,13.0,21.0,282.0,0.0,17.0,72.7,55.14,206.0,149.4,160.0,1.0
2.0,5.0,5.0,1.48222,25.0,8.0,248.6,0.0,12.0,145.54,54.6,208.0,151.39,164.0,0.0
1.0,1.0,5.0,1.7593299999999998,6.0,19.0,165.2,0.0,3.0,223.39,1.6,209.0,152.38,13.0,0.0
1.0,1.0,5.0,1.7593299999999998,6.0,19.0,165.2,0.0,4.0,200.89,1.6,210.0,153.38,14.0,0.0
1.0,1.0,1.0,0.0,2.0,1.0,92.0,0.0,1.0,314.03,1.0,211.0,154.38,15.0,0.0
1.0,1.0,1.0,0.0,0.0,1.0,391.0,1.0,11.0,0.5,67.0,2814.0,1100.0,1738.0,0.0
1.0,1.0,2.0,0.423681,20.0,38.0,324.5,0.0,4.0,185.48,9.0,2816.0,1101.98,1740.0,0.0
1.0,1.0,1.0,0.0,0.0,14.0,153.0,0.0,8.0,22.47,74.0,2817.0,1102.79,1741.0,0.0
1.0,2.0,2.0,0.650022,6.0,0.0,462.0,0.0,12.0,0.39,135.0,2818.0,1103.66,163.0,0.0
1.0,1.0,2.0,0.676942,17.0,11.0,335.5,1.0,11.0,76.36,43.5,2819.0,1104.62,1742.0,0.0
1.0,1.0,1.0,0.0,64.0,0.0,0.0,0.0,0.0,0.0,0.0,2820.0,1105.61,231.0,0.0
1.0,1.0,1.0,0.0,84.0,0.0,0.0,0.0,0.0,0.0,0.0,5145.0,2177.69,2621.0,0.0
1.0,1.0,1.0,0.0,1.0,1.0,1697.0,0.0,18.0,0.64,474.0,2821.0,1106.48,159.0,0.0
1.0,1.0,1.0,0.0,1.0,1.0,1744.0,0.0,21.0,0.86,514.0,9.0,8.51,2.0,0.0
1.0,3.0,3.0,1.13257,131.0,4.0,558.0,1.0,11.0,29.73,45.0,5146.0,2177.95,2622.0,0.0
1.0,1.0,1.0,0.0,2.0,2.0,89.0,0.0,1.0,144.39,3.0,5148.0,2179.71,2624.0,0.0
1.0,1.0,1.0,0.0,1.0,1.0,56.0,0.0,1.0,299.44,2.0,5151.0,2181.08,266.0,0.0
1.0,1.0,1.0,0.0,1.0,1.0,56.0,0.0,1.0,299.45,2.0,5152.0,2182.04,267.0,0.0
1.0,2.0,2.0,0.918296,6.0,6.0,82.0,1.0,1.0,186.37,1.0,10.0,9.48,2.0,0.0
1.0,2.0,2.0,0.918296,6.0,6.0,82.0,1.0,1.0,186.44,1.0,5153.0,2182.26,2683.0,0.0
1.0,1.0,1.0,0.0,18.0,14.0,719.0,0.0,16.0,1.9,214.0,25.0,20.5,17.0,0.0
2.0,3.0,3.0,1.32218,0.0,11.0,710.33,0.0,22.0,113.81,213.67,26.0,21.5,33.0,0.0
0.0,0.0,0.0,0.0,0.0,0.0,0.0,0.0,0.0,0.0,0.0,761.0,325.07,0.0,0.0
1.0,1.0,1.0,0.0,0.0,1.0,391.0,1.0,11.0,0.0,69.0,2823.0,1105.66,1744.0,0.0
1.0,1.0,1.0,0.0,12.0,2.0,74.0,0.0,5.0,300.54,13.0,2824.0,1106.65,615.0,0.0
1.0,2.0,2.0,0.953127,142.0,0.0,0.0,0.0,0.0,0.0,0.0,2825.0,1107.65,232.0,0.0
1.0,1.0,1.0,0.0,12.0,2.0,74.0,0.0,5.0,300.57,13.0,2826.0,1108.61,616.0,0.0
1.0,1.0,1.0,0.0,12.0,2.0,74.0,1.0,5.0,300.59,13.0,2827.0,1109.59,617.0,0.0
2.0,3.0,4.0,1.34236,22.0,25.0,691.25,0.0,20.0,86.59,168.75,27.0,22.46,35.0,0.0
1.0,1.0,1.0,0.0,1.0,2.0,292.0,0.0,15.0,0.37,252.0,28.0,23.46,20.0,0.0
1.0,1.0,1.0,0.0,1.0,4.0,56.0,0.0,2.0,227.01,5.0,2828.0,1110.27,1745.0,0.0
1.0,1.0,1.0,0.0,35.0,1.0,82.0,0.0,4.0,0.84,35.0,458.0,146.15,230.0,0.0
1.0,1.0,1.0,0.0,1.0,1.0,98.0,0.0,3.0,588.82,5.0,2830.0,1111.29,1747.0,0.0
1.0,1.0,1.0,0.0,11.0,8.0,215.0,1.0,4.0,7.08,24.0,5155.0,2177.78,2626.0,1.0
1.0,1.0,1.0,0.0,1.0,1.0,87.0,1.0,2.0,301.93,4.0,5157.0,2179.52,2628.0,0.0
1.0,8.0,11.0,1.79222,452.0,25.0,246.36,0.0,10.0,56.56,13.27,5158.0,2180.28,2629.0,1.0
1.0,4.0,9.0,2.67223,143.0,14.0,111.33,0.0,10.0,19.59,4.89,2831.0,1110.33,1748.0,0.0
1.0,2.0,2.0,0.985228,18.0,3.0,191.5,1.0,6.0,158.94,19.5,2832.0,1111.29,618.0,0.0
1.0,2.0,2.0,0.985228,18.0,3.0,173.5,1.0,5.0,246.05,17.5,2833.0,1112.21,619.0,0.0
1.0,3.0,5.0,1.88984,43.0,3.0,104.4,1.0,9.0,53.36,9.0,5162.0,2179.54,2631.0,0.0
1.0,1.0,1.0,0.0,82.0,0.0,0.0,0.0,0.0,0.0,0.0,763.0,325.14,464.0,0.0
1.0,1.0,1.0,0.0,3.0,3.0,82.0,0.0,1.0,0.0,1.0,764.0,326.14,465.0,0.0
1.0,1.0,5.0,2.32193,10.0,0.0,34.6,0.0,3.0,0.85,1.4,5165.0,2179.43,2634.0,0.0
1.0,2.0,2.0,0.5406569999999999,118.0,3.0,105.0,1.0,5.0,1.37,10.0,5166.0,2179.91,2635.0,0.0
1.0,1.0,1.0,0.0,76.0,0.0,0.0,0.0,0.0,0.0,0.0,5167.0,2180.91,2686.0,0.0
1.0,2.0,2.0,0.5406569999999999,118.0,3.0,105.0,1.0,5.0,1.01,10.0,5168.0,2181.89,2636.0,0.0
1.0,2.0,3.0,1.44065,18.0,2.0,100.0,0.0,1.0,1.22,0.33,217.0,158.12,138.0,0.0
1.0,2.0,3.0,1.44065,18.0,2.0,100.0,0.0,1.0,1.21,0.33,218.0,159.12,139.0,0.0
1.0,2.0,3.0,1.47294,9.0,16.0,266.0,1.0,8.0,41.14,20.0,765.0,326.82,466.0,1.0
1.0,1.0,1.0,0.0,3.0,3.0,82.0,0.0,1.0,0.0,1.0,767.0,328.77,468.0,0.0
1.0,1.0,1.0,0.0,4.0,4.0,81.0,0.0,1.0,0.15,3.0,770.0,331.75,471.0,0.0
1.0,1.0,1.0,0.0,4.0,4.0,81.0,0.0,1.0,0.04,3.0,771.0,332.75,472.0,0.0
2.0,2.0,8.0,2.42519,42.0,71.0,105.5,0.0,7.0,176.9,4.0,5171.0,2182.46,5325.0,0.0
2.0,2.0,8.0,2.38985,40.0,70.0,104.63,0.0,7.0,190.85,3.75,5172.0,2183.44,5327.0,0.0
1.0,1.0,1.0,0.0,1.0,1.0,1691.0,0.0,18.0,4.83,476.0,5173.0,2184.35,221.0,0.0
2.0,2.0,2.0,0.764205,5.0,4.0,1042.0,0.0,21.0,51.12,262.0,5175.0,2186.1,2912.0,0.0
1.0,1.0,1.0,0.0,4.0,4.0,369.0,0.0,1.0,111.27,1.0,5176.0,2186.55,268.0,0.0
1.0,1.0,1.0,0.0,4.0,4.0,369.0,0.0,2.0,0.06,2.0,5177.0,2187.37,269.0,0.0
2.0,2.0,2.0,0.764205,4.0,5.0,1042.5,0.0,21.0,0.19,263.0,5178.0,2188.36,2914.0,0.0
1.0,4.0,6.0,2.36479,20.0,4.0,60.17,0.0,4.0,27.38,1.5,2834.0,1107.98,1749.0,0.0
1.0,2.0,2.0,0.97934,77.0,0.0,0.0,0.0,0.0,0.0,0.0,2835.0,1108.98,1750.0,0.0
1.0,2.0,3.0,1.17332,79.0,1.0,27.33,0.0,1.0,55.46,0.33,2837.0,1110.92,1752.0,0.0
1.0,2.0,6.0,2.45056,0.0,295.0,49.17,0.0,4.0,171.93,1.33,2838.0,1111.26,1753.0,0.0
1.0,2.0,2.0,0.806091,74.0,3.0,146.5,0.0,9.0,9.57,34.0,5179.0,2186.57,2640.0,0.0
1.0,2.0,2.0,0.806091,74.0,3.0,147.0,0.0,8.0,9.53,31.5,5180.0,2187.56,2641.0,0.0
1.0,1.0,1.0,0.0,1.0,0.0,723.0,0.0,16.0,7.13,215.0,219.0,159.37,33.0,0.0
1.0,1.0,1.0,0.0,1.0,0.0,691.0,0.0,14.0,6.37,191.0,220.0,160.37,34.0,0.0
1.0,1.0,1.0,0.0,1.0,1.0,1738.0,0.0,21.0,0.92,527.0,221.0,161.37,48.0,0.0
1.0,2.0,2.0,0.940286,14.0,0.0,311.5,0.0,8.0,12.42,30.0,2839.0,1111.47,620.0,0.0
1.0,2.0,2.0,0.940286,14.0,0.0,332.0,0.0,7.0,195.1,28.0,2841.0,1113.41,622.0,0.0
1.0,1.0,1.0,0.0,1.0,1.0,78.0,0.0,5.0,1.23,87.0,5181.0,2186.64,2691.0,0.0
1.0,2.0,2.0,0.918296,14.0,1.0,318.5,0.0,8.0,0.17,30.5,2842.0,1114.22,623.0,0.0
1.0,2.0,2.0,0.940286,14.0,0.0,313.5,0.0,7.0,410.1,26.5,2843.0,1115.21,624.0,0.0
1.0,2.0,2.0,0.918296,14.0,1.0,339.0,0.0,7.0,0.16,28.5,2844.0,1116.18,625.0,0.0
3.0,23.0,23.0,2.03634,417.0,417.0,69.22,0.0,18.0,447.76,11.57,29.0,24.08,28.0,0.0
1.0,2.0,2.0,0.918296,14.0,1.0,320.5,1.0,7.0,0.04,27.0,2845.0,1117.15,626.0,0.0
1.0,1.0,1.0,0.0,68.0,0.0,0.0,0.0,0.0,0.0,0.0,5182.0,2187.22,2642.0,0.0
3.0,23.0,23.0,2.09458,402.0,402.0,67.83,0.0,16.0,445.91,10.48,30.0,25.07,31.0,0.0
1.0,1.0,1.0,0.0,2.0,0.0,724.0,0.0,16.0,0.1,217.0,2846.0,1118.01,164.0,0.0
1.0,1.0,1.0,0.0,2.0,0.0,692.0,0.0,14.0,0.16,193.0,2847.0,1118.8,165.0,0.0
1.0,9.0,10.0,3.2949300000000004,52.0,144.0,119.3,0.0,4.0,91.39,3.4,5184.0,2188.43,270.0,0.0
1.0,1.0,1.0,0.0,1.0,1.0,893.0,0.0,9.0,35.28,144.0,337.0,265.38,190.0,0.0
1.0,1.0,1.0,0.0,0.0,4.0,71.0,0.0,7.0,35.3,74.0,338.0,266.37,191.0,0.0
0.0,0.0,0.0,0.0,0.0,0.0,0.0,0.0,0.0,0.0,0.0,339.0,267.37,0.0,0.0
0.0,0.0,0.0,0.0,0.0,0.0,0.0,0.0,0.0,0.0,0.0,340.0,268.36,0.0,0.0
1.0,1.0,1.0,0.0,2.0,2.0,55.0,0.0,3.0,176.09,4.0,341.0,269.36,192.0,0.0
1.0,2.0,2.0,0.8779620000000001,35.0,2.0,117.0,0.0,8.0,307.91,22.0,343.0,271.35,93.0,0.0
1.0,1.0,1.0,0.0,5.0,1.0,79.0,0.0,6.0,307.92,21.0,344.0,272.35,94.0,0.0
1.0,2.0,2.0,0.503258,36.0,0.0,84.5,0.0,3.0,563.74,6.5,345.0,273.35,193.0,0.0
0.0,0.0,0.0,0.0,0.0,0.0,0.0,0.0,0.0,0.0,0.0,349.0,277.35,0.0,0.0
1.0,1.0,1.0,0.0,2.0,0.0,696.0,0.0,14.0,0.01,196.0,350.0,278.34,25.0,0.0
0.0,0.0,0.0,0.0,0.0,0.0,0.0,0.0,0.0,0.0,0.0,351.0,279.34,0.0,0.0
1.0,4.0,5.0,1.9557400000000005,25.0,20.0,61.6,0.0,8.0,172.74,7.0,352.0,280.34,195.0,0.0
0.0,0.0,0.0,0.0,0.0,0.0,0.0,0.0,0.0,0.0,0.0,354.0,282.33,0.0,0.0
0.0,0.0,0.0,0.0,0.0,0.0,0.0,0.0,0.0,0.0,0.0,355.0,283.33,0.0,0.0
2.0,14.0,37.0,4.35935,273.0,154.0,220.62,0.0,14.0,218.63,10.08,361.0,289.23,293.0,0.0
0.0,0.0,0.0,0.0,0.0,0.0,0.0,0.0,0.0,0.0,0.0,362.0,290.22,0.0,0.0
2.0,9.0,13.0,3.51666,1854.0,1854.0,142.85,0.0,8.0,229.73,1.77,363.0,291.22,295.0,0.0
1.0,1.0,1.0,0.0,6.0,2.0,213.0,0.0,6.0,16.58,35.0,364.0,292.21,98.0,0.0
1.0,1.0,8.0,2.5230900000000003,36.0,37.0,267.13,0.0,11.0,374.34,20.88,2848.0,1119.04,627.0,0.0
1.0,3.0,3.0,1.47722,29.0,3.0,128.33,0.0,4.0,21.68,4.0,5185.0,2187.56,2644.0,0.0
1.0,1.0,1.0,0.0,8.0,33.0,368.0,0.0,3.0,0.58,4.0,5186.0,2188.52,271.0,0.0
1.0,1.0,2.0,0.944032,225.0,93.0,68.0,0.0,3.0,49.81,3.5,5187.0,2189.48,2692.0,0.0
1.0,1.0,1.0,0.0,2.0,0.0,698.0,0.0,14.0,0.82,198.0,32.0,27.0,24.0,0.0
1.0,1.0,1.0,0.0,1.0,0.0,728.0,0.0,16.0,0.07,219.0,33.0,27.99,25.0,0.0
1.0,1.0,1.0,0.0,1.0,0.0,700.0,0.0,14.0,0.07,199.0,34.0,28.99,26.0,0.0
1.0,1.0,1.0,0.0,1.0,1.0,1738.0,0.0,21.0,1.1,529.0,11.0,10.23,3.0,0.0
1.0,1.0,1.0,0.0,4.0,3.0,703.0,0.0,14.0,0.44,201.0,38.0,32.95,30.0,0.0
1.0,1.0,1.0,0.0,245.0,250.0,704.0,0.0,14.0,0.07,202.0,39.0,33.95,31.0,0.0
1.0,2.0,2.0,0.99403,11.0,0.0,48.0,0.0,4.0,31.54,3.5,5188.0,2186.98,2693.0,0.0
1.0,1.0,1.0,0.0,1.0,1.0,733.0,0.0,16.0,0.19,222.0,222.0,161.48,35.0,0.0
1.0,1.0,1.0,0.0,1.0,1.0,699.0,0.0,14.0,0.11,203.0,223.0,162.48,36.0,0.0
1.0,1.0,1.0,0.0,1.0,1.0,1738.0,0.0,21.0,0.83,530.0,5189.0,2187.36,225.0,0.0
2.0,3.0,4.0,1.50033,94.0,0.0,54.5,0.0,1.0,53.46,0.25,2849.0,1115.36,2382.0,0.0
1.0,1.0,1.0,0.0,5.0,0.0,345.0,0.0,9.0,101.95,88.0,2850.0,1116.36,1755.0,0.0
1.0,1.0,1.0,0.0,5.0,0.0,345.0,0.0,9.0,101.93,88.0,2851.0,1117.32,1756.0,0.0
1.0,1.0,1.0,0.0,5.0,0.0,369.0,0.0,7.0,311.41,81.0,2852.0,1118.31,1757.0,0.0
1.0,12.0,12.0,2.22118,263.0,165.0,70.25,0.0,3.0,126.95,6.08,5191.0,2183.65,184.0,0.0
1.0,5.0,15.0,3.3857800000000005,32.0,57.0,69.53,0.0,5.0,698.55,2.87,5193.0,2185.51,186.0,0.0
1.0,1.0,2.0,0.619382,14.0,12.0,532.0,0.0,16.0,38.71,112.5,366.0,291.45,27.0,0.0
1.0,2.0,2.0,0.998364,11.0,10.0,95.0,0.0,2.0,1.43,5.5,781.0,338.67,134.0,0.0
0.0,0.0,0.0,0.0,0.0,0.0,0.0,0.0,0.0,0.0,0.0,783.0,340.64,0.0,0.0
1.0,2.0,2.0,0.591673,14.0,0.0,222.0,0.0,7.0,170.85,13.5,2854.0,1117.4,1759.0,0.0
2.0,2.0,2.0,0.953048,55.0,12.0,100.0,1.0,2.0,86.78,4.5,2858.0,1121.07,2394.0,0.0
1.0,2.0,2.0,0.591673,14.0,0.0,221.0,0.0,6.0,179.13,13.0,2859.0,1122.06,1764.0,0.0
1.0,2.0,2.0,0.991076,3.0,6.0,68.5,0.0,3.0,0.01,6.5,5196.0,2182.44,189.0,0.0
1.0,4.0,8.0,2.09749,49.0,207.0,73.13,0.0,4.0,133.65,8.13,5197.0,2183.42,190.0,0.0
1.0,1.0,1.0,0.0,2.0,6.0,35.0,0.0,4.0,158.26,12.0,5199.0,2185.05,192.0,0.0
1.0,1.0,1.0,0.0,17.0,16.0,48.0,0.0,2.0,0.79,8.0,2861.0,1122.6,238.0,0.0
1.0,1.0,1.0,0.0,2.0,32.0,64.0,0.0,1.0,452.75,1.0,5200.0,2183.63,2695.0,0.0
1.0,2.0,2.0,0.918296,8.0,1.0,221.0,1.0,7.0,7.67,17.5,2863.0,1123.06,633.0,0.0
1.0,1.0,4.0,1.62452,48.0,14.0,65.25,0.0,3.0,159.32,3.5,2864.0,1124.04,233.0,0.0
1.0,1.0,4.0,2.0,4.0,12.0,61.0,0.0,4.0,516.51,3.25,2867.0,1126.98,235.0,0.0
1.0,2.0,5.0,2.08251,31.0,19.0,143.0,0.0,3.0,526.02,1.0,2868.0,1127.98,236.0,0.0
1.0,2.0,16.0,3.75384,97.0,20.0,71.88,0.0,4.0,101.88,1.75,2869.0,1128.93,237.0,0.0
1.0,1.0,1.0,0.0,1.0,4.0,253.0,0.0,4.0,7.3,6.0,5202.0,2182.33,2646.0,0.0
1.0,3.0,17.0,3.86927,117.0,31.0,69.06,0.0,3.0,364.91,1.82,2870.0,1129.72,238.0,0.0
1.0,1.0,1.0,0.0,49.0,0.0,0.0,0.0,0.0,0.0,0.0,135.0,95.73,63.0,0.0
1.0,1.0,1.0,0.0,20.0,7.0,131.0,0.0,3.0,0.93,9.0,225.0,162.26,141.0,0.0
1.0,1.0,1.0,0.0,58.0,0.0,0.0,0.0,0.0,0.0,0.0,2871.0,1129.79,635.0,0.0
1.0,1.0,1.0,0.0,0.0,12.0,58.0,0.0,1.0,0.02,1.0,2872.0,1130.76,636.0,0.0
1.0,1.0,1.0,0.0,62.0,0.0,0.0,0.0,0.0,0.0,0.0,2874.0,1132.72,638.0,0.0
1.0,1.0,1.0,0.0,3.0,1.0,170.0,0.0,1.0,397.73,2.0,2875.0,1133.59,1766.0,0.0
1.0,1.0,1.0,0.0,1.0,3.0,56.0,0.0,2.0,0.31,3.0,5204.0,2181.37,2647.0,0.0
1.0,6.0,13.0,3.03284,292.0,5.0,415.69,1.0,16.0,45.13,38.62,5205.0,2182.21,2648.0,1.0
1.0,1.0,1.0,0.0,151.0,0.0,644.0,0.0,3.0,172.08,4.0,229.0,165.61,9.0,0.0
5.0,42.0,72.0,6.07049,1054.0,46.0,92.13,0.0,17.0,536.1,8.36,232.0,168.57,187.0,0.0
1.0,4.0,4.0,1.8704,70.0,5.0,217.5,0.0,2.0,118.36,5.0,5207.0,2178.87,2650.0,0.0
2.0,6.0,6.0,1.83419,115.0,12.0,723.5,0.0,16.0,147.97,57.0,5208.0,2179.86,5348.0,1.0
1.0,1.0,1.0,0.0,40.0,0.0,68.0,0.0,2.0,107.94,3.0,5209.0,2180.75,2652.0,0.0
2.0,5.0,5.0,1.44738,108.0,8.0,208.0,1.0,5.0,223.32,16.8,5210.0,2181.51,5351.0,0.0
2.0,5.0,5.0,1.44738,108.0,8.0,210.4,1.0,5.0,223.94,16.6,5211.0,2182.5,5353.0,0.0
1.0,5.0,5.0,2.0951,25.0,15.0,195.8,0.0,8.0,227.17,20.6,5213.0,2184.04,2656.0,0.0
2.0,2.0,2.0,1.0,2.0,2.0,174.0,0.0,6.0,59.4,23.5,5214.0,2184.9,280.0,0.0
6.0,16.0,81.0,5.90581,6582.0,42.0,54.96,0.0,24.0,0.75,14.41,5215.0,2185.85,3478.0,1.0
2.0,3.0,3.0,1.58496,2.0,1.0,655.33,0.0,21.0,1.91,192.67,5216.0,2186.81,2928.0,0.0
3.0,3.0,3.0,1.14923,2.0,21.0,400.33,0.0,13.0,27.78,140.67,233.0,169.18,170.0,0.0
1.0,1.0,1.0,0.0,8.0,8.0,485.0,0.0,2.0,1.04,11.0,5217.0,2185.73,2657.0,0.0
1.0,11.0,12.0,3.0024,59.0,18.0,119.67,0.0,10.0,516.38,16.92,5218.0,2186.62,2658.0,0.0
1.0,1.0,1.0,0.0,13.0,28.0,121.0,0.0,2.0,9.8,8.0,5219.0,2187.59,194.0,0.0
1.0,1.0,1.0,0.0,1.0,1.0,152.0,0.0,6.0,106.27,28.0,5220.0,2187.72,2659.0,0.0
1.0,1.0,1.0,0.0,3.0,0.0,210.0,0.0,6.0,7.1,22.0,5221.0,2188.69,2702.0,0.0
1.0,1.0,1.0,0.0,3.0,0.0,215.0,0.0,6.0,228.48,20.0,5222.0,2189.68,2703.0,0.0
1.0,1.0,1.0,0.0,6.0,0.0,72.0,0.0,2.0,949.5,7.0,234.0,169.81,22.0,0.0
1.0,1.0,1.0,0.0,97.0,1.0,91.0,1.0,1.0,3.66,1.0,5224.0,2190.11,2661.0,0.0
1.0,1.0,1.0,0.0,3.0,3.0,109.0,1.0,4.0,320.59,13.0,5227.0,2192.74,2664.0,0.0
1.0,1.0,1.0,0.0,3.0,3.0,109.0,1.0,4.0,320.59,13.0,5228.0,2193.74,2665.0,0.0
1.0,1.0,2.0,1.0,12.0,10.0,171.0,0.0,6.0,237.46,16.5,5229.0,2194.51,2666.0,0.0
1.0,2.0,4.0,1.90861,30.0,0.0,747.25,0.0,12.0,38.65,51.5,2877.0,1129.01,1768.0,0.0
1.0,4.0,5.0,1.10481,155.0,4.0,600.2,1.0,13.0,36.86,42.2,5230.0,2194.92,2667.0,1.0
2.0,9.0,10.0,3.21659,1.0,33.0,138.8,0.0,7.0,11.73,7.7,5232.0,2196.8,2943.0,0.0
0.0,0.0,0.0,0.0,0.0,0.0,0.0,0.0,0.0,0.0,0.0,368.0,288.05,0.0,0.0
0.0,0.0,0.0,0.0,0.0,0.0,0.0,0.0,0.0,0.0,0.0,370.0,290.04,0.0,0.0
2.0,2.0,2.0,0.764205,4.0,5.0,1037.5,0.0,21.0,169.57,271.0,5234.0,2198.7,2934.0,0.0
1.0,1.0,7.0,2.29265,27.0,27.0,282.14,1.0,11.0,429.67,22.57,371.0,291.03,100.0,0.0
0.0,0.0,0.0,0.0,0.0,0.0,0.0,0.0,0.0,0.0,0.0,5235.0,2199.68,0.0,0.0
1.0,1.0,1.0,0.0,1.0,1.0,1691.0,0.0,18.0,13.09,478.0,372.0,291.97,36.0,0.0
4.0,26.0,38.0,4.85125,68.0,65.0,344.92,1.0,19.0,215.09,24.84,373.0,292.97,329.0,0.0
0.0,0.0,0.0,0.0,0.0,0.0,0.0,0.0,0.0,0.0,0.0,374.0,293.96,0.0,0.0
0.0,0.0,0.0,0.0,0.0,0.0,0.0,0.0,0.0,0.0,0.0,375.0,294.96,0.0,0.0
0.0,0.0,0.0,0.0,0.0,0.0,0.0,0.0,0.0,0.0,0.0,376.0,295.95,0.0,0.0
0.0,0.0,0.0,0.0,0.0,0.0,0.0,0.0,0.0,0.0,0.0,377.0,296.95,0.0,0.0
1.0,2.0,6.0,2.25345,112.0,3.0,167.67,0.0,2.0,57.53,0.67,236.0,171.48,147.0,0.0
1.0,2.0,6.0,2.25345,112.0,3.0,167.67,0.0,2.0,57.54,0.67,237.0,172.48,148.0,0.0
1.0,3.0,3.0,1.07139,43.0,9.0,157.67,0.0,8.0,5.52,41.67,785.0,338.49,139.0,0.0
1.0,3.0,3.0,1.07139,43.0,9.0,157.67,0.0,9.0,0.41,42.0,786.0,339.49,140.0,0.0
1.0,3.0,3.0,1.07139,43.0,9.0,157.0,0.0,10.0,46.48,37.33,787.0,340.49,141.0,0.0
2.0,4.0,4.0,1.71997,41.0,39.0,365.5,0.0,8.0,0.91,17.0,5237.0,2199.97,5378.0,0.0
1.0,1.0,2.0,0.997212,177.0,0.0,0.0,0.0,0.0,0.0,0.0,5240.0,2202.5,2674.0,0.0
1.0,3.0,3.0,1.09915,162.0,2.0,314.33,1.0,7.0,48.94,25.33,5241.0,2203.42,2675.0,0.0
1.0,3.0,3.0,1.09174,163.0,3.0,314.33,1.0,7.0,49.14,25.0,5242.0,2204.37,2676.0,0.0
3.0,5.0,5.0,1.85869,31.0,16.0,539.8,0.0,22.0,1.27,133.0,2879.0,1129.66,1973.0,0.0
1.0,1.0,2.0,0.749595,14.0,14.0,451.0,0.0,3.0,161.06,4.0,5244.0,2205.96,2678.0,0.0
5.0,41.0,51.0,5.46701,68.0,70.0,300.9,0.0,23.0,123.55,17.06,5245.0,2206.69,5912.0,1.0
1.0,1.0,1.0,0.0,4.0,5.0,78.0,0.0,3.0,1.93,8.0,238.0,173.1,24.0,0.0
1.0,1.0,1.0,0.0,2.0,2.0,77.0,0.0,3.0,0.03,9.0,239.0,174.09,25.0,0.0
0.0,0.0,0.0,0.0,0.0,0.0,0.0,0.0,0.0,0.0,0.0,2880.0,1129.71,0.0,0.0
1.0,1.0,1.0,0.0,1.0,1.0,1749.0,0.0,21.0,0.91,538.0,5248.0,2207.55,229.0,0.0
1.0,1.0,1.0,0.0,1.0,1.0,1743.0,0.0,21.0,1.67,538.0,5249.0,2208.55,230.0,0.0
1.0,8.0,8.0,2.73302,92.0,14.0,104.63,0.0,9.0,94.03,4.5,5250.0,2209.49,51.0,0.0
1.0,2.0,2.0,0.940286,6.0,8.0,49.0,0.0,1.0,0.01,0.5,76.0,29.15,45.0,0.0
1.0,1.0,1.0,0.0,1.0,0.0,150.0,0.0,16.0,1.01,218.0,77.0,30.15,46.0,0.0
1.0,1.0,1.0,0.0,5.0,0.0,735.0,0.0,16.0,3.8,226.0,78.0,31.15,1.0,0.0
1.0,1.0,1.0,0.0,40.0,0.0,0.0,0.0,0.0,0.0,0.0,80.0,33.15,10.0,0.0
1.0,2.0,2.0,0.650022,6.0,0.0,515.5,0.0,17.0,4.84,199.5,2881.0,1129.95,166.0,0.0
2.0,8.0,22.0,3.73781,127.0,119.0,65.09,0.0,9.0,295.28,6.82,241.0,175.73,172.0,0.0
5.0,36.0,65.0,5.84733,883.0,50.0,63.69,0.0,17.0,398.03,10.03,242.0,176.7,201.0,0.0
1.0,9.0,11.0,2.78161,56.0,229.0,74.45,1.0,6.0,647.58,4.36,243.0,177.49,152.0,0.0
1.0,9.0,11.0,2.78161,56.0,229.0,74.45,1.0,6.0,647.58,4.36,244.0,178.48,153.0,0.0
1.0,9.0,11.0,2.7970200000000003,57.0,230.0,74.0,1.0,6.0,678.6,4.0,245.0,179.45,154.0,0.0
0.0,0.0,0.0,0.0,0.0,0.0,0.0,0.0,0.0,0.0,0.0,247.0,181.41,0.0,0.0
5.0,35.0,64.0,5.82205,867.0,50.0,62.98,0.0,17.0,403.65,10.19,248.0,182.4,210.0,0.0
5.0,34.0,62.0,5.81012,867.0,48.0,62.31,0.0,17.0,478.65,10.11,249.0,183.4,215.0,0.0
0.0,0.0,0.0,0.0,0.0,0.0,0.0,0.0,0.0,0.0,0.0,250.0,184.4,0.0,0.0
1.0,2.0,2.0,0.468996,14.0,16.0,66.5,0.0,2.0,12.49,1.5,251.0,185.31,15.0,0.0
1.0,5.0,7.0,2.12075,48.0,50.0,50.0,0.0,6.0,196.49,3.43,5252.0,2204.44,53.0,0.0
1.0,5.0,7.0,2.12075,48.0,50.0,50.0,0.0,6.0,196.49,3.43,5253.0,2205.43,54.0,0.0
1.0,1.0,1.0,0.0,11.0,5.0,144.0,0.0,3.0,9.0,10.0,254.0,187.94,159.0,0.0
1.0,2.0,2.0,0.8453510000000001,154.0,0.0,0.0,0.0,0.0,0.0,0.0,5255.0,2204.65,2682.0,0.0
2.0,3.0,3.0,1.32092,17.0,8.0,863.0,0.0,23.0,3.48,222.33,5256.0,2205.65,310.0,0.0
1.0,8.0,18.0,3.12191,122.0,533.0,71.83,0.0,2.0,3.91,0.11,2882.0,1125.55,1771.0,1.0
1.0,6.0,11.0,3.07694,22.0,23.0,42.64,0.0,2.0,0.12,0.27,2883.0,1126.37,1772.0,0.0
1.0,4.0,5.0,2.06862,129.0,9.0,44.8,0.0,10.0,45.67,6.2,5257.0,2203.45,2712.0,0.0
1.0,1.0,1.0,0.0,0.0,7.0,1009.0,0.0,12.0,3.66,449.0,378.0,294.21,21.0,0.0
1.0,1.0,1.0,0.0,1.0,1.0,1754.0,0.0,21.0,1.05,540.0,379.0,295.21,37.0,0.0
1.0,1.0,1.0,0.0,1.0,1.0,123.0,0.0,3.0,4.34,6.0,380.0,296.21,202.0,0.0
1.0,3.0,3.0,1.52193,7.0,3.0,156.0,0.0,7.0,90.59,21.33,381.0,297.21,203.0,0.0
1.0,4.0,5.0,2.06862,129.0,9.0,44.8,0.0,10.0,44.04,6.2,5259.0,2205.41,2714.0,0.0
1.0,1.0,1.0,0.0,1.0,1.0,397.0,0.0,10.0,104.41,90.0,256.0,189.15,160.0,0.0
1.0,1.0,1.0,0.0,2.0,1.0,340.0,0.0,6.0,5.74,18.0,257.0,190.14,4.0,0.0
0.0,0.0,0.0,0.0,0.0,0.0,0.0,0.0,0.0,0.0,0.0,259.0,192.09,0.0,0.0
1.0,2.0,3.0,1.10373,25.0,8.0,97.0,1.0,6.0,264.47,7.0,790.0,340.42,354.0,0.0
1.0,2.0,3.0,1.10373,25.0,8.0,97.0,1.0,6.0,255.87,7.0,792.0,342.42,356.0,0.0
1.0,1.0,1.0,0.0,2.0,2.0,72.0,1.0,2.0,0.07,4.0,794.0,344.38,358.0,0.0
1.0,1.0,1.0,0.0,2.0,2.0,72.0,1.0,2.0,0.11,4.0,795.0,345.36,359.0,0.0
0.0,0.0,0.0,0.0,0.0,0.0,0.0,0.0,0.0,0.0,0.0,264.0,196.9,0.0,0.0
2.0,2.0,2.0,0.918296,3.0,3.0,167.5,0.0,5.0,322.73,16.0,266.0,198.68,31.0,0.0
1.0,1.0,1.0,0.0,1.0,1.0,1743.0,0.0,21.0,5.56,539.0,797.0,346.97,113.0,0.0
3.0,9.0,9.0,2.82998,45.0,12.0,386.44,0.0,23.0,11.19,89.33,267.0,199.65,262.0,0.0
3.0,3.0,3.0,1.13936,1.0,62.0,690.67,0.0,21.0,10.34,193.33,268.0,200.49,244.0,0.0
1.0,1.0,1.0,0.0,1.0,1.0,127.0,0.0,1.0,0.52,1.0,798.0,347.62,482.0,0.0
1.0,2.0,4.0,1.98997,27.0,11.0,121.0,0.0,3.0,35.92,0.75,799.0,348.6,483.0,0.0
1.0,2.0,4.0,1.98997,27.0,11.0,121.0,0.0,3.0,35.92,0.75,800.0,349.6,484.0,0.0
1.0,1.0,1.0,0.0,28.0,0.0,156.0,0.0,1.0,134.95,3.0,801.0,350.58,360.0,0.0
1.0,1.0,1.0,0.0,0.0,1.0,330.0,0.0,10.0,9.37,189.0,804.0,353.51,362.0,0.0
3.0,3.0,3.0,1.13936,1.0,62.0,687.0,0.0,21.0,5.76,192.33,269.0,201.26,247.0,0.0
3.0,3.0,3.0,1.13936,1.0,62.0,675.67,0.0,18.0,40.37,171.67,270.0,202.25,250.0,0.0
1.0,1.0,1.0,0.0,4.0,4.0,112.0,0.0,1.0,3.4,1.0,805.0,354.4,363.0,0.0
1.0,1.0,1.0,0.0,0.0,1.0,352.0,0.0,12.0,0.34,163.0,806.0,355.31,487.0,0.0
1.0,1.0,2.0,1.0,18.0,8.0,46.0,0.0,1.0,1.46,0.5,13.0,11.66,4.0,0.0
1.0,2.0,2.0,0.8856129999999999,50.0,6.0,1258.5,1.0,14.0,168.94,169.0,5260.0,2197.15,2683.0,0.0
1.0,2.0,2.0,0.8856129999999999,50.0,6.0,1259.0,1.0,14.0,171.5,168.0,5261.0,2198.14,2684.0,0.0
4.0,4.0,4.0,1.7838599999999998,10.0,7.0,681.25,0.0,23.0,6.68,178.5,271.0,202.86,296.0,0.0
1.0,1.0,1.0,0.0,31.0,0.0,64.0,0.0,1.0,330.44,2.0,808.0,356.73,365.0,0.0
1.0,5.0,5.0,1.92835,110.0,18.0,61.0,0.0,9.0,82.7,21.0,276.0,207.33,173.0,0.0
1.0,1.0,1.0,0.0,1.0,1.0,753.0,0.0,17.0,0.22,232.0,277.0,208.32,45.0,0.0
1.0,3.0,3.0,1.08759,163.0,18.0,113.67,1.0,3.0,8.38,2.67,5265.0,2195.92,2688.0,0.0
1.0,3.0,3.0,1.1628,182.0,6.0,103.33,1.0,2.0,118.53,2.33,5266.0,2196.91,2689.0,0.0
1.0,4.0,4.0,1.92193,5.0,0.0,45.75,0.0,8.0,12.67,10.5,278.0,208.88,174.0,0.0
1.0,4.0,4.0,1.92193,5.0,0.0,45.75,0.0,8.0,12.67,10.5,279.0,209.88,175.0,0.0
1.0,4.0,4.0,1.92193,5.0,0.0,44.5,0.0,9.0,24.52,10.0,280.0,210.88,176.0,0.0
1.0,4.0,4.0,1.95915,22.0,2.0,33.5,0.0,7.0,229.98,8.25,281.0,211.87,177.0,0.0
1.0,1.0,1.0,0.0,1.0,15.0,141.0,0.0,2.0,3.93,3.0,93.0,31.09,55.0,0.0
1.0,2.0,4.0,1.59294,75.0,0.0,763.5,0.0,12.0,111.33,35.25,811.0,358.07,368.0,0.0
1.0,2.0,2.0,0.961237,12.0,1.0,156.5,0.0,9.0,57.4,29.5,812.0,359.07,369.0,0.0
1.0,1.0,1.0,0.0,4.0,1.0,118.0,0.0,1.0,1.79,2.0,5268.0,2194.26,2691.0,0.0
1.0,1.0,1.0,0.0,1.0,1.0,665.0,0.0,6.0,0.03,38.0,5269.0,2195.26,2692.0,0.0
1.0,1.0,1.0,0.0,4.0,1.0,118.0,0.0,1.0,118.7,1.0,5270.0,2196.24,2693.0,0.0
1.0,1.0,1.0,0.0,2.0,1.0,229.0,0.0,9.0,0.03,59.0,5271.0,2197.24,2694.0,0.0
1.0,1.0,3.0,1.25163,6.0,6.0,170.67,0.0,6.0,67.33,10.33,5273.0,2199.15,2718.0,0.0
0.0,0.0,0.0,0.0,0.0,0.0,0.0,0.0,0.0,0.0,0.0,5274.0,2199.93,0.0,0.0
1.0,2.0,2.0,0.998846,21.0,4.0,82.0,0.0,2.0,2.98,2.0,5275.0,2200.9,2719.0,0.0
1.0,2.0,2.0,0.974886,86.0,0.0,0.0,0.0,0.0,0.0,0.0,5276.0,2201.74,2720.0,0.0
3.0,13.0,28.0,4.17941,939.0,64.0,254.29,0.0,15.0,87.91,22.07,5277.0,2202.74,5696.0,1.0
1.0,1.0,1.0,0.0,1.0,1.0,1002.0,0.0,12.0,7.3,450.0,282.0,211.94,22.0,0.0
1.0,2.0,2.0,0.650022,1.0,11.0,222.0,0.0,9.0,0.0,38.0,13.0,9.82,7.0,0.0
1.0,1.0,1.0,0.0,5.0,4.0,21.0,0.0,2.0,11.91,2.0,2885.0,1116.42,1774.0,0.0
1.0,1.0,1.0,0.0,1.0,1.0,290.0,0.0,15.0,6.25,264.0,2886.0,1117.4,167.0,0.0
1.0,8.0,9.0,2.99286,22.0,22.0,92.67,0.0,6.0,18.97,4.89,5282.0,2205.02,198.0,0.0
1.0,1.0,1.0,0.0,1.0,4.0,172.0,0.0,4.0,0.0,6.0,5283.0,2206.02,2723.0,0.0
1.0,7.0,8.0,2.8559,21.0,21.0,93.38,0.0,5.0,20.65,5.0,5284.0,2207.01,199.0,0.0
1.0,2.0,2.0,0.543564,96.0,0.0,153.0,0.0,9.0,13.88,34.5,5285.0,2207.87,2697.0,0.0
1.0,2.0,2.0,0.543564,96.0,0.0,153.0,0.0,9.0,13.88,34.5,5286.0,2208.86,2698.0,0.0
1.0,1.0,1.0,0.0,7.0,1.0,84.0,0.0,1.0,0.03,1.0,5287.0,2209.78,2699.0,0.0
1.0,1.0,1.0,0.0,5.0,1.0,1076.0,0.0,12.0,0.97,167.0,5288.0,2210.77,2700.0,0.0
1.0,2.0,2.0,0.8631209999999999,5.0,2.0,38.0,0.0,1.0,6.39,0.5,94.0,32.02,56.0,0.0
1.0,1.0,1.0,0.0,27.0,0.0,813.0,0.0,7.0,3.03,32.0,5289.0,2211.48,2724.0,0.0
1.0,6.0,6.0,1.50035,91.0,3.0,56.5,0.0,5.0,138.23,5.0,5290.0,2212.47,2725.0,0.0
1.0,1.0,1.0,0.0,27.0,0.0,813.0,0.0,7.0,21.87,30.0,5291.0,2213.47,2726.0,0.0
3.0,25.0,34.0,3.6889,23.0,161.0,144.29,0.0,16.0,82.94,5.59,0.0,0.0,0.0,0.0
1.0,1.0,1.0,0.0,7.0,3.0,111.0,0.0,1.0,1.09,2.0,1.0,1.0,1.0,0.0
1.0,1.0,1.0,0.0,1.0,1.0,1002.0,0.0,12.0,0.86,451.0,2.0,2.0,0.0,0.0
1.0,1.0,1.0,0.0,1.0,1.0,1739.0,0.0,21.0,0.58,548.0,5292.0,2213.49,233.0,0.0
1.0,3.0,4.0,1.61485,50.0,25.0,70.5,1.0,2.0,8.96,1.0,5293.0,2213.26,2727.0,0.0
2.0,5.0,8.0,1.7031900000000002,364.0,5.0,55.38,1.0,8.0,25.71,6.38,5294.0,2214.14,5429.0,1.0
1.0,2.0,2.0,0.825627,17.0,10.0,235.0,1.0,2.0,184.11,15.0,5296.0,2216.11,2703.0,0.0
1.0,2.0,3.0,1.48888,121.0,2.0,144.67,1.0,7.0,9.37,18.0,5297.0,2216.66,2704.0,0.0
1.0,2.0,3.0,1.48888,121.0,2.0,144.67,1.0,7.0,9.39,18.0,5299.0,2218.49,2706.0,0.0
3.0,4.0,5.0,1.73174,150.0,1.0,108.2,1.0,8.0,70.37,12.4,5300.0,2219.49,5718.0,0.0
1.0,1.0,1.0,0.0,1.0,0.0,1739.0,0.0,21.0,0.7,549.0,2887.0,1116.52,163.0,0.0
1.0,1.0,1.0,0.0,5.0,5.0,64.0,0.0,6.0,48.15,9.0,5301.0,2219.99,2708.0,0.0
1.0,1.0,1.0,0.0,5.0,5.0,64.0,0.0,6.0,48.15,9.0,5302.0,2220.97,2709.0,0.0
2.0,3.0,5.0,2.06664,9.0,31.0,742.0,1.0,16.0,119.52,71.2,5303.0,2221.81,5441.0,0.0
2.0,3.0,5.0,2.06664,9.0,31.0,742.0,1.0,16.0,132.27,70.6,5304.0,2222.8,5443.0,0.0
1.0,1.0,1.0,0.0,2.0,2.0,1743.0,0.0,21.0,6.86,541.0,15.0,13.47,5.0,0.0
3.0,17.0,24.0,3.7271,29.0,68.0,157.5,0.0,9.0,220.07,4.04,3.0,2.99,4.0,1.0
1.0,4.0,8.0,2.24106,125.0,3.0,146.5,1.0,11.0,168.46,13.63,462.0,144.71,231.0,0.0
1.0,4.0,8.0,2.24106,125.0,3.0,146.5,1.0,11.0,212.75,13.38,463.0,145.7,232.0,0.0
1.0,4.0,8.0,2.24106,125.0,3.0,146.5,1.0,11.0,212.64,13.38,464.0,146.7,233.0,0.0
1.0,1.0,1.0,0.0,1.0,1.0,424.0,0.0,1.0,15.35,4.0,465.0,147.7,137.0,0.0
1.0,2.0,2.0,1.0,2.0,4.0,856.0,0.0,8.0,6.07,18.0,4.0,3.98,0.0,0.0
1.0,1.0,1.0,0.0,19.0,23.0,388.0,0.0,3.0,2.1,3.0,5.0,4.98,3.0,0.0
0.0,0.0,0.0,0.0,0.0,0.0,0.0,0.0,0.0,0.0,0.0,6.0,5.98,0.0,0.0
1.0,1.0,1.0,0.0,4.0,10.0,360.0,0.0,5.0,107.17,10.0,7.0,6.98,4.0,0.0
0.0,0.0,0.0,0.0,0.0,0.0,0.0,0.0,0.0,0.0,0.0,813.0,358.05,0.0,0.0
0.0,0.0,0.0,0.0,0.0,0.0,0.0,0.0,0.0,0.0,0.0,814.0,359.05,0.0,0.0
1.0,1.0,1.0,0.0,1.0,2.0,54.0,0.0,5.0,107.97,12.0,8.0,7.98,5.0,0.0
4.0,59.0,91.0,6.13994,11.0,139.0,170.27,0.0,21.0,208.76,10.1,815.0,360.04,1134.0,0.0
0.0,0.0,0.0,0.0,0.0,0.0,0.0,0.0,0.0,0.0,0.0,10.0,9.98,0.0,0.0
1.0,1.0,2.0,0.749595,14.0,14.0,451.0,0.0,4.0,168.57,4.0,816.0,361.03,371.0,0.0
0.0,0.0,0.0,0.0,0.0,0.0,0.0,0.0,0.0,0.0,0.0,819.0,364.02,0.0,0.0
1.0,1.0,1.0,0.0,0.0,7.0,1009.0,0.0,12.0,13.17,450.0,820.0,365.02,159.0,0.0
1.0,1.0,1.0,0.0,1.0,1.0,1743.0,0.0,21.0,1.2,542.0,821.0,366.02,114.0,0.0
1.0,2.0,4.0,1.7186,104.0,12.0,55.0,0.0,2.0,29.41,0.75,824.0,369.01,492.0,0.0
1.0,1.0,1.0,0.0,28.0,0.0,156.0,0.0,1.0,143.22,3.0,825.0,370.01,372.0,0.0
0.0,0.0,0.0,0.0,0.0,0.0,0.0,0.0,0.0,0.0,0.0,828.0,373.01,0.0,0.0
0.0,0.0,0.0,0.0,0.0,0.0,0.0,0.0,0.0,0.0,0.0,829.0,374.01,0.0,0.0
0.0,0.0,0.0,0.0,0.0,0.0,0.0,0.0,0.0,0.0,0.0,830.0,375.01,0.0,0.0
0.0,0.0,0.0,0.0,0.0,0.0,0.0,0.0,0.0,0.0,0.0,831.0,376.01,0.0,0.0
1.0,1.0,1.0,0.0,1.0,1.0,665.0,0.0,6.0,3.72,37.0,832.0,377.0,374.0,0.0
1.0,1.0,3.0,1.25163,6.0,6.0,170.67,0.0,6.0,67.56,10.33,833.0,378.0,494.0,0.0
0.0,0.0,0.0,0.0,0.0,0.0,0.0,0.0,0.0,0.0,0.0,837.0,381.91,0.0,0.0
1.0,1.0,1.0,0.0,1.0,4.0,172.0,0.0,5.0,0.0,6.0,839.0,383.91,496.0,0.0
1.0,1.0,1.0,0.0,5.0,1.0,1068.0,0.0,12.0,20.53,166.0,840.0,384.9,375.0,0.0
1.0,1.0,1.0,0.0,1.0,1.0,1002.0,0.0,12.0,0.16,452.0,841.0,385.9,161.0,0.0
0.0,0.0,0.0,0.0,0.0,0.0,0.0,0.0,0.0,0.0,0.0,842.0,386.9,0.0,0.0
0.0,0.0,0.0,0.0,0.0,0.0,0.0,0.0,0.0,0.0,0.0,843.0,387.9,0.0,0.0
1.0,2.0,2.0,0.979869,5.0,7.0,856.0,0.0,8.0,16.42,16.5,844.0,388.9,144.0,0.0
0.0,0.0,0.0,0.0,0.0,0.0,0.0,0.0,0.0,0.0,0.0,845.0,389.89,0.0,0.0
1.0,1.0,1.0,0.0,19.0,23.0,391.0,0.0,2.0,76.5,2.0,846.0,390.89,497.0,0.0
1.0,1.0,1.0,0.0,1.0,2.0,54.0,0.0,5.0,108.23,12.0,849.0,393.89,499.0,0.0
0.0,0.0,0.0,0.0,0.0,0.0,0.0,0.0,0.0,0.0,0.0,850.0,394.89,0.0,0.0
0.0,0.0,0.0,0.0,0.0,0.0,0.0,0.0,0.0,0.0,0.0,851.0,395.89,0.0,0.0
1.0,1.0,5.0,2.15564,11.0,5.0,94.0,0.0,3.0,9.44,0.6,11.0,10.93,6.0,0.0
0.0,0.0,0.0,0.0,0.0,0.0,0.0,0.0,0.0,0.0,0.0,854.0,397.74,0.0,0.0
1.0,2.0,3.0,0.896819,108.0,1.0,354.67,0.0,12.0,22.08,32.67,284.0,211.63,179.0,0.0
1.0,2.0,3.0,0.896819,108.0,1.0,354.67,0.0,12.0,29.53,32.0,285.0,212.63,180.0,0.0
1.0,2.0,3.0,0.896819,108.0,1.0,363.67,0.0,11.0,87.56,30.33,286.0,213.63,181.0,0.0
1.0,2.0,2.0,0.956889,22.0,15.0,357.5,0.0,11.0,0.03,33.0,287.0,214.61,182.0,0.0
1.0,2.0,2.0,0.956889,22.0,15.0,357.5,0.0,11.0,0.03,32.0,288.0,215.61,183.0,0.0
1.0,2.0,2.0,0.956889,22.0,15.0,357.5,0.0,10.0,0.03,31.0,289.0,216.61,184.0,0.0
1.0,1.0,1.0,0.0,0.0,8.0,1012.0,0.0,13.0,15.35,435.0,856.0,399.59,162.0,0.0
2.0,2.0,2.0,0.918296,1.0,2.0,1015.5,0.0,18.0,38.49,296.0,857.0,400.59,493.0,0.0
1.0,1.0,1.0,0.0,1.0,1.0,1004.0,0.0,13.0,0.0,436.0,858.0,401.59,163.0,0.0
0.0,0.0,0.0,0.0,0.0,0.0,0.0,0.0,0.0,0.0,0.0,859.0,402.59,0.0,0.0
0.0,0.0,0.0,0.0,0.0,0.0,0.0,0.0,0.0,0.0,0.0,860.0,403.59,0.0,0.0
1.0,1.0,1.0,0.0,2.0,2.0,79.0,0.0,1.0,339.79,2.0,5306.0,2212.83,2713.0,0.0
2.0,2.0,2.0,0.977418,4.0,13.0,50.0,0.0,2.0,436.95,3.0,5307.0,2213.81,5448.0,0.0
1.0,4.0,4.0,1.1534,72.0,47.0,91.0,0.0,4.0,5.03,1.5,5308.0,2214.68,2735.0,1.0
2.0,2.0,2.0,0.371232,9.0,5.0,939.5,0.0,21.0,5.08,278.0,5310.0,2216.64,2971.0,0.0
1.0,1.0,1.0,0.0,1.0,0.0,44.0,0.0,1.0,4.25,1.0,12.0,11.89,2.0,0.0
1.0,1.0,1.0,0.0,1.0,1.0,79.0,0.0,1.0,0.1,3.0,13.0,12.89,3.0,0.0
1.0,1.0,1.0,0.0,1.0,1.0,79.0,0.0,2.0,0.0,4.0,14.0,13.89,4.0,0.0
2.0,6.0,7.0,2.4357900000000003,37.0,18.0,78.57,0.0,5.0,82.4,1.29,5312.0,2218.38,2795.0,0.0
1.0,1.0,1.0,0.0,14.0,2.0,168.0,0.0,8.0,26.81,107.0,861.0,404.12,500.0,0.0
1.0,1.0,1.0,0.0,14.0,2.0,168.0,0.0,8.0,19.14,108.0,862.0,405.11,501.0,0.0
1.0,1.0,1.0,0.0,11.0,0.0,152.0,0.0,9.0,67.46,96.0,863.0,406.11,502.0,0.0
1.0,1.0,1.0,0.0,16.0,0.0,71.0,0.0,4.0,26.83,85.0,864.0,407.1,503.0,0.0
1.0,1.0,1.0,0.0,16.0,0.0,82.0,0.0,6.0,67.48,72.0,866.0,409.1,505.0,0.0
1.0,1.0,1.0,0.0,16.0,0.0,79.0,0.0,6.0,26.84,87.0,867.0,410.09,506.0,0.0
1.0,1.0,1.0,0.0,16.0,0.0,79.0,0.0,7.0,19.17,88.0,868.0,411.09,507.0,0.0
2.0,10.0,11.0,3.19662,24.0,26.0,364.09,0.0,16.0,129.76,18.91,15.0,14.89,12.0,1.0
3.0,18.0,22.0,4.25971,92.0,52.0,201.91,0.0,17.0,278.54,7.82,16.0,15.88,11.0,0.0
1.0,1.0,1.0,0.0,1.0,1.0,142.0,0.0,4.0,340.06,14.0,17.0,16.88,9.0,0.0
1.0,1.0,1.0,0.0,16.0,0.0,82.0,0.0,8.0,43.05,76.0,869.0,412.02,508.0,0.0
1.0,1.0,1.0,0.0,1.0,1.0,1691.0,0.0,18.0,0.83,481.0,870.0,413.02,117.0,0.0
1.0,1.0,1.0,0.0,16.0,1.0,73.0,0.0,4.0,19.28,41.0,872.0,415.02,510.0,0.0
1.0,1.0,1.0,0.0,16.0,1.0,73.0,0.0,6.0,48.61,31.0,873.0,416.01,511.0,0.0
1.0,1.0,1.0,0.0,16.0,0.0,77.0,0.0,7.0,23.22,89.0,874.0,417.0,512.0,0.0
1.0,1.0,1.0,0.0,76.0,75.0,96.0,0.0,5.0,23.42,89.0,877.0,419.98,515.0,0.0
1.0,1.0,1.0,0.0,6.0,0.0,97.0,0.0,5.0,0.0,90.0,878.0,420.98,516.0,0.0
1.0,1.0,1.0,0.0,83.0,75.0,96.0,0.0,6.0,19.34,90.0,879.0,421.97,517.0,0.0
1.0,1.0,1.0,0.0,99.0,91.0,112.0,0.0,7.0,55.06,78.0,880.0,422.94,518.0,0.0
1.0,1.0,2.0,0.99901,18.0,9.0,71.0,0.0,2.0,170.7,3.0,5314.0,2218.19,2715.0,0.0
1.0,1.0,1.0,0.0,1.0,1.0,48.0,0.0,1.0,269.95,1.0,5315.0,2218.91,2741.0,0.0
1.0,1.0,1.0,0.0,1.0,1.0,152.0,0.0,17.0,12.46,220.0,5316.0,2219.85,2742.0,0.0
2.0,4.0,6.0,2.28104,16.0,11.0,334.33,0.0,8.0,0.03,9.67,5318.0,2221.7,5461.0,0.0
1.0,1.0,1.0,0.0,5.0,0.0,142.0,0.0,3.0,1.0,6.0,5319.0,2222.55,2745.0,0.0
2.0,2.0,2.0,0.970951,5.0,5.0,1371.5,0.0,23.0,3.64,456.0,19.0,18.84,1.0,0.0
1.0,1.0,3.0,1.43537,8.0,14.0,77.33,0.0,5.0,694.29,4.0,881.0,423.17,519.0,0.0
0.0,0.0,0.0,0.0,0.0,0.0,0.0,0.0,0.0,0.0,0.0,882.0,424.14,0.0,0.0
0.0,0.0,0.0,0.0,0.0,0.0,0.0,0.0,0.0,0.0,0.0,884.0,426.14,0.0,0.0
0.0,0.0,0.0,0.0,0.0,0.0,0.0,0.0,0.0,0.0,0.0,885.0,427.14,0.0,0.0
3.0,3.0,3.0,1.55666,4.0,3.0,274.67,0.0,10.0,33.51,14.67,886.0,428.11,1043.0,0.0
1.0,1.0,1.0,0.0,18.0,10.0,106.0,0.0,3.0,0.4,5.0,5322.0,2223.59,57.0,0.0
1.0,1.0,1.0,0.0,60.0,0.0,0.0,0.0,0.0,0.0,0.0,5323.0,2224.58,2748.0,0.0
0.0,0.0,0.0,0.0,0.0,0.0,0.0,0.0,0.0,0.0,0.0,888.0,430.06,0.0,0.0
1.0,1.0,1.0,0.0,1.0,1.0,80.0,0.0,1.0,33.62,5.0,5324.0,2225.45,2749.0,0.0
1.0,6.0,6.0,2.58496,6.0,6.0,117.67,0.0,9.0,0.53,5.83,5327.0,2228.19,58.0,0.0
1.0,20.0,22.0,3.84808,116.0,29.0,75.91,0.0,11.0,169.01,2.45,5328.0,2229.04,59.0,0.0
1.0,4.0,4.0,1.83226,14.0,1.0,101.0,0.0,8.0,0.44,4.5,5329.0,2230.0,60.0,0.0
1.0,1.0,1.0,0.0,1.0,31.0,147.0,0.0,3.0,0.84,7.0,5330.0,2230.94,2752.0,0.0
1.0,1.0,1.0,0.0,1.0,1.0,1747.0,0.0,22.0,0.14,554.0,5331.0,2231.87,236.0,0.0
1.0,1.0,1.0,0.0,5.0,0.0,116.0,0.0,3.0,0.04,8.0,5332.0,2232.87,61.0,0.0
1.0,3.0,3.0,1.34202,14.0,8.0,97.67,0.0,7.0,0.08,8.0,5333.0,2233.67,62.0,0.0
3.0,19.0,26.0,4.55944,32.0,52.0,324.73,0.0,14.0,85.33,12.73,21.0,20.77,21.0,0.0
1.0,1.0,1.0,0.0,1.0,1.0,63.0,0.0,1.0,1.34,1.0,22.0,21.77,12.0,0.0
3.0,3.0,3.0,1.37095,5.0,5.0,855.33,0.0,24.0,13.9,238.0,5334.0,2232.05,3102.0,0.0
1.0,2.0,2.0,0.483031,36.0,31.0,168.5,1.0,6.0,160.92,16.0,23.0,22.71,13.0,0.0
1.0,1.0,1.0,0.0,7.0,2.0,189.0,0.0,5.0,16.42,37.0,891.0,431.72,524.0,0.0
1.0,1.0,1.0,0.0,5.0,0.0,130.0,0.0,6.0,20.1,78.0,892.0,432.71,525.0,0.0
1.0,1.0,1.0,0.0,5.0,0.0,81.0,0.0,4.0,30.1,76.0,893.0,433.69,526.0,0.0
1.0,1.0,1.0,0.0,76.0,0.0,0.0,0.0,0.0,0.0,0.0,24.0,23.69,14.0,0.0
1.0,1.0,1.0,0.0,1.0,1.0,75.0,0.0,1.0,1.97,3.0,5337.0,2231.87,63.0,0.0
1.0,1.0,1.0,0.0,26.0,12.0,374.0,0.0,8.0,104.77,57.0,5338.0,2232.58,2719.0,0.0
1.0,1.0,1.0,0.0,1.0,1.0,76.0,0.0,1.0,0.17,1.0,25.0,24.67,15.0,0.0
2.0,3.0,4.0,1.77983,53.0,4.0,76.0,1.0,9.0,230.92,11.75,5339.0,2233.4,5475.0,0.0
2.0,3.0,4.0,1.77983,53.0,4.0,76.0,1.0,9.0,230.92,11.75,5341.0,2235.38,5478.0,0.0
2.0,3.0,4.0,1.77983,53.0,4.0,76.25,1.0,7.0,303.72,10.5,5342.0,2236.36,5480.0,0.0
1.0,1.0,1.0,0.0,20.0,37.0,318.0,1.0,2.0,149.96,4.0,5343.0,2237.31,2724.0,0.0
3.0,3.0,3.0,0.7764220000000001,58.0,0.0,470.67,0.0,20.0,1.78,153.67,5345.0,2236.36,478.0,0.0
1.0,1.0,1.0,0.0,29.0,11.0,79.0,0.0,1.0,1.29,3.0,29.0,28.57,19.0,0.0
1.0,1.0,1.0,0.0,29.0,11.0,79.0,0.0,1.0,1.0,1.0,30.0,29.57,20.0,0.0
1.0,1.0,1.0,0.0,3.0,3.0,97.0,0.0,1.0,0.6,4.0,32.0,31.52,22.0,0.0
1.0,1.0,1.0,0.0,3.0,3.0,97.0,0.0,1.0,0.59,2.0,33.0,32.52,23.0,0.0
1.0,1.0,1.0,0.0,3.0,3.0,97.0,0.0,1.0,0.6,2.0,34.0,33.52,24.0,0.0
1.0,1.0,1.0,0.0,1.0,1.0,117.0,0.0,4.0,0.96,10.0,5346.0,2234.42,2726.0,0.0
1.0,1.0,1.0,0.0,0.0,1.0,192.0,0.0,9.0,2.18,35.0,36.0,35.5,8.0,0.0
1.0,1.0,1.0,0.0,4.0,7.0,113.0,0.0,3.0,54.42,5.0,37.0,36.49,9.0,0.0
1.0,1.0,3.0,1.58496,3.0,3.0,121.33,0.0,1.0,257.76,4.33,38.0,37.49,10.0,0.0
1.0,1.0,1.0,0.0,2.0,2.0,984.0,0.0,7.0,0.07,74.0,5349.0,2234.39,2729.0,0.0
2.0,6.0,6.0,1.96109,241.0,13.0,90.33,1.0,9.0,31.58,11.83,5351.0,2235.88,5491.0,0.0
1.0,1.0,1.0,0.0,6.0,0.0,443.0,0.0,11.0,33.61,200.0,5353.0,2237.85,2763.0,0.0
0.0,0.0,0.0,0.0,0.0,0.0,0.0,0.0,0.0,0.0,0.0,5354.0,2238.83,0.0,0.0
1.0,1.0,1.0,0.0,0.0,4.0,137.0,0.0,6.0,0.22,18.0,39.0,38.37,25.0,0.0
1.0,1.0,1.0,0.0,0.0,4.0,137.0,0.0,6.0,0.22,18.0,40.0,39.37,26.0,0.0
1.0,11.0,13.0,3.11396,91.0,72.0,25.23,0.0,10.0,267.31,3.77,5359.0,2241.87,64.0,0.0
1.0,1.0,1.0,0.0,0.0,10.0,406.0,0.0,8.0,0.0,53.0,5361.0,2243.52,2767.0,0.0
1.0,2.0,2.0,0.485461,18.0,1.0,154.5,0.0,3.0,226.01,4.0,5364.0,2246.19,2736.0,0.0
1.0,2.0,2.0,0.485461,18.0,1.0,154.5,0.0,3.0,226.01,4.0,5365.0,2247.18,2737.0,0.0
2.0,10.0,12.0,3.0854,260.0,35.0,322.42,0.0,15.0,65.13,35.08,5366.0,2247.9,5508.0,1.0
1.0,2.0,2.0,0.918296,3.0,3.0,67.5,0.0,1.0,0.01,0.5,5367.0,2248.89,2771.0,0.0
2.0,10.0,12.0,3.0854,260.0,35.0,321.33,0.0,15.0,86.31,34.83,5368.0,2249.88,5511.0,1.0
1.0,2.0,2.0,0.918296,3.0,3.0,67.5,0.0,1.0,0.0,0.5,5369.0,2250.88,2773.0,0.0
1.0,1.0,1.0,0.0,5.0,4.0,254.0,0.0,5.0,0.02,28.0,5370.0,2251.84,2774.0,0.0
1.0,1.0,1.0,0.0,5.0,4.0,254.0,0.0,5.0,0.02,28.0,5371.0,2252.83,2775.0,0.0
1.0,2.0,2.0,0.468996,11.0,9.0,75.0,0.0,9.0,10.09,53.0,894.0,431.12,527.0,0.0
1.0,1.0,1.0,0.0,10.0,4.0,84.0,1.0,4.0,229.54,12.0,2888.0,1099.06,1775.0,0.0
1.0,1.0,1.0,0.0,10.0,4.0,84.0,1.0,4.0,229.57,12.0,2889.0,1100.02,1776.0,0.0
1.0,1.0,1.0,0.0,25.0,0.0,70.0,0.0,1.0,0.79,2.0,5372.0,2251.4,2776.0,0.0
1.0,1.0,1.0,0.0,25.0,0.0,70.0,0.0,1.0,0.79,2.0,5373.0,2252.39,2777.0,0.0
1.0,1.0,1.0,0.0,1.0,1.0,1759.0,0.0,22.0,1.16,559.0,5374.0,2253.3,241.0,0.0
1.0,1.0,1.0,0.0,10.0,4.0,84.0,1.0,4.0,229.71,12.0,2890.0,1100.81,1777.0,0.0
1.0,2.0,9.0,2.58578,33.0,25.0,385.78,0.0,12.0,49.91,26.67,5378.0,2256.94,2780.0,0.0
1.0,1.0,1.0,0.0,1.0,1.0,65.0,0.0,1.0,0.03,3.0,5379.0,2257.93,2781.0,0.0
0.0,0.0,0.0,0.0,0.0,0.0,0.0,0.0,0.0,0.0,0.0,2891.0,1101.65,0.0,0.0
0.0,0.0,0.0,0.0,0.0,0.0,0.0,0.0,0.0,0.0,0.0,2892.0,1102.65,0.0,0.0
1.0,2.0,9.0,2.58578,33.0,25.0,385.78,0.0,12.0,60.03,26.56,5380.0,2258.75,2782.0,0.0
1.0,1.0,1.0,0.0,1.0,1.0,65.0,0.0,1.0,0.09,3.0,5381.0,2259.74,2783.0,0.0
1.0,1.0,1.0,0.0,16.0,0.0,95.0,0.0,1.0,3.17,1.0,895.0,431.55,140.0,0.0
1.0,1.0,1.0,0.0,1.0,1.0,1759.0,0.0,22.0,0.84,560.0,5382.0,2258.63,243.0,0.0
2.0,5.0,5.0,1.83712,59.0,2.0,110.8,0.0,4.0,3.42,7.4,5385.0,2261.16,5526.0,0.0
1.0,1.0,1.0,0.0,0.0,1.0,329.0,0.0,10.0,20.62,190.0,41.0,32.75,1.0,0.0
2.0,5.0,5.0,1.835,58.0,2.0,101.8,0.0,4.0,19.18,7.2,5387.0,2262.97,5530.0,0.0
3.0,8.0,9.0,2.79325,53.0,53.0,255.67,0.0,15.0,0.37,32.89,5388.0,2263.96,5821.0,0.0
1.0,1.0,1.0,0.0,13.0,0.0,870.0,0.0,8.0,36.46,158.0,5389.0,2264.85,2788.0,0.0
1.0,3.0,3.0,1.14012,25.0,1.0,1024.33,0.0,13.0,55.68,47.0,5390.0,2265.41,2746.0,0.0
1.0,1.0,1.0,0.0,0.0,1.0,329.0,0.0,11.0,12.76,191.0,42.0,33.73,2.0,0.0
1.0,1.0,1.0,0.0,0.0,1.0,339.0,0.0,11.0,8.42,176.0,43.0,34.73,3.0,0.0
1.0,2.0,2.0,0.94566,10.0,1.0,233.0,1.0,7.0,20.29,20.5,897.0,432.3,382.0,0.0
1.0,2.0,4.0,1.87629,207.0,58.0,59.25,1.0,5.0,67.38,5.0,2893.0,1100.99,1778.0,0.0
1.0,3.0,3.0,0.530723,65.0,22.0,132.0,0.0,7.0,1.07,16.33,5391.0,2263.69,2789.0,0.0
1.0,3.0,3.0,0.413999,64.0,21.0,132.0,0.0,7.0,1.03,16.33,5392.0,2264.68,2790.0,0.0
1.0,1.0,1.0,0.0,1.0,1.0,44.0,0.0,3.0,0.0,18.0,5393.0,2265.68,2791.0,0.0
1.0,4.0,4.0,1.71478,148.0,14.0,65.0,0.0,1.0,14.01,0.25,82.0,33.83,48.0,0.0
1.0,2.0,3.0,0.876129,90.0,11.0,58.33,0.0,1.0,0.02,0.67,83.0,34.83,49.0,0.0
1.0,1.0,1.0,0.0,0.0,6.0,1759.0,0.0,22.0,1.33,561.0,44.0,35.66,17.0,0.0
1.0,1.0,1.0,0.0,0.0,6.0,1743.0,0.0,21.0,2.17,545.0,45.0,36.66,18.0,0.0
1.0,2.0,2.0,0.94566,10.0,1.0,233.5,1.0,7.0,35.29,20.0,898.0,433.08,383.0,0.0
1.0,2.0,2.0,0.94566,10.0,1.0,224.5,1.0,7.0,35.27,18.0,899.0,434.08,384.0,0.0
1.0,1.0,1.0,0.0,1.0,1.0,1691.0,0.0,18.0,9.45,484.0,46.0,37.64,19.0,0.0
4.0,20.0,50.0,5.36361,2746.0,0.0,70.4,0.0,26.0,8.8,18.02,16.0,13.94,13.0,1.0
1.0,1.0,1.0,0.0,18.0,0.0,91.0,0.0,1.0,0.01,1.0,17.0,14.94,6.0,0.0
2.0,3.0,3.0,1.5,1.0,3.0,107.33,0.0,4.0,2.79,3.33,41.0,39.94,38.0,0.0
1.0,2.0,2.0,0.8112779999999999,2.0,6.0,704.0,0.0,12.0,12.42,91.5,42.0,40.94,12.0,0.0
1.0,1.0,1.0,0.0,76.0,0.0,0.0,0.0,0.0,0.0,0.0,901.0,435.8,141.0,0.0
1.0,1.0,1.0,0.0,11.0,11.0,76.0,0.0,1.0,0.02,1.0,902.0,436.79,142.0,0.0
1.0,1.0,1.0,0.0,1.0,1.0,1774.0,0.0,22.0,0.86,563.0,18.0,15.91,7.0,0.0
1.0,1.0,1.0,0.0,29.0,9.0,88.0,0.0,1.0,0.86,1.0,19.0,16.91,7.0,0.0
2.0,2.0,2.0,0.721928,3.0,7.0,930.5,0.0,22.0,11.47,283.0,47.0,38.5,28.0,0.0
2.0,2.0,2.0,0.721928,3.0,7.0,914.0,0.0,21.0,52.83,273.0,48.0,39.5,30.0,0.0
1.0,1.0,1.0,0.0,1.0,1.0,1780.0,0.0,22.0,0.02,566.0,20.0,17.88,8.0,0.0
1.0,5.0,8.0,2.17856,317.0,51.0,41.88,0.0,2.0,2.37,0.25,5397.0,2262.99,2795.0,0.0
1.0,6.0,27.0,4.16656,47.0,93.0,67.26,0.0,1.0,1.64,0.07,45.0,43.75,30.0,0.0
2.0,3.0,3.0,1.58496,4.0,8.0,777.0,0.0,23.0,7.03,222.33,46.0,44.74,32.0,0.0
1.0,1.0,1.0,0.0,1.0,1.0,1737.0,0.0,21.0,0.39,547.0,50.0,41.46,23.0,0.0
1.0,1.0,1.0,0.0,1.0,1.0,1790.0,0.0,22.0,0.09,570.0,51.0,42.45,24.0,0.0
1.0,1.0,1.0,0.0,1.0,1.0,1737.0,0.0,21.0,0.09,548.0,52.0,43.45,25.0,0.0
1.0,1.0,1.0,0.0,1.0,1.0,11.0,0.0,1.0,282.81,1.0,47.0,45.72,5.0,0.0
1.0,4.0,4.0,1.54879,6.0,2.0,61.25,0.0,2.0,131.88,1.25,48.0,46.71,6.0,0.0
2.0,2.0,2.0,0.788249,85.0,4.0,469.5,1.0,8.0,29.36,26.0,2896.0,1099.62,2420.0,0.0
1.0,4.0,5.0,1.51347,100.0,177.0,65.6,0.0,4.0,164.78,12.6,137.0,90.92,1.0,0.0
1.0,1.0,1.0,0.0,0.0,49.0,49.0,0.0,2.0,0.93,3.0,85.0,36.67,51.0,0.0
1.0,1.0,2.0,0.991443,193.0,0.0,0.0,0.0,0.0,0.0,0.0,5400.0,2262.83,2749.0,0.0
2.0,2.0,2.0,0.788249,85.0,4.0,469.5,1.0,8.0,29.43,26.0,2897.0,1100.39,2422.0,0.0
1.0,4.0,6.0,2.3563,108.0,199.0,58.0,0.0,5.0,412.52,8.67,138.0,91.89,2.0,0.0
1.0,1.0,1.0,0.0,1.0,0.0,83.0,0.0,1.0,1.2,2.0,49.0,47.62,32.0,0.0
1.0,3.0,6.0,2.47056,124.0,83.0,108.5,0.0,2.0,0.23,0.67,903.0,435.76,529.0,0.0
1.0,1.0,1.0,0.0,7.0,2.0,2451.0,0.0,14.0,7.33,343.0,50.0,48.62,13.0,0.0
1.0,1.0,1.0,0.0,1.0,0.0,52.0,0.0,1.0,32.55,2.0,906.0,438.65,532.0,0.0
2.0,2.0,2.0,0.918296,74.0,1.0,141.0,0.0,1.0,1.4,1.5,51.0,49.59,47.0,0.0
2.0,2.0,2.0,0.8739809999999999,8.0,9.0,1266.0,1.0,15.0,1.58,173.0,907.0,439.59,528.0,0.0
1.0,1.0,1.0,0.0,76.0,0.0,0.0,0.0,0.0,0.0,0.0,908.0,440.54,144.0,0.0
1.0,1.0,1.0,0.0,11.0,11.0,76.0,0.0,1.0,0.0,1.0,909.0,441.54,145.0,0.0
1.0,1.0,1.0,0.0,7.0,1.0,87.0,0.0,2.0,1.75,2.0,911.0,443.44,533.0,0.0
1.0,4.0,20.0,4.0076800000000015,14.0,826.0,53.6,0.0,5.0,0.69,2.05,16.0,12.73,12.0,0.0
1.0,3.0,3.0,1.55666,4.0,3.0,200.67,1.0,6.0,77.81,12.33,2899.0,1100.87,1784.0,0.0
1.0,3.0,3.0,1.55666,4.0,3.0,200.67,1.0,7.0,122.91,12.0,2901.0,1102.83,1786.0,0.0
1.0,1.0,1.0,0.0,1.0,4.0,89.0,1.0,1.0,5.24,4.0,53.0,51.49,16.0,0.0
1.0,1.0,1.0,0.0,4.0,1.0,86.0,0.0,2.0,0.0,5.0,54.0,52.49,17.0,0.0
1.0,1.0,1.0,0.0,1.0,4.0,89.0,1.0,2.0,0.0,6.0,55.0,53.48,18.0,0.0
1.0,2.0,2.0,0.94566,11.0,0.0,653.0,0.0,10.0,75.42,37.5,2902.0,1103.21,642.0,0.0
0.0,0.0,0.0,0.0,0.0,0.0,0.0,0.0,0.0,0.0,0.0,2903.0,1104.0,0.0,0.0
1.0,2.0,2.0,0.94566,11.0,0.0,651.0,0.0,10.0,91.21,36.5,2904.0,1104.97,643.0,0.0
1.0,1.0,1.0,0.0,7.0,2.0,2380.0,0.0,12.0,34.51,321.0,56.0,54.39,19.0,0.0
1.0,1.0,1.0,0.0,7.0,2.0,2441.0,0.0,14.0,1.32,338.0,57.0,55.39,20.0,0.0
1.0,2.0,2.0,0.543564,8.0,0.0,733.5,0.0,9.0,184.64,31.0,2905.0,1105.83,644.0,0.0
1.0,4.0,7.0,2.5615,51.0,19.0,168.43,1.0,4.0,509.79,1.43,913.0,443.87,535.0,0.0
1.0,1.0,3.0,1.58496,51.0,0.0,87.33,0.0,1.0,5.47,0.33,2906.0,1105.37,1787.0,0.0
0.0,0.0,0.0,0.0,0.0,0.0,0.0,0.0,0.0,0.0,0.0,914.0,444.26,0.0,0.0
0.0,0.0,0.0,0.0,0.0,0.0,0.0,0.0,0.0,0.0,0.0,915.0,445.26,0.0,0.0
1.0,1.0,1.0,0.0,5.0,0.0,100.0,0.0,1.0,34.62,2.0,916.0,446.2,148.0,0.0
1.0,1.0,1.0,0.0,2.0,2.0,61.0,0.0,3.0,73.39,6.0,917.0,447.2,536.0,0.0
1.0,1.0,1.0,0.0,0.0,1.0,192.0,0.0,9.0,13.58,35.0,920.0,450.12,389.0,0.0
0.0,0.0,0.0,0.0,0.0,0.0,0.0,0.0,0.0,0.0,0.0,921.0,451.1,0.0,0.0
0.0,0.0,0.0,0.0,0.0,0.0,0.0,0.0,0.0,0.0,0.0,922.0,452.1,0.0,0.0
1.0,1.0,1.0,0.0,2.0,2.0,950.0,0.0,7.0,90.79,73.0,923.0,453.1,390.0,0.0
1.0,1.0,1.0,0.0,6.0,0.0,443.0,0.0,11.0,36.5,201.0,924.0,454.09,537.0,0.0
1.0,1.0,1.0,0.0,2.0,0.0,46.0,0.0,2.0,69.45,2.0,925.0,455.09,538.0,0.0
1.0,1.0,1.0,0.0,16.0,0.0,95.0,0.0,1.0,0.1,1.0,926.0,456.09,148.0,0.0
2.0,3.0,3.0,1.5,1.0,3.0,107.33,0.0,4.0,8.99,3.0,929.0,459.06,931.0,0.0
1.0,2.0,2.0,0.8112779999999999,2.0,6.0,670.5,0.0,12.0,43.0,90.5,930.0,460.05,393.0,0.0
1.0,1.0,1.0,0.0,1.0,1.0,11.0,0.0,1.0,287.13,1.0,933.0,463.04,149.0,0.0
1.0,4.0,4.0,1.54879,6.0,2.0,61.25,0.0,2.0,136.2,1.25,934.0,464.04,150.0,0.0
1.0,4.0,4.0,1.99435,0.0,32.0,120.5,0.0,5.0,518.54,8.5,935.0,465.02,542.0,0.0
0.0,0.0,0.0,0.0,0.0,0.0,0.0,0.0,0.0,0.0,0.0,937.0,467.02,0.0,0.0
1.0,4.0,7.0,2.5615,51.0,19.0,168.57,1.0,3.0,546.7,1.29,938.0,468.02,544.0,0.0
0.0,0.0,0.0,0.0,0.0,0.0,0.0,0.0,0.0,0.0,0.0,939.0,469.02,0.0,0.0
0.0,0.0,0.0,0.0,0.0,0.0,0.0,0.0,0.0,0.0,0.0,940.0,470.02,0.0,0.0
1.0,1.0,1.0,0.0,1.0,1.0,1790.0,0.0,22.0,4.43,571.0,5401.0,2252.02,246.0,0.0
1.0,2.0,2.0,0.94566,1.0,10.0,229.0,1.0,7.0,6.67,18.5,2907.0,1105.08,645.0,0.0
1.0,2.0,2.0,0.468996,7.0,3.0,30.5,0.0,3.0,237.94,3.5,2908.0,1105.97,646.0,0.0
1.0,1.0,1.0,0.0,1.0,0.0,205.0,0.0,4.0,0.26,4.0,59.0,57.07,35.0,0.0
1.0,1.0,1.0,0.0,2.0,2.0,206.0,0.0,4.0,0.01,5.0,60.0,58.07,36.0,0.0
1.0,1.0,1.0,0.0,22.0,20.0,160.0,0.0,1.0,0.02,3.0,63.0,61.03,39.0,0.0
1.0,1.0,1.0,0.0,2.0,2.0,162.0,0.0,1.0,0.0,4.0,64.0,62.03,40.0,0.0
1.0,2.0,4.0,1.89647,44.0,30.0,165.0,0.0,1.0,11.89,0.25,5402.0,2249.59,2798.0,0.0
1.0,1.0,1.0,0.0,13.0,24.0,247.0,0.0,4.0,0.77,7.0,65.0,62.91,41.0,0.0
1.0,1.0,1.0,0.0,22.0,20.0,236.0,0.0,4.0,0.01,8.0,66.0,63.91,42.0,0.0
1.0,1.0,1.0,0.0,81.0,0.0,0.0,0.0,0.0,0.0,0.0,5403.0,2250.3,2799.0,0.0
1.0,4.0,6.0,1.81694,103.0,13.0,788.0,1.0,16.0,72.7,70.33,5404.0,2251.08,2750.0,0.0
1.0,4.0,6.0,1.81694,103.0,13.0,788.0,1.0,16.0,74.52,69.83,5405.0,2251.99,2751.0,0.0
1.0,1.0,1.0,0.0,0.0,5.0,448.0,0.0,8.0,0.04,53.0,5407.0,2253.96,2753.0,0.0
1.0,1.0,1.0,0.0,0.0,5.0,448.0,0.0,8.0,0.01,53.0,5408.0,2254.95,2754.0,0.0
1.0,1.0,1.0,0.0,0.0,5.0,442.0,0.0,6.0,0.01,49.0,5409.0,2255.93,2755.0,0.0
1.0,2.0,3.0,1.36459,99.0,3.0,81.33,0.0,7.0,17.26,11.33,5410.0,2254.15,2756.0,0.0
1.0,3.0,5.0,2.1611,62.0,252.0,77.4,0.0,3.0,19.43,1.0,5412.0,2255.71,2800.0,0.0
2.0,12.0,25.0,4.1108400000000005,46.0,76.0,212.16,0.0,20.0,5.72,14.32,68.0,65.67,65.0,0.0
1.0,1.0,2.0,0.94566,16.0,17.0,78.5,0.0,3.0,0.03,2.5,69.0,66.66,45.0,0.0
1.0,2.0,2.0,0.6962119999999999,15.0,1.0,103.0,0.0,3.0,30.89,5.0,70.0,67.34,22.0,1.0
1.0,2.0,2.0,0.32984600000000003,32.0,1.0,318.0,1.0,8.0,107.43,39.5,941.0,467.08,545.0,0.0
1.0,1.0,1.0,0.0,1.0,1.0,78.0,0.0,4.0,154.79,8.0,72.0,69.2,24.0,0.0
2.0,5.0,7.0,2.3336900000000003,122.0,2.0,371.29,1.0,12.0,66.49,15.43,5413.0,2247.21,5559.0,0.0
2.0,5.0,7.0,2.3336900000000003,122.0,2.0,370.71,1.0,12.0,66.44,15.14,5414.0,2248.2,5561.0,0.0
1.0,2.0,3.0,1.55869,131.0,30.0,173.33,0.0,4.0,22.7,4.0,5416.0,2249.66,2761.0,0.0
1.0,1.0,1.0,0.0,26.0,27.0,219.0,0.0,3.0,0.88,6.0,73.0,70.12,46.0,0.0
1.0,1.0,1.0,0.0,1.0,1.0,55.0,0.0,6.0,203.63,18.0,74.0,71.11,25.0,0.0
1.0,1.0,1.0,0.0,3.0,2.0,512.0,0.0,4.0,0.16,13.0,77.0,74.1,28.0,0.0
1.0,3.0,3.0,1.43094,41.0,2.0,668.67,1.0,11.0,120.32,50.33,5418.0,2250.11,2763.0,0.0
1.0,1.0,1.0,0.0,0.0,19.0,596.0,0.0,8.0,34.53,112.0,5419.0,2251.1,2803.0,0.0
1.0,1.0,1.0,0.0,0.0,19.0,596.0,0.0,8.0,251.05,111.0,5420.0,2252.1,2804.0,0.0
1.0,1.0,1.0,0.0,0.0,2.0,197.0,0.0,2.0,0.01,5.0,5421.0,2253.08,2764.0,0.0
1.0,1.0,1.0,0.0,0.0,2.0,197.0,0.0,2.0,0.01,5.0,5422.0,2254.07,2765.0,0.0
1.0,1.0,1.0,0.0,2.0,3.0,34.0,0.0,3.0,3.49,3.0,2909.0,1098.46,1788.0,0.0
1.0,2.0,2.0,0.993123,82.0,0.0,0.0,0.0,0.0,0.0,0.0,5423.0,2255.02,2805.0,0.0
1.0,1.0,1.0,0.0,1.0,1.0,289.0,0.0,1.0,363.46,2.0,2912.0,1101.45,1791.0,0.0
1.0,2.0,2.0,0.742488,19.0,0.0,188.0,0.0,9.0,62.56,14.0,2913.0,1102.44,1792.0,0.0
1.0,1.0,1.0,0.0,1.0,1.0,289.0,1.0,1.0,363.46,2.0,2914.0,1103.44,1793.0,0.0
0.0,0.0,0.0,0.0,0.0,0.0,0.0,0.0,0.0,0.0,0.0,2915.0,1104.44,0.0,0.0
1.0,2.0,2.0,0.742488,19.0,0.0,162.5,0.0,9.0,312.24,11.5,2916.0,1105.41,1794.0,0.0
2.0,11.0,30.0,4.1845,3467.0,0.0,64.93,0.0,25.0,0.58,22.83,5424.0,2255.18,3053.0,1.0
1.0,1.0,1.0,0.0,6.0,0.0,76.0,0.0,2.0,258.0,4.0,5425.0,2256.02,2807.0,0.0
1.0,1.0,1.0,0.0,6.0,0.0,76.0,0.0,2.0,258.01,4.0,5426.0,2257.01,2808.0,0.0
2.0,6.0,6.0,2.54248,21.0,3.0,927.33,0.0,16.0,30.37,93.5,5427.0,2257.94,5575.0,0.0
2.0,5.0,5.0,2.26514,14.0,17.0,458.4,0.0,13.0,39.12,22.2,5428.0,2258.79,5577.0,0.0
1.0,3.0,7.0,2.46513,17.0,25.0,589.29,0.0,15.0,89.38,64.57,5429.0,2259.76,2768.0,0.0
1.0,2.0,2.0,0.426229,25.0,21.0,124.5,0.0,3.0,4.26,4.0,945.0,469.49,549.0,0.0
1.0,1.0,1.0,0.0,52.0,0.0,185.0,0.0,9.0,37.46,27.0,2917.0,1105.37,1795.0,0.0
1.0,1.0,1.0,0.0,1.0,1.0,60.0,0.0,2.0,149.65,12.0,5431.0,2260.16,2770.0,0.0
3.0,3.0,3.0,1.37095,6.0,4.0,884.67,0.0,24.0,11.85,245.33,290.0,206.16,291.0,0.0
1.0,1.0,1.0,0.0,47.0,0.0,0.0,0.0,0.0,0.0,0.0,86.0,37.05,52.0,0.0
1.0,1.0,1.0,0.0,2.0,13.0,47.0,0.0,1.0,0.01,1.0,87.0,38.05,53.0,0.0
1.0,1.0,1.0,0.0,1.0,5.0,36.0,0.0,1.0,0.01,2.0,88.0,39.05,54.0,0.0
1.0,1.0,1.0,0.0,21.0,22.0,151.0,0.0,3.0,4.9,6.0,291.0,206.21,32.0,0.0
1.0,1.0,1.0,0.0,9.0,3.0,67.0,0.0,2.0,0.01,2.0,79.0,75.2,30.0,0.0
1.0,2.0,5.0,1.88267,140.0,4.0,91.8,0.0,11.0,17.46,7.8,2919.0,1102.37,1797.0,0.0
1.0,1.0,1.0,0.0,1.0,1.0,290.0,0.0,15.0,15.34,268.0,292.0,206.62,47.0,0.0
1.0,1.0,1.0,0.0,21.0,0.0,577.0,0.0,8.0,4.8,113.0,2920.0,1102.64,1798.0,0.0
1.0,1.0,1.0,0.0,22.0,1.0,577.0,0.0,8.0,4.82,112.0,2921.0,1103.61,1799.0,0.0
1.0,1.0,1.0,0.0,1.0,1.0,290.0,0.0,15.0,0.37,269.0,293.0,207.46,48.0,0.0
1.0,1.0,1.0,0.0,1.0,1.0,290.0,0.0,15.0,0.01,270.0,2922.0,1104.34,168.0,0.0
1.0,1.0,1.0,0.0,2.0,0.0,598.0,0.0,8.0,0.41,114.0,2923.0,1105.06,1800.0,0.0
1.0,2.0,2.0,0.242292,74.0,1.0,538.0,1.0,10.0,5.06,57.5,2925.0,1106.88,647.0,1.0
1.0,1.0,1.0,0.0,1.0,3.0,600.0,0.0,8.0,0.13,115.0,2926.0,1107.86,1802.0,0.0
1.0,2.0,2.0,0.242292,74.0,1.0,538.0,1.0,10.0,5.05,57.0,2927.0,1108.86,648.0,1.0
1.0,1.0,1.0,0.0,1.0,3.0,600.0,0.0,8.0,0.12,114.0,2928.0,1109.85,1803.0,0.0
2.0,3.0,15.0,3.26382,41.0,91.0,224.2,0.0,22.0,108.51,38.93,80.0,75.96,52.0,0.0
1.0,1.0,2.0,0.485461,5.0,14.0,156.5,1.0,5.0,159.18,5.0,2930.0,1111.15,1804.0,0.0
1.0,1.0,2.0,0.485461,5.0,14.0,156.5,1.0,5.0,159.19,5.0,2931.0,1112.13,1805.0,0.0
1.0,1.0,2.0,0.485461,5.0,14.0,157.5,1.0,4.0,200.35,4.5,2932.0,1113.12,1806.0,0.0
1.0,2.0,3.0,1.33746,70.0,5.0,129.33,0.0,4.0,158.12,4.0,2933.0,1114.1,1807.0,0.0
1.0,3.0,4.0,1.84941,12.0,39.0,196.25,0.0,1.0,5.69,0.25,5432.0,2245.38,2811.0,0.0
2.0,3.0,3.0,1.36096,10.0,0.0,890.67,0.0,24.0,11.35,234.67,5433.0,2246.35,334.0,0.0
1.0,1.0,3.0,1.36931,134.0,45.0,105.0,0.0,5.0,236.63,4.0,5434.0,2247.31,2812.0,0.0
1.0,4.0,4.0,1.42491,71.0,6.0,242.25,0.0,6.0,374.71,13.5,2934.0,1114.87,1808.0,0.0
1.0,1.0,1.0,0.0,120.0,0.0,0.0,0.0,0.0,0.0,0.0,2935.0,1115.87,1809.0,0.0
1.0,3.0,4.0,1.50016,267.0,0.0,128.5,0.0,11.0,14.09,35.5,5435.0,2248.08,291.0,0.0
2.0,2.0,2.0,0.918296,1.0,2.0,941.0,0.0,22.0,7.94,289.0,5436.0,2248.93,3062.0,0.0
1.0,2.0,2.0,0.936667,14.0,3.0,89.5,0.0,3.0,0.78,22.5,81.0,76.81,51.0,0.0
1.0,3.0,5.0,1.44517,147.0,1.0,100.4,1.0,7.0,64.89,16.2,5438.0,2250.08,2771.0,0.0
1.0,3.0,5.0,1.44517,147.0,1.0,100.0,1.0,7.0,96.19,16.0,5439.0,2251.06,2772.0,0.0
1.0,3.0,5.0,1.44517,147.0,1.0,97.2,1.0,6.0,139.71,15.2,5440.0,2252.05,2773.0,0.0
3.0,22.0,65.0,5.84561,4.0,350.0,84.52,0.0,13.0,326.97,3.28,2936.0,1115.67,2288.0,0.0
1.0,1.0,1.0,0.0,1.0,3.0,375.0,0.0,9.0,41.57,100.0,5442.0,2252.07,2774.0,0.0
1.0,2.0,3.0,1.35792,194.0,6.0,63.67,1.0,6.0,14.45,7.0,5444.0,2253.87,2775.0,0.0
1.0,2.0,3.0,1.35792,194.0,6.0,63.67,1.0,6.0,14.45,7.0,5445.0,2254.87,2776.0,0.0
2.0,4.0,4.0,1.74048,108.0,14.0,61.25,1.0,7.0,42.16,13.0,5449.0,2258.53,5596.0,0.0
1.0,2.0,3.0,1.33716,113.0,15.0,130.67,1.0,8.0,50.56,13.33,5450.0,2259.47,2781.0,0.0
1.0,2.0,3.0,1.33716,113.0,15.0,130.67,1.0,8.0,50.56,13.33,5451.0,2260.46,2782.0,0.0
2.0,3.0,3.0,1.52609,142.0,0.0,0.0,0.0,0.0,0.0,0.0,5453.0,2262.03,5601.0,0.0
3.0,3.0,3.0,1.5,3.0,1.0,1196.67,0.0,25.0,10.44,365.33,294.0,207.33,133.0,0.0
1.0,1.0,1.0,0.0,14.0,5.0,116.0,0.0,1.0,95.45,2.0,295.0,208.33,186.0,0.0
1.0,3.0,3.0,1.47168,29.0,6.0,43.67,0.0,7.0,25.7,31.33,296.0,209.32,187.0,0.0
1.0,1.0,1.0,0.0,0.0,1.0,234.0,0.0,10.0,0.01,30.0,2939.0,1117.12,1813.0,0.0
1.0,2.0,2.0,0.468996,19.0,1.0,205.0,1.0,11.0,45.05,52.0,2940.0,1118.09,1814.0,0.0
1.0,2.0,3.0,1.30018,107.0,1.0,57.33,1.0,6.0,17.67,11.33,5454.0,2260.08,2785.0,0.0
1.0,2.0,3.0,1.30018,107.0,1.0,57.33,1.0,6.0,17.67,11.33,5455.0,2261.07,2786.0,0.0
1.0,1.0,1.0,0.0,2.0,1.0,67.0,1.0,4.0,155.2,8.0,5456.0,2261.98,2787.0,0.0
1.0,1.0,1.0,0.0,2.0,1.0,67.0,1.0,4.0,155.21,8.0,5457.0,2262.93,2788.0,0.0
2.0,7.0,7.0,2.23671,146.0,11.0,407.14,1.0,16.0,26.73,39.29,5458.0,2263.81,5607.0,0.0
1.0,1.0,1.0,0.0,2.0,0.0,228.0,0.0,4.0,12.65,11.0,82.0,77.22,52.0,0.0
1.0,1.0,1.0,0.0,1.0,1.0,230.0,0.0,4.0,0.0,12.0,83.0,78.22,53.0,0.0
1.0,1.0,2.0,0.289079,79.0,0.0,35.5,0.0,1.0,215.94,0.5,5460.0,2263.32,2791.0,0.0
1.0,1.0,1.0,0.0,2.0,2.0,820.0,1.0,5.0,9.82,62.0,5461.0,2264.19,2792.0,0.0
1.0,1.0,1.0,0.0,2.0,2.0,829.0,1.0,5.0,70.76,59.0,5462.0,2265.18,2793.0,0.0
1.0,1.0,1.0,0.0,2.0,4.0,71.0,0.0,3.0,212.61,3.0,298.0,210.45,33.0,0.0
1.0,1.0,1.0,0.0,2.0,4.0,71.0,0.0,3.0,212.61,3.0,299.0,211.45,34.0,0.0
1.0,1.0,1.0,0.0,2.0,4.0,72.0,0.0,2.0,275.94,2.0,300.0,212.45,35.0,0.0
1.0,1.0,1.0,0.0,5.0,2.0,95.0,0.0,3.0,373.21,5.0,301.0,213.45,32.0,0.0
1.0,1.0,2.0,1.0,10.0,4.0,84.5,0.0,3.0,373.22,3.5,302.0,214.44,33.0,0.0
1.0,1.0,4.0,1.54879,10.0,6.0,91.0,0.0,4.0,93.82,3.5,303.0,215.21,34.0,0.0
1.0,1.0,1.0,0.0,16.0,11.0,289.0,1.0,8.0,3.01,40.0,85.0,80.0,32.0,0.0
2.0,2.0,2.0,0.998402,60.0,110.0,349.5,0.0,13.0,18.98,94.5,304.0,216.19,224.0,0.0
1.0,1.0,1.0,0.0,37.0,0.0,819.0,0.0,6.0,0.01,64.0,5463.0,2262.63,2794.0,0.0
1.0,1.0,1.0,0.0,16.0,11.0,289.0,1.0,8.0,3.35,40.0,88.0,82.93,35.0,0.0
1.0,1.0,1.0,0.0,16.0,11.0,289.0,1.0,9.0,3.36,40.0,89.0,83.92,36.0,0.0
1.0,1.0,1.0,0.0,37.0,1.0,828.0,1.0,6.0,0.64,61.0,5464.0,2261.62,2795.0,0.0
1.0,1.0,1.0,0.0,36.0,1.0,776.0,1.0,5.0,160.52,51.0,5465.0,2262.61,2796.0,0.0
1.0,2.0,2.0,0.918296,9.0,12.0,616.5,1.0,9.0,28.39,54.0,5466.0,2262.91,2797.0,0.0
1.0,2.0,2.0,0.918296,9.0,12.0,620.5,1.0,9.0,28.07,52.5,5467.0,2263.9,2798.0,0.0
2.0,7.0,9.0,2.07468,177.0,10.0,220.89,0.0,8.0,74.51,12.22,5468.0,2264.42,5619.0,1.0
1.0,1.0,1.0,0.0,1.0,1.0,350.0,0.0,2.0,0.14,3.0,949.0,464.24,553.0,0.0
1.0,1.0,1.0,0.0,6.0,0.0,384.0,0.0,3.0,73.51,10.0,5470.0,2264.53,2801.0,0.0
1.0,1.0,1.0,0.0,10.0,3.0,390.0,0.0,3.0,0.05,11.0,5472.0,2266.37,2803.0,0.0
1.0,4.0,5.0,2.10768,269.0,39.0,103.6,1.0,9.0,41.28,18.6,5473.0,2267.19,2804.0,1.0
1.0,2.0,3.0,0.39506,28.0,37.0,59.67,0.0,1.0,22.85,0.33,5475.0,2269.02,2821.0,0.0
1.0,1.0,1.0,0.0,1.0,1.0,69.0,0.0,7.0,40.22,17.0,90.0,84.58,37.0,0.0
1.0,5.0,5.0,2.14476,50.0,33.0,469.2,1.0,13.0,4.22,35.8,5476.0,2269.9,2806.0,0.0
1.0,5.0,5.0,2.14476,50.0,33.0,462.8,1.0,13.0,26.29,33.2,5478.0,2271.88,2808.0,0.0
1.0,1.0,1.0,0.0,4.0,1.0,33.0,0.0,2.0,87.85,2.0,5480.0,2273.64,2810.0,0.0
1.0,3.0,3.0,1.20091,41.0,1.0,123.67,1.0,7.0,63.68,13.0,5482.0,2275.62,2812.0,0.0
1.0,1.0,1.0,0.0,1.0,8.0,270.0,0.0,7.0,0.1,38.0,950.0,464.92,395.0,0.0
1.0,2.0,2.0,1.0,24.0,20.0,391.5,1.0,7.0,35.83,33.0,5483.0,2276.3,2822.0,0.0
1.0,2.0,2.0,1.0,24.0,20.0,392.5,1.0,6.0,228.98,32.0,5484.0,2277.29,2823.0,0.0
1.0,1.0,1.0,0.0,1.0,1.0,1799.0,0.0,22.0,4.73,579.0,62.0,27.16,5.0,0.0
2.0,2.0,2.0,0.179256,73.0,1.0,197.0,0.0,8.0,13.3,30.0,305.0,216.11,226.0,0.0
1.0,2.0,2.0,0.8453510000000001,9.0,2.0,541.0,1.0,9.0,205.16,52.5,91.0,85.46,38.0,0.0
1.0,2.0,2.0,0.8453510000000001,9.0,2.0,541.5,1.0,8.0,219.83,52.0,92.0,86.46,39.0,0.0
1.0,2.0,2.0,0.672295,16.0,1.0,886.0,1.0,11.0,2.64,70.5,5485.0,2276.52,2813.0,0.0
1.0,2.0,2.0,0.672295,16.0,1.0,886.0,1.0,11.0,2.63,70.5,5486.0,2277.51,2814.0,0.0
1.0,2.0,2.0,0.672295,16.0,1.0,842.5,1.0,11.0,30.21,67.0,5487.0,2278.5,2815.0,0.0
1.0,1.0,1.0,0.0,0.0,1.0,290.0,0.0,15.0,8.26,271.0,5490.0,2280.45,120.0,0.0
1.0,1.0,1.0,0.0,1.0,0.0,787.0,0.0,17.0,5.64,242.0,5491.0,2281.4,121.0,0.0
1.0,1.0,1.0,0.0,1.0,0.0,739.0,0.0,16.0,53.94,227.0,5492.0,2282.39,122.0,0.0
1.0,1.0,1.0,0.0,55.0,35.0,632.0,1.0,11.0,37.67,67.0,5493.0,2283.36,2824.0,0.0
3.0,10.0,10.0,2.94762,46.0,13.0,354.2,0.0,23.0,41.31,81.8,955.0,469.03,786.0,0.0
1.0,1.0,3.0,1.14883,7.0,0.0,145.67,0.0,10.0,35.63,12.0,2941.0,1110.57,1815.0,0.0
0.0,0.0,0.0,0.0,0.0,0.0,0.0,0.0,0.0,0.0,0.0,957.0,470.74,0.0,0.0
1.0,1.0,1.0,0.0,12.0,14.0,147.0,0.0,3.0,216.96,11.0,94.0,88.1,55.0,0.0
1.0,1.0,2.0,0.439497,34.0,10.0,1687.5,0.0,16.0,87.91,162.0,5495.0,2282.15,2818.0,0.0
1.0,1.0,1.0,0.0,3.0,3.0,1002.0,0.0,12.0,0.5,455.0,959.0,472.33,168.0,0.0
1.0,4.0,20.0,4.05804,766.0,14.0,12.1,0.0,5.0,1.41,2.2,18.0,14.05,14.0,0.0
0.0,0.0,0.0,0.0,0.0,0.0,0.0,0.0,0.0,0.0,0.0,961.0,474.29,0.0,0.0
1.0,1.0,1.0,0.0,1.0,4.0,72.0,0.0,1.0,1.93,1.0,963.0,476.09,561.0,0.0
1.0,3.0,3.0,1.46518,116.0,0.0,0.0,0.0,0.0,0.0,0.0,1317.0,261.47,638.0,0.0
1.0,1.0,2.0,0.9997,35.0,14.0,23.0,0.0,1.0,0.07,0.5,5497.0,2280.57,2820.0,0.0
1.0,3.0,4.0,1.19577,92.0,0.0,137.0,1.0,6.0,99.24,14.0,5498.0,2278.56,2821.0,0.0
1.0,3.0,4.0,1.19577,92.0,0.0,132.75,0.0,6.0,157.81,12.5,5499.0,2279.55,2822.0,0.0
1.0,1.0,1.0,0.0,8.0,6.0,99.0,0.0,1.0,29.85,3.0,5500.0,2278.45,2827.0,0.0
2.0,6.0,7.0,2.50356,264.0,4.0,228.57,0.0,6.0,63.14,8.14,5501.0,2279.34,5651.0,0.0
2.0,4.0,9.0,1.83107,224.0,7.0,171.0,0.0,11.0,87.54,26.33,5502.0,2280.09,5653.0,0.0
2.0,7.0,7.0,2.40136,28.0,20.0,82.86,0.0,8.0,71.78,12.0,5503.0,2281.07,5655.0,0.0
3.0,15.0,21.0,3.97678,33.0,43.0,172.19,0.0,10.0,202.13,8.29,306.0,215.11,264.0,0.0
1.0,1.0,4.0,2.0,24.0,24.0,78.75,0.0,1.0,243.96,1.25,5504.0,2281.86,2826.0,0.0
1.0,3.0,3.0,0.917455,125.0,4.0,52.33,0.0,7.0,177.3,7.67,97.0,90.42,42.0,0.0
1.0,2.0,4.0,1.97848,19.0,19.0,60.25,0.0,1.0,364.32,1.0,5505.0,2282.81,2831.0,0.0
1.0,3.0,4.0,1.72138,80.0,40.0,469.5,0.0,10.0,93.29,42.0,5506.0,2283.81,2827.0,1.0
1.0,3.0,4.0,1.72138,80.0,40.0,469.75,0.0,10.0,128.6,41.5,5507.0,2284.79,2828.0,1.0
2.0,2.0,2.0,1.0,2.0,2.0,1044.0,0.0,23.0,2.59,358.5,5508.0,2285.79,374.0,0.0
1.0,1.0,1.0,0.0,9.0,6.0,101.0,0.0,1.0,0.03,1.0,98.0,91.41,43.0,0.0
1.0,2.0,3.0,0.716726,14.0,15.0,131.67,0.0,2.0,76.65,3.0,100.0,93.34,57.0,0.0
1.0,1.0,1.0,0.0,1.0,1.0,86.0,0.0,3.0,68.58,61.0,5510.0,2284.51,2832.0,0.0
1.0,3.0,4.0,1.72669,3.0,171.0,67.25,0.0,2.0,44.67,1.0,5511.0,2285.48,2833.0,0.0
1.0,3.0,3.0,0.103275,148.0,0.0,158.67,0.0,8.0,1.33,18.67,23.0,18.88,19.0,0.0
1.0,3.0,4.0,1.41264,60.0,125.0,73.75,0.0,3.0,16.45,2.25,5512.0,2286.21,2834.0,0.0
1.0,2.0,19.0,3.81081,87.0,293.0,126.68,0.0,2.0,57.04,0.32,5513.0,2287.09,2835.0,0.0
1.0,1.0,1.0,0.0,0.0,1.0,543.0,0.0,9.0,4.08,38.0,105.0,98.11,60.0,0.0
1.0,2.0,3.0,0.8448469999999999,250.0,0.0,0.0,0.0,0.0,0.0,0.0,5515.0,2286.63,2837.0,0.0
1.0,2.0,2.0,0.745838,170.0,9.0,47.0,1.0,3.0,0.02,5.0,5519.0,2285.99,2833.0,0.0
1.0,1.0,1.0,0.0,3.0,1.0,658.0,0.0,10.0,16.38,70.0,5520.0,2286.96,2834.0,0.0
1.0,1.0,1.0,0.0,42.0,37.0,141.0,1.0,1.0,0.5,1.0,106.0,98.45,48.0,0.0
1.0,1.0,1.0,0.0,4.0,4.0,146.0,1.0,2.0,0.01,2.0,107.0,99.44,49.0,0.0
1.0,1.0,1.0,0.0,1.0,1.0,130.0,0.0,4.0,0.03,21.0,16.0,11.74,10.0,0.0
1.0,1.0,1.0,0.0,35.0,30.0,161.0,0.0,3.0,0.2,6.0,17.0,12.74,11.0,0.0
1.0,2.0,2.0,0.193643,36.0,31.0,145.5,0.0,4.0,0.11,11.5,18.0,13.74,12.0,0.0
1.0,5.0,6.0,1.80666,108.0,1.0,165.17,0.0,8.0,242.93,8.5,108.0,100.19,61.0,0.0
1.0,1.0,1.0,0.0,1.0,1.0,107.0,0.0,1.0,31.92,1.0,5525.0,2287.14,2838.0,0.0
1.0,3.0,3.0,0.54482,71.0,3.0,176.0,1.0,9.0,33.46,25.67,5526.0,2287.99,2839.0,0.0
1.0,3.0,3.0,0.54482,71.0,3.0,176.0,1.0,8.0,47.64,25.0,5527.0,2288.99,2840.0,0.0
2.0,4.0,9.0,2.52967,142.0,17.0,324.56,0.0,8.0,134.76,18.56,5529.0,2290.8,5682.0,0.0
1.0,1.0,1.0,0.0,1.0,1.0,55.0,1.0,2.0,500.26,4.0,63.0,27.79,21.0,0.0
4.0,4.0,4.0,0.8664879999999999,47.0,1.0,665.25,0.0,25.0,20.5,189.25,5530.0,2289.23,3510.0,0.0
1.0,1.0,1.0,0.0,1.0,1.0,55.0,1.0,2.0,500.83,4.0,5531.0,2290.19,2843.0,0.0
1.0,1.0,1.0,0.0,1.0,1.0,55.0,1.0,2.0,500.84,4.0,5532.0,2291.17,2844.0,0.0
1.0,2.0,5.0,2.07307,164.0,12.0,606.4,0.0,13.0,26.86,41.6,5533.0,2291.65,2842.0,1.0
1.0,1.0,1.0,0.0,6.0,0.0,82.0,0.0,3.0,18.33,43.0,309.0,214.85,194.0,0.0
1.0,1.0,1.0,0.0,6.0,0.0,89.0,0.0,3.0,10.21,45.0,310.0,215.84,195.0,0.0
1.0,1.0,1.0,0.0,6.0,6.0,88.0,0.0,4.0,0.01,44.0,312.0,217.84,197.0,0.0
1.0,1.0,1.0,0.0,1.0,3.0,68.0,0.0,1.0,275.62,3.0,313.0,218.21,40.0,0.0
1.0,1.0,1.0,0.0,3.0,1.0,509.0,0.0,4.0,98.76,16.0,314.0,219.21,41.0,0.0
3.0,4.0,4.0,1.19275,84.0,88.0,748.5,0.0,25.0,11.9,206.75,5541.0,2290.38,3228.0,0.0
1.0,3.0,8.0,1.5332,43.0,29.0,105.13,0.0,2.0,279.81,0.88,315.0,219.96,198.0,0.0
1.0,3.0,16.0,3.15884,24.0,71.0,79.81,0.0,3.0,282.21,0.63,316.0,220.95,199.0,0.0
1.0,3.0,19.0,3.44228,29.0,76.0,86.05,0.0,2.0,313.04,0.42,317.0,221.95,200.0,0.0
1.0,1.0,1.0,0.0,1.0,1.0,120.0,0.0,2.0,231.08,4.0,320.0,224.94,203.0,0.0
1.0,1.0,1.0,0.0,1.0,0.0,395.0,0.0,4.0,0.66,23.0,5544.0,2290.51,2847.0,0.0
1.0,1.0,16.0,3.32237,22.0,67.0,71.44,0.0,6.0,298.15,2.13,322.0,226.52,205.0,0.0
1.0,1.0,1.0,0.0,4.0,4.0,798.0,0.0,18.0,1.44,246.0,384.0,263.5,29.0,0.0
1.0,1.0,1.0,0.0,1.0,1.0,287.0,0.0,16.0,1.44,276.0,385.0,264.5,30.0,0.0
1.0,2.0,2.0,0.918296,6.0,6.0,514.5,0.0,17.0,13.67,203.0,386.0,265.5,31.0,0.0
1.0,1.0,1.0,0.0,1.0,1.0,119.0,0.0,2.0,180.09,4.0,323.0,227.48,206.0,0.0
1.0,3.0,7.0,1.57481,135.0,25.0,99.14,0.0,6.0,312.3,11.14,2942.0,1091.91,1816.0,0.0
1.0,1.0,16.0,3.32237,22.0,67.0,71.44,0.0,6.0,298.61,2.13,324.0,228.3,207.0,0.0
1.0,1.0,1.0,0.0,7.0,0.0,90.0,0.0,2.0,285.67,5.0,325.0,229.29,208.0,0.0
1.0,1.0,1.0,0.0,4.0,0.0,210.0,0.0,3.0,69.94,20.0,2946.0,1095.59,650.0,0.0
1.0,2.0,2.0,0.99817,108.0,31.0,146.5,0.0,6.0,88.95,14.0,5545.0,2288.37,2848.0,0.0
1.0,2.0,2.0,0.99817,108.0,31.0,146.5,0.0,6.0,88.95,14.0,5546.0,2289.34,2849.0,0.0
1.0,2.0,2.0,0.99817,108.0,31.0,146.5,0.0,5.0,171.26,12.5,5547.0,2290.33,2850.0,0.0
1.0,1.0,1.0,0.0,4.0,0.0,200.0,0.0,3.0,181.24,19.0,2947.0,1096.53,651.0,0.0
2.0,2.0,2.0,0.8112779999999999,21.0,7.0,386.5,0.0,12.0,29.59,128.5,109.0,99.66,62.0,0.0
1.0,1.0,1.0,0.0,1.0,1.0,174.0,1.0,3.0,265.92,5.0,5548.0,2290.75,2851.0,0.0
1.0,1.0,1.0,0.0,1.0,1.0,174.0,1.0,3.0,265.92,5.0,5549.0,2291.74,2852.0,0.0
1.0,1.0,1.0,0.0,1.0,1.0,174.0,1.0,3.0,265.92,5.0,5550.0,2292.73,2853.0,0.0
2.0,6.0,7.0,2.35353,1.0,12.0,333.0,0.0,12.0,6.35,19.86,111.0,101.63,114.0,0.0
1.0,1.0,1.0,0.0,1.0,1.0,65.0,0.0,2.0,49.0,7.0,5553.0,2293.15,2855.0,0.0
1.0,2.0,2.0,1.0,6.0,2.0,78.5,0.0,5.0,392.6,12.0,5554.0,2294.11,2852.0,0.0
1.0,4.0,4.0,1.67943,285.0,0.0,30.5,0.0,10.0,12.79,23.5,5559.0,2298.88,2860.0,0.0
0.0,0.0,0.0,0.0,0.0,0.0,0.0,0.0,0.0,0.0,0.0,5560.0,2299.88,0.0,0.0
1.0,3.0,5.0,1.89781,217.0,5.0,106.2,1.0,7.0,17.5,9.2,5561.0,2300.86,2861.0,0.0
2.0,2.0,2.0,0.721928,5.0,5.0,951.0,0.0,23.0,27.21,295.0,112.0,102.36,68.0,0.0
2.0,2.0,2.0,0.721928,5.0,5.0,893.0,0.0,18.0,46.65,244.0,114.0,104.36,72.0,0.0
1.0,1.0,1.0,0.0,5.0,0.0,178.0,0.0,6.0,21.08,35.0,5562.0,2301.06,2853.0,0.0
1.0,1.0,5.0,2.25163,1.0,23.0,147.6,0.0,7.0,78.59,9.4,5564.0,2302.99,2855.0,0.0
2.0,3.0,3.0,1.38297,148.0,3.0,22.0,0.0,6.0,128.7,4.0,115.0,105.33,119.0,0.0
2.0,3.0,3.0,1.38297,148.0,3.0,22.0,0.0,6.0,128.7,4.0,116.0,106.33,121.0,0.0
1.0,1.0,1.0,0.0,2.0,2.0,81.0,0.0,7.0,0.04,13.0,117.0,107.32,53.0,0.0
1.0,2.0,2.0,1.0,2.0,2.0,154.0,0.0,3.0,1.09,17.0,966.0,466.98,402.0,0.0
2.0,6.0,10.0,3.24022,0.0,15.0,174.7,0.0,6.0,203.8,2.5,119.0,109.28,79.0,0.0
1.0,1.0,1.0,0.0,1.0,1.0,1807.0,0.0,23.0,0.76,588.0,5565.0,2301.78,256.0,0.0
2.0,2.0,2.0,0.970951,4.0,1.0,947.5,0.0,23.0,26.76,296.0,5566.0,2302.66,3119.0,0.0
1.0,1.0,1.0,0.0,1.0,1.0,1807.0,0.0,23.0,0.01,590.0,5567.0,2303.63,258.0,0.0
2.0,2.0,2.0,0.8112779999999999,2.0,6.0,420.5,0.0,18.0,142.98,124.0,5568.0,2304.62,422.0,0.0
1.0,2.0,18.0,3.50129,86.0,259.0,95.11,0.0,3.0,18.47,0.39,5569.0,2305.14,2863.0,0.0
1.0,1.0,1.0,0.0,96.0,0.0,0.0,0.0,0.0,0.0,0.0,5570.0,2306.09,2864.0,0.0
1.0,4.0,6.0,2.14542,342.0,0.0,24.5,0.0,9.0,7.86,21.5,5571.0,2306.95,202.0,0.0
1.0,1.0,1.0,0.0,2.0,2.0,883.0,0.0,8.0,44.88,159.0,5572.0,2305.76,2865.0,0.0
1.0,2.0,8.0,2.29002,56.0,358.0,225.25,0.0,8.0,145.76,17.38,5573.0,2306.67,2856.0,1.0
1.0,1.0,1.0,0.0,1.0,1.0,89.0,0.0,5.0,2.0,19.0,5574.0,2307.66,2857.0,0.0
1.0,1.0,1.0,0.0,19.0,6.0,105.0,0.0,1.0,42.01,1.0,5575.0,2308.43,2866.0,0.0
1.0,1.0,1.0,0.0,1.0,1.0,805.0,0.0,18.0,0.01,250.0,5580.0,2310.23,128.0,0.0
1.0,1.0,1.0,0.0,3.0,3.0,94.0,0.0,1.0,1.04,1.0,122.0,111.56,57.0,0.0
1.0,1.0,1.0,0.0,3.0,3.0,94.0,0.0,1.0,1.06,1.0,123.0,112.55,58.0,0.0
1.0,1.0,1.0,0.0,5.0,1.0,78.0,0.0,1.0,1.97,1.0,967.0,465.78,145.0,0.0
1.0,2.0,2.0,0.995727,11.0,2.0,358.5,1.0,9.0,65.67,25.5,2949.0,1092.63,1820.0,0.0
1.0,1.0,1.0,0.0,1.0,1.0,1807.0,0.0,23.0,3.9,591.0,30.0,20.74,4.0,0.0
1.0,1.0,1.0,0.0,1.0,1.0,1741.0,0.0,22.0,4.71,557.0,31.0,21.74,5.0,0.0
1.0,2.0,3.0,1.127,87.0,0.0,171.67,0.0,4.0,73.24,5.0,5581.0,2304.73,2867.0,0.0
1.0,3.0,4.0,0.8766809999999999,104.0,7.0,142.75,1.0,8.0,244.93,14.75,968.0,465.25,403.0,0.0
1.0,3.0,4.0,0.8766809999999999,104.0,7.0,142.5,1.0,7.0,267.96,13.75,970.0,467.21,405.0,0.0
2.0,2.0,2.0,0.16866099999999998,40.0,40.0,1015.0,0.0,23.0,3.55,343.0,387.0,263.09,70.0,0.0
1.0,2.0,2.0,0.413817,60.0,0.0,536.5,1.0,8.0,25.16,35.0,5582.0,2304.41,2860.0,0.0
2.0,2.0,4.0,1.67314,127.0,1.0,201.25,0.0,18.0,0.61,62.75,5583.0,2305.41,427.0,0.0
1.0,2.0,2.0,0.413817,60.0,0.0,536.5,0.0,8.0,20.39,35.0,5584.0,2306.39,2861.0,0.0
1.0,1.0,1.0,0.0,2.0,74.0,319.0,0.0,10.0,56.53,101.0,327.0,228.21,210.0,0.0
1.0,1.0,1.0,0.0,6.0,2.0,1807.0,0.0,23.0,1.08,592.0,328.0,228.95,62.0,0.0
1.0,1.0,5.0,2.10209,9.0,29.0,75.4,0.0,2.0,44.73,0.6,972.0,468.31,562.0,0.0
2.0,4.0,4.0,1.68582,5.0,6.0,208.25,0.0,7.0,20.07,10.75,973.0,469.31,969.0,0.0
2.0,2.0,3.0,1.12762,0.0,140.0,68.0,0.0,2.0,83.9,1.33,974.0,470.2,971.0,0.0
2.0,12.0,56.0,5.24921,44.0,2579.0,58.34,0.0,8.0,30.92,1.29,329.0,229.45,253.0,0.0
1.0,3.0,3.0,0.8683930000000001,16.0,0.0,165.67,0.0,8.0,142.94,15.0,2952.0,1087.59,1823.0,0.0
1.0,1.0,1.0,0.0,2.0,0.0,303.0,0.0,9.0,80.2,46.0,2953.0,1088.59,1824.0,0.0
2.0,3.0,4.0,1.87839,86.0,35.0,68.75,0.0,3.0,20.17,1.75,5585.0,2295.74,3072.0,0.0
2.0,6.0,9.0,2.59413,59.0,41.0,115.78,0.0,3.0,39.45,1.11,5586.0,2296.49,3074.0,0.0
1.0,3.0,3.0,0.8683930000000001,16.0,0.0,165.67,0.0,8.0,139.61,15.0,2954.0,1089.46,1825.0,0.0
1.0,1.0,1.0,0.0,2.0,0.0,303.0,0.0,9.0,64.72,46.0,2955.0,1090.45,1826.0,0.0
1.0,3.0,3.0,0.8683930000000001,16.0,0.0,161.0,0.0,7.0,235.28,14.0,2956.0,1091.44,1827.0,0.0
1.0,3.0,4.0,1.4388,250.0,29.0,69.25,0.0,6.0,341.28,6.75,5587.0,2297.45,2870.0,0.0
1.0,1.0,1.0,0.0,2.0,0.0,304.0,0.0,9.0,289.2,45.0,2957.0,1092.43,1828.0,0.0
1.0,2.0,2.0,0.391244,9.0,4.0,246.0,0.0,3.0,0.0,2.0,331.0,230.44,213.0,0.0
1.0,1.0,1.0,0.0,22.0,0.0,1811.0,0.0,23.0,3.44,593.0,332.0,231.35,63.0,0.0
1.0,1.0,1.0,0.0,102.0,40.0,433.0,0.0,1.0,1.0,2.0,24.0,18.96,20.0,0.0
1.0,2.0,2.0,0.993234,27.0,4.0,602.0,0.0,13.0,77.06,85.5,5590.0,2296.77,2864.0,0.0
1.0,2.0,2.0,0.993234,27.0,4.0,596.0,0.0,12.0,80.29,84.5,5591.0,2297.76,2865.0,0.0
1.0,3.0,3.0,1.29158,72.0,1.0,135.0,0.0,13.0,27.6,57.33,388.0,261.55,206.0,0.0
1.0,1.0,1.0,0.0,2.0,2.0,1833.0,0.0,23.0,1.52,594.0,5593.0,2297.75,259.0,0.0
1.0,1.0,1.0,0.0,1.0,1.0,243.0,0.0,5.0,2.28,26.0,333.0,231.4,214.0,0.0
1.0,1.0,1.0,0.0,38.0,3.0,87.0,0.0,4.0,404.15,16.0,334.0,232.39,44.0,0.0
5.0,50.0,50.0,5.46915,55.0,5.0,195.46,0.0,21.0,60.93,27.88,335.0,233.38,349.0,0.0
1.0,1.0,1.0,0.0,6.0,0.0,758.0,0.0,8.0,19.14,48.0,5595.0,2295.97,2873.0,0.0
2.0,2.0,4.0,0.8474520000000001,154.0,4.0,91.75,0.0,3.0,4.31,2.0,5596.0,2296.7,3080.0,0.0
3.0,7.0,7.0,2.80735,7.0,7.0,240.57,0.0,15.0,0.96,65.0,336.0,233.92,302.0,0.0
1.0,1.0,1.0,0.0,0.0,1.0,740.0,0.0,16.0,0.03,231.0,141.0,86.58,5.0,0.0
2.0,17.0,20.0,4.07934,21.0,17.0,237.65,0.0,20.0,222.24,22.6,976.0,465.91,974.0,0.0
3.0,5.0,5.0,1.59397,109.0,0.0,626.8,0.0,25.0,3.23,167.2,977.0,466.76,398.0,0.0
3.0,3.0,3.0,1.58496,3.0,3.0,291.67,0.0,11.0,2.54,99.33,5597.0,2288.93,6041.0,0.0
1.0,2.0,2.0,0.8453510000000001,20.0,2.0,729.5,0.0,8.0,121.01,26.5,5600.0,2291.57,2870.0,0.0
2.0,4.0,5.0,0.862107,120.0,2.0,337.4,0.0,19.0,21.75,79.4,5602.0,2293.29,430.0,0.0
1.0,2.0,2.0,0.468996,7.0,3.0,30.5,0.0,3.0,288.34,3.5,980.0,469.27,409.0,0.0
0.0,0.0,0.0,0.0,0.0,0.0,0.0,0.0,0.0,0.0,0.0,981.0,470.26,0.0,0.0
1.0,1.0,1.0,0.0,1.0,1.0,55.0,0.0,6.0,248.57,18.0,985.0,474.17,413.0,0.0
0.0,0.0,0.0,0.0,0.0,0.0,0.0,0.0,0.0,0.0,0.0,987.0,476.16,0.0,0.0
0.0,0.0,0.0,0.0,0.0,0.0,0.0,0.0,0.0,0.0,0.0,989.0,478.15,0.0,0.0
1.0,1.0,1.0,0.0,1.0,1.0,1741.0,0.0,22.0,0.15,560.0,990.0,479.15,129.0,0.0
1.0,1.0,1.0,0.0,9.0,4.0,67.0,0.0,1.0,45.28,1.0,992.0,481.0,414.0,0.0
0.0,0.0,0.0,0.0,0.0,0.0,0.0,0.0,0.0,0.0,0.0,994.0,482.99,0.0,0.0
1.0,3.0,5.0,1.09192,104.0,41.0,116.2,0.0,1.0,0.07,0.2,995.0,483.98,569.0,0.0
1.0,1.0,1.0,0.0,1.0,1.0,357.0,0.0,1.0,0.0,2.0,996.0,484.97,570.0,0.0
1.0,1.0,1.0,0.0,1.0,1.0,69.0,0.0,7.0,72.87,17.0,997.0,485.97,415.0,0.0
0.0,0.0,0.0,0.0,0.0,0.0,0.0,0.0,0.0,0.0,0.0,998.0,486.97,0.0,0.0
0.0,0.0,0.0,0.0,0.0,0.0,0.0,0.0,0.0,0.0,0.0,999.0,487.96,0.0,0.0
1.0,1.0,1.0,0.0,1.0,1.0,86.0,0.0,4.0,30.45,66.0,1000.0,488.96,571.0,0.0
1.0,4.0,4.0,2.0,4.0,4.0,220.0,0.0,12.0,2.92,74.75,337.0,233.23,217.0,0.0
1.0,1.0,1.0,0.0,5.0,2.0,1313.0,0.0,9.0,1.06,114.0,5603.0,2291.32,2871.0,0.0
1.0,2.0,2.0,0.991076,55.0,17.0,186.0,0.0,6.0,244.44,15.0,338.0,234.09,218.0,0.0
1.0,1.0,1.0,0.0,5.0,9.0,117.0,0.0,2.0,0.01,2.0,20.0,11.36,19.0,0.0
1.0,1.0,1.0,0.0,3.0,1.0,657.0,0.0,9.0,97.14,68.0,1002.0,489.6,416.0,0.0
1.0,1.0,1.0,0.0,2.0,2.0,115.0,0.0,1.0,91.08,1.0,1003.0,490.6,573.0,0.0
0.0,0.0,0.0,0.0,0.0,0.0,0.0,0.0,0.0,0.0,0.0,1004.0,491.57,0.0,0.0
0.0,0.0,0.0,0.0,0.0,0.0,0.0,0.0,0.0,0.0,0.0,1005.0,492.57,0.0,0.0
1.0,2.0,2.0,1.0,6.0,2.0,78.5,0.0,5.0,410.04,12.0,1007.0,494.56,417.0,0.0
1.0,1.0,5.0,2.25163,1.0,23.0,134.6,0.0,6.0,105.31,9.0,1008.0,495.55,418.0,0.0
1.0,1.0,1.0,0.0,1.0,1.0,89.0,0.0,5.0,0.0,19.0,1009.0,496.55,419.0,0.0
0.0,0.0,0.0,0.0,0.0,0.0,0.0,0.0,0.0,0.0,0.0,1011.0,498.53,0.0,0.0
1.0,2.0,2.0,0.973385,44.0,3.0,172.0,0.0,8.0,34.01,17.0,339.0,234.58,219.0,0.0
1.0,1.0,2.0,0.970951,2.0,3.0,71.5,0.0,1.0,0.01,1.0,22.0,13.35,21.0,0.0
1.0,2.0,2.0,0.918296,2.0,4.0,104.0,0.0,1.0,0.01,2.0,24.0,15.35,23.0,0.0
0.0,0.0,0.0,0.0,0.0,0.0,0.0,0.0,0.0,0.0,0.0,1012.0,499.5,0.0,0.0
1.0,1.0,1.0,0.0,6.0,0.0,743.0,0.0,6.0,97.26,41.0,1013.0,500.49,575.0,0.0
3.0,5.0,5.0,1.59397,109.0,0.0,598.8,0.0,23.0,7.69,157.6,1014.0,501.49,404.0,0.0
1.0,2.0,2.0,0.721928,5.0,0.0,417.0,0.0,13.0,61.7,129.5,1015.0,502.49,139.0,0.0
1.0,2.0,2.0,0.32984600000000003,65.0,1.0,192.5,0.0,8.0,0.08,17.5,340.0,235.54,220.0,0.0
1.0,2.0,2.0,0.4340810000000001,50.0,62.0,236.0,0.0,7.0,403.95,15.0,341.0,236.08,221.0,0.0
2.0,3.0,3.0,1.4831299999999998,23.0,12.0,205.0,0.0,9.0,39.76,15.67,342.0,236.9,269.0,1.0
1.0,2.0,2.0,0.954434,12.0,4.0,230.5,0.0,8.0,0.01,18.5,343.0,237.89,223.0,0.0
1.0,2.0,2.0,0.629249,13.0,6.0,230.0,0.0,7.0,0.99,15.5,344.0,238.61,224.0,0.0
1.0,2.0,3.0,1.58279,118.0,10.0,85.33,1.0,8.0,10.65,20.67,5606.0,2282.07,2874.0,0.0
1.0,2.0,3.0,1.58279,118.0,10.0,85.33,1.0,8.0,10.65,20.67,5607.0,2283.06,2875.0,0.0
1.0,3.0,5.0,1.36687,100.0,3.0,630.0,0.0,13.0,28.4,41.4,5608.0,2283.95,2877.0,0.0
1.0,3.0,5.0,1.36687,100.0,3.0,618.6,0.0,12.0,51.66,41.0,5609.0,2284.95,2878.0,0.0
4.0,14.0,27.0,2.19685,6276.0,0.0,132.0,0.0,26.0,5.66,33.33,5610.0,2285.41,6147.0,0.0
1.0,1.0,1.0,0.0,46.0,0.0,0.0,0.0,0.0,0.0,0.0,5611.0,2286.4,301.0,0.0
1.0,1.0,1.0,0.0,9.0,35.0,410.0,0.0,1.0,0.01,1.0,5612.0,2287.38,2880.0,0.0
1.0,2.0,3.0,0.958366,74.0,0.0,61.33,1.0,6.0,250.09,10.0,5613.0,2288.35,2877.0,1.0
1.0,2.0,3.0,0.958366,74.0,0.0,61.33,0.0,6.0,250.09,10.0,5614.0,2289.35,2878.0,1.0
1.0,4.0,4.0,1.64452,84.0,2.0,116.75,0.0,12.0,53.97,46.0,391.0,259.77,208.0,0.0
1.0,1.0,1.0,0.0,3.0,3.0,255.0,0.0,8.0,0.3,37.0,345.0,239.1,225.0,0.0
1.0,1.0,1.0,0.0,0.0,1.0,150.0,0.0,9.0,202.29,32.0,392.0,260.6,103.0,0.0
1.0,2.0,2.0,0.087281,91.0,91.0,410.0,0.0,9.0,0.38,25.5,394.0,262.6,104.0,0.0
3.0,4.0,4.0,1.67674,11.0,0.0,725.0,0.0,26.0,4.46,202.25,5616.0,2289.37,3233.0,0.0
1.0,1.0,1.0,0.0,5.0,5.0,290.0,0.0,17.0,0.65,279.0,5617.0,2290.36,132.0,0.0
2.0,2.0,2.0,0.684038,3.0,8.0,994.5,0.0,23.0,126.84,300.5,5618.0,2291.31,3146.0,0.0
1.0,1.0,1.0,0.0,1.0,1.0,1851.0,0.0,23.0,0.0,600.0,5619.0,2292.31,264.0,0.0
1.0,2.0,4.0,1.8168,36.0,31.0,153.0,0.0,6.0,267.16,2.5,5620.0,2293.27,2884.0,0.0
2.0,2.0,2.0,0.918296,5.0,4.0,486.0,0.0,11.0,32.92,46.5,5621.0,2294.26,5764.0,0.0
1.0,1.0,1.0,0.0,236.0,33.0,166.0,1.0,4.0,118.87,11.0,395.0,263.36,105.0,0.0
1.0,1.0,1.0,0.0,236.0,33.0,167.0,1.0,4.0,105.71,9.0,396.0,264.35,106.0,0.0
1.0,1.0,1.0,0.0,3.0,0.0,916.0,0.0,9.0,119.14,92.0,5622.0,2294.35,2880.0,0.0
1.0,2.0,3.0,0.668895,116.0,3.0,330.0,0.0,7.0,157.25,25.33,5626.0,2296.25,2884.0,0.0
1.0,1.0,1.0,0.0,20.0,3.0,400.0,0.0,11.0,0.01,71.0,5631.0,2301.12,2889.0,0.0
1.0,4.0,8.0,2.81834,237.0,1.0,84.38,0.0,6.0,4.26,4.88,5633.0,2302.9,2890.0,0.0
1.0,1.0,1.0,0.0,1.0,1.0,1851.0,0.0,23.0,1.17,601.0,5635.0,2304.62,265.0,0.0
1.0,3.0,8.0,2.4424900000000003,117.0,63.0,135.0,1.0,8.0,183.14,3.88,5638.0,2304.43,2893.0,1.0
1.0,2.0,9.0,3.00851,98.0,97.0,127.67,1.0,8.0,85.45,3.56,5641.0,2307.31,2896.0,1.0
1.0,2.0,9.0,3.00851,98.0,97.0,127.67,1.0,8.0,85.45,3.56,5642.0,2308.3,2897.0,1.0
1.0,2.0,2.0,0.945447,344.0,0.0,0.0,0.0,0.0,0.0,0.0,5643.0,2306.87,2888.0,0.0
1.0,1.0,2.0,0.918296,49.0,14.0,272.5,0.0,8.0,328.83,38.5,5644.0,2307.07,2898.0,0.0
1.0,1.0,4.0,1.56644,84.0,71.0,307.75,0.0,3.0,49.71,1.25,5645.0,2307.93,2899.0,1.0
1.0,1.0,1.0,0.0,10.0,2.0,344.0,0.0,7.0,1.09,24.0,5646.0,2308.84,2900.0,0.0
1.0,1.0,1.0,0.0,21.0,13.0,265.0,0.0,4.0,47.29,10.0,347.0,239.18,227.0,1.0
1.0,1.0,1.0,0.0,19.0,0.0,86.0,0.0,1.0,9.33,1.0,348.0,240.16,228.0,0.0
1.0,2.0,2.0,0.995727,26.0,0.0,1040.0,0.0,11.0,23.22,75.0,5647.0,2307.95,2889.0,0.0
1.0,2.0,2.0,0.995727,26.0,0.0,1038.5,0.0,11.0,23.21,73.5,5648.0,2308.95,2890.0,0.0
1.0,6.0,8.0,2.16838,414.0,0.0,18.63,0.0,9.0,1.67,16.38,5649.0,2309.93,207.0,0.0
1.0,1.0,1.0,0.0,3.0,0.0,39.0,0.0,1.0,0.01,1.0,5650.0,2310.89,208.0,0.0
1.0,1.0,1.0,0.0,7.0,7.0,289.0,0.0,8.0,120.21,20.0,2958.0,1071.97,1829.0,0.0
1.0,3.0,3.0,0.803072,33.0,3.0,293.0,1.0,9.0,99.84,19.0,2959.0,1072.97,1830.0,0.0
2.0,2.0,2.0,0.961237,8.0,5.0,70.0,0.0,1.0,1.81,1.0,1018.0,498.8,566.0,0.0
1.0,3.0,3.0,0.803072,33.0,3.0,293.0,1.0,9.0,99.55,19.0,2960.0,1073.92,1831.0,0.0
1.0,3.0,3.0,1.52193,2.0,3.0,303.0,1.0,9.0,0.05,19.33,2961.0,1074.9,1832.0,0.0
1.0,1.0,1.0,0.0,4.0,4.0,104.0,0.0,1.0,3.31,1.0,1019.0,499.77,421.0,0.0
1.0,3.0,3.0,0.73038,32.0,3.0,293.33,1.0,9.0,153.54,17.33,2962.0,1075.88,1833.0,0.0
1.0,1.0,1.0,0.0,2.0,2.0,70.0,0.0,3.0,120.37,5.0,20.0,14.72,14.0,0.0
1.0,2.0,2.0,0.605187,27.0,0.0,301.5,0.0,7.0,135.49,25.5,5652.0,2309.8,2891.0,0.0
1.0,2.0,2.0,0.605187,27.0,0.0,296.5,0.0,6.0,158.06,25.0,5653.0,2310.8,2892.0,0.0
2.0,4.0,4.0,1.18256,202.0,0.0,110.25,0.0,7.0,114.52,15.25,5658.0,2315.27,5799.0,0.0
2.0,4.0,4.0,1.18256,202.0,0.0,112.0,0.0,6.0,122.35,15.0,5659.0,2316.27,5801.0,0.0
0.0,0.0,0.0,0.0,0.0,0.0,0.0,0.0,0.0,0.0,0.0,1020.0,499.76,0.0,0.0
0.0,0.0,0.0,0.0,0.0,0.0,0.0,0.0,0.0,0.0,0.0,1021.0,500.76,0.0,0.0
1.0,1.0,1.0,0.0,0.0,1.0,150.0,0.0,9.0,208.05,32.0,1022.0,501.76,422.0,0.0
1.0,2.0,4.0,1.8168,36.0,31.0,153.0,0.0,6.0,276.12,2.25,1024.0,503.75,579.0,0.0
2.0,2.0,2.0,0.918296,5.0,4.0,486.0,0.0,11.0,35.65,46.0,1025.0,504.75,1003.0,0.0
1.0,2.0,5.0,2.05517,28.0,4.0,504.0,0.0,12.0,101.7,38.8,1026.0,505.75,424.0,1.0
1.0,1.0,2.0,0.160823,46.0,39.0,272.5,0.0,1.0,0.01,2.5,1027.0,506.75,581.0,0.0
1.0,2.0,2.0,0.991076,55.0,17.0,187.0,0.0,6.0,265.08,14.5,349.0,240.23,229.0,0.0
1.0,2.0,2.0,0.973385,44.0,3.0,172.0,0.0,8.0,37.51,17.0,350.0,241.23,230.0,0.0
1.0,2.0,2.0,0.32984600000000003,65.0,1.0,192.5,0.0,8.0,0.0,17.5,351.0,242.23,231.0,0.0
1.0,2.0,2.0,0.4340810000000001,50.0,62.0,237.0,0.0,7.0,406.87,14.5,352.0,243.23,232.0,0.0
1.0,2.0,2.0,0.8453510000000001,17.0,5.0,224.5,0.0,8.0,0.0,18.0,353.0,244.23,233.0,0.0
1.0,2.0,2.0,0.954434,12.0,4.0,230.5,0.0,8.0,0.0,18.5,354.0,245.23,234.0,0.0
1.0,1.0,1.0,0.0,1.0,1.0,255.0,0.0,8.0,0.0,38.0,358.0,249.23,238.0,0.0
1.0,1.0,1.0,0.0,173.0,112.0,222.0,0.0,3.0,0.0,9.0,359.0,250.23,239.0,0.0
1.0,2.0,2.0,0.991076,55.0,17.0,187.5,0.0,5.0,353.35,13.0,360.0,251.22,240.0,0.0
1.0,2.0,2.0,0.4340810000000001,50.0,62.0,237.5,0.0,6.0,406.89,13.0,363.0,254.22,243.0,0.0
1.0,2.0,2.0,0.954434,12.0,4.0,231.0,0.0,7.0,0.0,17.5,365.0,256.22,245.0,0.0
1.0,2.0,2.0,0.6098399999999999,13.0,7.0,231.5,0.0,6.0,0.0,13.5,366.0,257.22,246.0,0.0
1.0,1.0,1.0,0.0,3.0,3.0,255.0,0.0,7.0,0.0,35.0,368.0,259.22,248.0,0.0
1.0,1.0,1.0,0.0,1.0,1.0,255.0,0.0,7.0,0.0,36.0,369.0,260.22,249.0,0.0
1.0,1.0,1.0,0.0,10.0,15.0,283.0,0.0,3.0,0.0,10.0,371.0,262.22,251.0,0.0
1.0,1.0,1.0,0.0,2.0,2.0,70.0,0.0,3.0,121.63,5.0,1028.0,507.6,582.0,0.0
0.0,0.0,0.0,0.0,0.0,0.0,0.0,0.0,0.0,0.0,0.0,1029.0,508.6,0.0,0.0
0.0,0.0,0.0,0.0,0.0,0.0,0.0,0.0,0.0,0.0,0.0,1030.0,509.6,0.0,0.0
1.0,1.0,1.0,0.0,7.0,7.0,289.0,0.0,8.0,121.63,20.0,1031.0,510.6,583.0,0.0
1.0,2.0,2.0,1.0,4.0,2.0,347.5,0.0,6.0,0.21,7.5,1032.0,511.56,584.0,0.0
1.0,1.0,1.0,0.0,2.0,1.0,744.0,0.0,16.0,9.3,233.0,1033.0,512.45,117.0,0.0
0.0,0.0,0.0,0.0,0.0,0.0,0.0,0.0,0.0,0.0,0.0,1035.0,514.38,0.0,0.0
1.0,3.0,5.0,1.81342,454.0,203.0,63.0,0.0,5.0,8.35,2.6,5660.0,2313.65,2904.0,1.0
1.0,1.0,1.0,0.0,31.0,0.0,1423.0,0.0,11.0,43.31,141.0,5661.0,2314.64,2899.0,0.0
1.0,4.0,3.0,1.12476,34.0,5.0,347.33,0.0,10.0,52.77,15.0,5663.0,2316.14,66.0,1.0
1.0,1.0,1.0,0.0,75.0,0.0,0.0,0.0,0.0,0.0,0.0,5664.0,2315.55,2900.0,0.0
1.0,1.0,1.0,0.0,1.0,1.0,1851.0,0.0,23.0,6.87,602.0,5665.0,2312.7,266.0,0.0
3.0,13.0,17.0,3.39247,26.0,25.0,145.94,0.0,11.0,234.7,2.82,124.0,106.61,142.0,0.0
1.0,1.0,1.0,0.0,2.0,6.0,285.0,0.0,5.0,0.27,11.0,125.0,107.54,74.0,0.0
1.0,1.0,1.0,0.0,0.0,7.0,115.0,0.0,2.0,37.94,3.0,5667.0,2310.99,2907.0,0.0
1.0,1.0,1.0,0.0,2.0,0.0,66.0,0.0,3.0,107.17,4.0,5668.0,2311.92,302.0,0.0
2.0,29.0,53.0,4.6950699999999985,997.0,174.0,208.57,0.0,17.0,171.91,12.75,5669.0,2312.78,5809.0,1.0
1.0,1.0,1.0,0.0,1.0,1.0,68.0,0.0,3.0,0.54,5.0,2963.0,1069.7,240.0,0.0
1.0,1.0,1.0,0.0,8.0,5.0,366.0,0.0,10.0,51.91,91.0,2964.0,1070.7,1834.0,0.0
1.0,3.0,3.0,1.52193,2.0,3.0,303.0,1.0,9.0,5.54,19.33,2966.0,1072.65,1835.0,0.0
1.0,1.0,1.0,0.0,8.0,5.0,366.0,0.0,9.0,51.97,91.0,2967.0,1073.62,1836.0,0.0
1.0,1.0,1.0,0.0,1.0,1.0,217.0,0.0,2.0,48.06,3.0,5670.0,2311.97,2909.0,0.0
1.0,1.0,1.0,0.0,1.0,1.0,217.0,0.0,1.0,13.02,3.0,5671.0,2312.97,2910.0,0.0
1.0,1.0,1.0,0.0,2.0,2.0,1454.0,0.0,11.0,0.7,143.0,5674.0,2315.56,2904.0,0.0
1.0,1.0,1.0,0.0,12.0,6.0,601.0,0.0,5.0,0.03,19.0,5675.0,2316.56,2905.0,0.0
1.0,1.0,1.0,0.0,6.0,7.0,433.0,0.0,6.0,101.69,51.0,5676.0,2317.48,2906.0,0.0
1.0,1.0,1.0,0.0,0.0,8.0,100.0,0.0,1.0,0.16,1.0,5677.0,2318.15,2907.0,0.0
1.0,2.0,2.0,0.836641,15.0,0.0,120.0,0.0,6.0,47.76,9.0,5678.0,2319.13,2911.0,0.0
1.0,1.0,1.0,0.0,46.0,46.0,565.0,0.0,7.0,93.81,80.0,5679.0,2318.98,2908.0,0.0
1.0,1.0,1.0,0.0,7.0,3.0,80.0,0.0,4.0,101.19,7.0,21.0,15.51,15.0,0.0
1.0,1.0,1.0,0.0,2.0,0.0,146.0,0.0,6.0,1.59,23.0,5682.0,2320.72,2911.0,0.0
1.0,1.0,1.0,0.0,1.0,1.0,161.0,0.0,8.0,214.09,45.0,5683.0,2321.71,2912.0,0.0
1.0,3.0,3.0,1.19818,7.0,6.0,1011.33,0.0,15.0,0.2,123.0,5685.0,2323.58,2913.0,0.0
1.0,3.0,23.0,4.5048900000000005,12.0,32.0,87.74,0.0,9.0,331.44,4.57,5686.0,2324.56,2913.0,0.0
0.0,0.0,0.0,0.0,0.0,0.0,0.0,0.0,0.0,0.0,0.0,5687.0,2325.38,0.0,0.0
1.0,2.0,2.0,0.937186,89.0,10.0,72.5,1.0,2.0,344.55,1.5,5690.0,2328.34,2916.0,0.0
1.0,1.0,1.0,0.0,2.0,1.0,607.0,0.0,5.0,1.03,20.0,5691.0,2329.25,2914.0,0.0
1.0,1.0,1.0,0.0,2.0,1.0,524.0,0.0,4.0,48.88,14.0,5692.0,2330.25,2915.0,0.0
1.0,1.0,1.0,0.0,13.0,4.0,286.0,0.0,1.0,4.88,2.0,5693.0,2330.77,2917.0,0.0
2.0,4.0,5.0,1.97525,29.0,7.0,285.2,0.0,6.0,19.06,14.6,5694.0,2331.53,5834.0,0.0
1.0,1.0,1.0,0.0,3.0,2.0,233.0,0.0,3.0,12.11,12.0,5695.0,2332.37,2919.0,0.0
1.0,1.0,1.0,0.0,0.0,88.0,88.0,0.0,1.0,295.73,2.0,5696.0,2331.2,2917.0,0.0
1.0,2.0,3.0,1.3896700000000002,51.0,1.0,71.33,0.0,3.0,74.89,1.33,5698.0,2333.17,134.0,0.0
1.0,2.0,2.0,0.75617,91.0,10.0,216.0,1.0,6.0,0.98,26.0,5699.0,2334.15,2918.0,0.0
1.0,2.0,2.0,0.75617,91.0,10.0,216.5,1.0,6.0,119.38,25.0,5700.0,2335.14,2919.0,0.0
1.0,2.0,3.0,1.35691,33.0,4.0,350.33,0.0,13.0,57.55,61.0,5702.0,2336.83,2921.0,0.0
1.0,3.0,4.0,0.815725,194.0,7.0,173.5,0.0,9.0,72.6,29.0,5703.0,2337.64,2922.0,0.0
1.0,1.0,1.0,0.0,2.0,1.0,172.0,0.0,1.0,0.01,1.0,5704.0,2338.63,2923.0,0.0
1.0,1.0,1.0,0.0,2.0,1.0,172.0,0.0,1.0,0.0,1.0,5707.0,2341.6,2926.0,0.0
1.0,2.0,3.0,1.18538,226.0,0.0,110.67,0.0,6.0,59.31,9.67,5710.0,2344.42,2929.0,0.0
1.0,1.0,1.0,0.0,2.0,2.0,386.0,0.0,10.0,0.02,81.0,5712.0,2346.06,2931.0,0.0
1.0,1.0,2.0,1.0,2.0,2.0,109.0,0.0,1.0,0.13,0.5,5713.0,2347.0,2932.0,0.0
1.0,2.0,2.0,0.979869,11.0,1.0,132.5,0.0,1.0,259.83,1.5,2970.0,1073.34,1838.0,0.0
2.0,29.0,53.0,4.6950699999999985,997.0,174.0,208.17,0.0,17.0,200.43,12.43,5714.0,2347.91,5853.0,1.0
1.0,1.0,1.0,0.0,2.0,2.0,1423.0,0.0,11.0,0.0,142.0,5716.0,2349.9,2935.0,0.0
1.0,1.0,1.0,0.0,1.0,1.0,1747.0,0.0,22.0,6.81,565.0,2971.0,1073.84,165.0,0.0
1.0,2.0,2.0,0.99901,12.0,15.0,153.0,0.0,2.0,3.83,1.0,2972.0,1074.41,1839.0,0.0
1.0,3.0,4.0,1.90019,27.0,28.0,121.5,0.0,7.0,77.22,5.0,27.0,20.9,23.0,0.0
1.0,1.0,1.0,0.0,1.0,1.0,141.0,1.0,1.0,294.95,1.0,5717.0,2345.34,2921.0,0.0
1.0,1.0,1.0,0.0,1.0,1.0,141.0,1.0,1.0,294.95,1.0,5718.0,2346.34,2922.0,0.0
1.0,1.0,1.0,0.0,1.0,1.0,141.0,1.0,1.0,294.96,1.0,5719.0,2347.33,2923.0,0.0
1.0,3.0,3.0,1.15234,105.0,1.0,31.67,1.0,2.0,126.27,1.67,5720.0,2347.6,2936.0,0.0
1.0,3.0,3.0,1.15234,105.0,1.0,31.67,1.0,2.0,126.27,1.67,5721.0,2348.6,2937.0,0.0
1.0,1.0,1.0,0.0,20.0,18.0,85.0,0.0,3.0,624.18,11.0,5722.0,2349.35,2924.0,0.0
1.0,2.0,2.0,0.932708,48.0,18.0,1240.5,1.0,15.0,2.05,177.5,5724.0,2349.18,2938.0,0.0
1.0,2.0,2.0,0.932708,48.0,18.0,1223.0,1.0,15.0,6.96,171.0,5725.0,2350.17,2939.0,0.0
1.0,2.0,2.0,0.932708,48.0,18.0,1192.5,1.0,13.0,36.54,161.0,5726.0,2351.16,2940.0,0.0
1.0,5.0,14.0,3.73616,124.0,443.0,90.71,0.0,7.0,0.01,3.0,5728.0,2353.09,2942.0,0.0
1.0,1.0,1.0,0.0,2.0,2.0,1372.0,0.0,11.0,0.01,135.0,5729.0,2354.09,2943.0,0.0
1.0,2.0,2.0,0.979869,11.0,1.0,132.5,0.0,2.0,254.96,1.5,5730.0,2354.39,2927.0,0.0
1.0,1.0,2.0,0.918296,12.0,0.0,743.5,0.0,11.0,20.69,58.0,5731.0,2355.34,2944.0,0.0
1.0,2.0,3.0,0.329974,81.0,1.0,75.67,0.0,1.0,1.99,0.33,5732.0,2356.34,2945.0,0.0
1.0,1.0,2.0,0.918296,12.0,0.0,743.5,0.0,11.0,20.67,58.0,5733.0,2357.34,2946.0,0.0
1.0,1.0,2.0,0.787127,17.0,0.0,722.5,0.0,10.0,69.5,51.5,5734.0,2358.33,2947.0,0.0
1.0,1.0,1.0,0.0,12.0,0.0,1159.0,0.0,8.0,11.37,57.0,5735.0,2359.31,2948.0,0.0
1.0,1.0,1.0,0.0,4.0,0.0,166.0,0.0,2.0,43.92,5.0,2.0,1.89,2.0,0.0
2.0,4.0,6.0,1.8441,190.0,7.0,277.5,0.0,11.0,82.68,36.5,5736.0,2357.9,5877.0,0.0
1.0,2.0,3.0,1.35691,33.0,4.0,348.33,0.0,12.0,110.3,59.67,5738.0,2359.88,2951.0,0.0
1.0,12.0,22.0,4.41672,49.0,27.0,258.09,1.0,16.0,253.93,19.18,5739.0,2360.84,2952.0,0.0
1.0,1.0,1.0,0.0,1.0,1.0,1851.0,0.0,23.0,3.72,604.0,5742.0,2363.76,267.0,0.0
1.0,1.0,1.0,0.0,1.0,1.0,1851.0,0.0,23.0,0.0,605.0,5743.0,2364.75,268.0,0.0
1.0,1.0,1.0,0.0,2.0,2.0,1851.0,0.0,23.0,0.02,606.0,5744.0,2365.69,269.0,0.0
1.0,6.0,7.0,2.72817,17.0,18.0,283.0,0.0,8.0,107.3,10.0,5745.0,2366.65,2930.0,0.0
1.0,5.0,15.0,3.80469,0.0,978.0,70.2,0.0,7.0,450.71,2.73,5746.0,2367.58,2931.0,0.0
1.0,1.0,1.0,0.0,1.0,1.0,80.0,0.0,5.0,726.07,14.0,3.0,2.88,0.0,0.0
1.0,1.0,1.0,0.0,1.0,1.0,80.0,0.0,5.0,726.08,14.0,4.0,3.88,1.0,0.0
1.0,1.0,1.0,0.0,1.0,1.0,80.0,1.0,5.0,726.09,14.0,5.0,4.88,2.0,0.0
1.0,1.0,1.0,0.0,2.0,3.0,80.0,0.0,3.0,30.76,5.0,5747.0,2368.46,303.0,0.0
1.0,5.0,8.0,2.64991,48.0,34.0,116.63,0.0,8.0,303.49,7.75,5748.0,2369.46,2955.0,0.0
1.0,7.0,9.0,2.6629,47.0,56.0,91.33,0.0,9.0,415.42,4.89,5749.0,2370.14,2932.0,1.0
0.0,0.0,0.0,0.0,0.0,0.0,0.0,0.0,0.0,0.0,0.0,1037.0,506.86,0.0,0.0
0.0,0.0,0.0,0.0,0.0,0.0,0.0,0.0,0.0,0.0,0.0,1038.0,507.86,0.0,0.0
0.0,0.0,0.0,0.0,0.0,0.0,0.0,0.0,0.0,0.0,0.0,1039.0,508.83,0.0,0.0
1.0,1.0,1.0,0.0,6.0,0.0,443.0,0.0,12.0,88.84,190.0,1040.0,509.83,587.0,0.0
0.0,0.0,0.0,0.0,0.0,0.0,0.0,0.0,0.0,0.0,0.0,1041.0,510.82,0.0,0.0
0.0,0.0,0.0,0.0,0.0,0.0,0.0,0.0,0.0,0.0,0.0,1042.0,511.82,0.0,0.0
1.0,2.0,2.0,0.6962119999999999,15.0,1.0,103.0,0.0,2.0,598.3,3.5,1045.0,514.8,427.0,0.0
1.0,5.0,15.0,3.80469,0.0,978.0,70.2,0.0,7.0,451.04,2.73,5750.0,2369.11,2933.0,0.0
1.0,7.0,9.0,2.6629,47.0,56.0,91.33,0.0,9.0,415.69,4.89,5752.0,2371.1,2934.0,1.0
1.0,3.0,8.0,2.41513,151.0,137.0,213.13,0.0,12.0,131.32,18.13,5754.0,2373.01,2957.0,1.0
1.0,1.0,1.0,0.0,9.0,3.0,100.0,0.0,5.0,132.88,9.0,5756.0,2374.91,2936.0,0.0
1.0,2.0,4.0,1.92881,24.0,8.0,124.5,1.0,4.0,0.06,1.75,5758.0,2376.81,2959.0,0.0
1.0,2.0,2.0,0.362051,1.0,28.0,277.5,0.0,10.0,3.11,48.5,5760.0,2378.66,2961.0,0.0
1.0,2.0,2.0,0.0,0.0,0.0,18.0,0.0,2.0,1717.81,1.0,5762.0,2380.53,2963.0,0.0
1.0,1.0,1.0,0.0,3.0,2.0,206.0,0.0,3.0,122.82,6.0,5764.0,2382.16,2938.0,0.0
1.0,1.0,1.0,0.0,3.0,2.0,206.0,0.0,3.0,122.82,6.0,5765.0,2383.15,2939.0,0.0
1.0,1.0,1.0,0.0,12.0,10.0,67.0,0.0,2.0,250.52,2.0,142.0,83.94,76.0,0.0
0.0,0.0,0.0,0.0,0.0,0.0,0.0,0.0,0.0,0.0,0.0,1048.0,517.25,0.0,0.0
2.0,6.0,8.0,2.23473,117.0,71.0,286.0,0.0,11.0,263.6,24.0,5767.0,2384.16,5907.0,0.0
1.0,2.0,3.0,1.53621,205.0,0.0,0.0,0.0,0.0,0.0,0.0,1051.0,519.93,592.0,0.0
1.0,2.0,3.0,0.834347,17.0,17.0,77.67,0.0,3.0,0.0,1.33,1052.0,520.93,593.0,0.0
1.0,1.0,1.0,0.0,1.0,1.0,1851.0,0.0,23.0,1.9,607.0,5768.0,2383.34,270.0,0.0
1.0,1.0,1.0,0.0,7.0,1.0,154.0,0.0,1.0,7.0,3.0,5770.0,2384.46,2942.0,0.0
1.0,2.0,3.0,0.976557,118.0,7.0,113.0,0.0,7.0,10.75,6.67,5771.0,2385.22,2943.0,0.0
1.0,2.0,2.0,0.932112,22.0,1.0,99.5,0.0,3.0,0.77,3.5,1053.0,521.24,594.0,0.0
1.0,3.0,8.0,2.59666,732.0,19.0,28.25,0.0,5.0,43.46,2.38,6.0,5.84,3.0,1.0
3.0,4.0,4.0,1.42665,35.0,24.0,736.5,0.0,25.0,20.51,196.0,397.0,256.46,276.0,0.0
1.0,4.0,9.0,2.51434,372.0,17.0,178.89,1.0,10.0,77.84,17.56,5773.0,2384.45,2968.0,1.0
1.0,2.0,2.0,0.958712,32.0,10.0,116.0,0.0,6.0,170.67,14.0,5775.0,2386.36,2970.0,0.0
1.0,2.0,2.0,0.958712,32.0,10.0,109.0,0.0,6.0,278.19,13.5,5776.0,2387.36,2971.0,0.0
1.0,2.0,2.0,0.7382850000000001,22.0,2.0,536.0,0.0,6.0,111.43,8.5,376.0,259.67,256.0,0.0
1.0,2.0,2.0,0.7382850000000001,22.0,2.0,536.0,0.0,6.0,120.62,8.0,377.0,260.67,257.0,0.0
1.0,1.0,1.0,0.0,1.0,1.0,137.0,1.0,2.0,7.25,4.0,379.0,262.65,259.0,0.0
1.0,1.0,1.0,0.0,1.0,1.0,137.0,1.0,2.0,4.33,4.0,380.0,263.65,260.0,0.0
1.0,1.0,1.0,0.0,1.0,1.0,119.0,0.0,5.0,433.32,15.0,5778.0,2387.04,2946.0,0.0
1.0,4.0,12.0,3.34201,159.0,24.0,99.17,0.0,4.0,209.83,0.42,2974.0,1067.53,1841.0,0.0
1.0,6.0,14.0,2.61751,354.0,41.0,166.07,1.0,12.0,112.98,22.86,5779.0,2387.72,2972.0,1.0
1.0,1.0,1.0,0.0,0.0,23.0,893.0,0.0,9.0,2.63,149.0,143.0,84.57,77.0,0.0
0.0,0.0,0.0,0.0,0.0,0.0,0.0,0.0,0.0,0.0,0.0,144.0,85.57,0.0,0.0
2.0,6.0,11.0,3.13932,10.0,25.0,157.64,0.0,9.0,89.59,12.55,128.0,107.56,138.0,0.0
1.0,1.0,1.0,0.0,0.0,2.0,361.0,1.0,5.0,0.91,61.0,5782.0,2387.56,2975.0,0.0
1.0,1.0,1.0,0.0,2.0,2.0,966.0,1.0,11.0,26.35,76.0,5783.0,2388.55,2948.0,0.0
1.0,1.0,1.0,0.0,2.0,2.0,963.0,1.0,12.0,67.12,78.0,5785.0,2390.53,2950.0,0.0
1.0,1.0,1.0,0.0,131.0,0.0,0.0,0.0,0.0,0.0,0.0,5788.0,2393.34,2953.0,0.0
1.0,2.0,4.0,1.19859,69.0,5.0,176.75,0.0,3.0,181.8,2.5,129.0,108.35,63.0,0.0
1.0,1.0,1.0,0.0,4.0,2.0,556.0,1.0,3.0,46.6,31.0,5790.0,2395.2,2955.0,0.0
1.0,4.0,4.0,1.94401,10.0,9.0,164.25,0.0,3.0,41.59,2.0,130.0,109.34,77.0,0.0
1.0,1.0,1.0,0.0,7.0,1.0,163.0,0.0,8.0,25.93,129.0,5794.0,2399.03,2957.0,0.0
1.0,2.0,2.0,0.650022,5.0,1.0,82.0,0.0,4.0,7.47,5.5,95.0,29.43,57.0,0.0
1.0,1.0,1.0,0.0,4.0,4.0,301.0,0.0,1.0,9.89,4.0,5795.0,2399.73,2958.0,0.0
2.0,4.0,4.0,1.6455799999999998,143.0,0.0,71.5,0.0,8.0,35.91,6.75,131.0,110.31,142.0,0.0
1.0,1.0,1.0,0.0,6.0,5.0,127.0,0.0,4.0,0.04,11.0,5797.0,2401.63,2959.0,0.0
1.0,1.0,2.0,1.0,20.0,4.0,192.0,0.0,5.0,7.59,8.0,5799.0,2403.15,2961.0,0.0
2.0,2.0,3.0,0.876958,59.0,18.0,957.0,0.0,25.0,82.77,230.0,398.0,256.27,251.0,0.0
1.0,1.0,1.0,0.0,1.0,1.0,215.0,0.0,8.0,0.7,29.0,5800.0,2401.81,2962.0,0.0
1.0,2.0,2.0,0.918296,1.0,5.0,75.0,0.0,2.0,161.66,2.0,5801.0,2402.63,2963.0,0.0
1.0,1.0,1.0,0.0,1.0,1.0,1851.0,0.0,23.0,0.59,614.0,5802.0,2403.63,275.0,0.0
1.0,6.0,7.0,2.56217,49.0,14.0,110.57,0.0,7.0,71.83,6.43,5805.0,2405.79,2966.0,0.0
1.0,2.0,2.0,0.061649,240.0,315.0,196.5,1.0,11.0,133.03,56.5,5806.0,2404.45,2967.0,0.0
1.0,3.0,4.0,1.7198099999999998,26.0,24.0,103.25,1.0,6.0,517.98,6.5,5807.0,2405.44,2968.0,0.0
2.0,5.0,5.0,2.13342,189.0,16.0,83.4,0.0,7.0,110.85,6.4,5808.0,2406.31,3282.0,1.0
1.0,2.0,4.0,1.26538,108.0,2.0,66.25,1.0,3.0,63.85,1.0,5812.0,2409.58,2981.0,1.0
1.0,2.0,4.0,1.26538,108.0,2.0,66.25,1.0,2.0,81.48,0.75,5813.0,2410.58,2982.0,1.0
1.0,1.0,2.0,0.998814,148.0,0.0,0.0,0.0,0.0,0.0,0.0,5814.0,2411.51,2983.0,0.0
1.0,2.0,2.0,0.56919,63.0,4.0,541.5,1.0,10.0,11.14,59.0,5815.0,2412.25,2984.0,0.0
1.0,2.0,2.0,0.56919,63.0,4.0,539.0,1.0,10.0,8.92,58.0,5816.0,2413.22,2985.0,0.0
1.0,2.0,6.0,1.70931,183.0,20.0,62.67,0.0,5.0,212.35,2.0,7.0,6.75,4.0,0.0
1.0,1.0,1.0,0.0,0.0,58.0,58.0,0.0,2.0,0.42,2.0,5817.0,2412.54,2986.0,0.0
1.0,1.0,1.0,0.0,0.0,6.0,450.0,0.0,11.0,28.81,204.0,5819.0,2414.21,2970.0,0.0
1.0,1.0,1.0,0.0,0.0,6.0,449.0,0.0,11.0,18.01,208.0,5820.0,2415.2,2971.0,0.0
2.0,13.0,28.0,4.80735,0.0,448.0,21.79,0.0,6.0,1331.08,0.5,5821.0,2415.85,276.0,0.0
2.0,13.0,28.0,4.80735,0.0,448.0,21.79,0.0,6.0,1331.08,0.5,5822.0,2416.83,278.0,0.0
2.0,2.0,2.0,0.179256,73.0,1.0,197.0,0.0,8.0,44.01,30.0,381.0,262.26,309.0,0.0
2.0,2.0,2.0,0.179256,73.0,1.0,187.0,0.0,8.0,99.35,28.0,382.0,263.26,311.0,0.0
1.0,2.0,3.0,1.58129,22.0,18.0,79.67,0.0,5.0,328.45,2.67,5824.0,2415.67,2988.0,0.0
1.0,1.0,1.0,0.0,31.0,17.0,485.0,1.0,7.0,5.0,58.0,5825.0,2416.67,2989.0,0.0
1.0,2.0,3.0,1.58129,22.0,18.0,80.0,0.0,4.0,438.54,2.33,5826.0,2417.65,2990.0,0.0
1.0,1.0,1.0,0.0,31.0,17.0,485.0,1.0,7.0,5.0,58.0,5827.0,2418.64,2991.0,0.0
1.0,1.0,3.0,1.46554,24.0,2.0,1017.0,0.0,13.0,99.71,48.33,5828.0,2419.31,2992.0,0.0
1.0,3.0,3.0,1.42332,72.0,22.0,520.67,0.0,6.0,92.09,12.0,5829.0,2420.26,2973.0,0.0
1.0,1.0,1.0,0.0,1.0,1.0,74.0,0.0,4.0,0.27,7.0,5831.0,2421.7,2994.0,0.0
2.0,8.0,10.0,2.98474,444.0,2.0,340.4,0.0,13.0,35.86,15.2,5832.0,2422.7,5969.0,0.0
1.0,2.0,15.0,2.38258,53.0,67.0,65.0,0.0,2.0,85.32,0.27,5833.0,2423.44,2975.0,0.0
1.0,1.0,1.0,0.0,9.0,0.0,123.0,0.0,3.0,728.2,7.0,133.0,111.02,66.0,0.0
2.0,8.0,8.0,2.57393,10.0,14.0,355.5,0.0,14.0,3.19,21.5,135.0,113.01,147.0,0.0
1.0,1.0,1.0,0.0,8.0,0.0,1171.0,0.0,8.0,11.01,58.0,5835.0,2422.02,2996.0,0.0
1.0,1.0,1.0,0.0,1.0,1.0,244.0,0.0,11.0,3.85,108.0,5836.0,2421.2,2976.0,0.0
1.0,1.0,1.0,0.0,1.0,1.0,1851.0,0.0,23.0,3.12,616.0,5839.0,2423.47,278.0,0.0
1.0,1.0,1.0,0.0,1.0,1.0,1747.0,0.0,22.0,0.02,568.0,5840.0,2424.45,279.0,0.0
1.0,3.0,3.0,1.03514,24.0,5.0,204.0,0.0,5.0,151.28,11.33,5843.0,2424.31,2998.0,0.0
1.0,3.0,3.0,1.03514,24.0,5.0,183.33,0.0,4.0,159.45,10.67,5844.0,2425.3,2999.0,0.0
1.0,1.0,1.0,0.0,5.0,17.0,168.0,0.0,1.0,0.95,11.0,5847.0,2425.03,3000.0,0.0
1.0,3.0,5.0,1.74142,35.0,3.0,680.0,0.0,16.0,93.18,90.8,5848.0,2425.73,3001.0,0.0
1.0,3.0,5.0,1.74142,35.0,3.0,673.2,0.0,16.0,93.06,88.2,5849.0,2426.72,3002.0,0.0
0.0,0.0,0.0,0.0,0.0,0.0,0.0,0.0,0.0,0.0,0.0,136.0,113.25,0.0,0.0
2.0,2.0,2.0,0.8112779999999999,21.0,7.0,366.5,0.0,13.0,23.21,128.0,137.0,114.25,81.0,0.0
1.0,2.0,3.0,0.729982,74.0,33.0,125.0,0.0,4.0,147.68,2.67,5852.0,2428.85,2982.0,0.0
1.0,1.0,1.0,0.0,8.0,0.0,128.0,0.0,4.0,8.19,12.0,138.0,115.19,81.0,0.0
2.0,2.0,2.0,0.918296,1.0,5.0,327.5,0.0,10.0,9.08,49.5,139.0,116.16,151.0,0.0
0.0,0.0,0.0,0.0,0.0,0.0,0.0,0.0,0.0,0.0,0.0,400.0,254.11,0.0,0.0
2.0,2.0,2.0,0.8112779999999999,21.0,7.0,356.5,0.0,13.0,13.52,118.0,140.0,116.76,85.0,0.0
2.0,2.0,2.0,1.0,2.0,2.0,1429.5,0.0,24.0,22.9,489.0,401.0,254.59,64.0,0.0
1.0,1.0,1.0,0.0,3.0,8.0,1008.0,0.0,13.0,0.0,457.0,404.0,257.59,24.0,0.0
1.0,1.0,1.0,0.0,7.0,0.0,1003.0,0.0,13.0,0.0,458.0,405.0,258.59,25.0,0.0
1.0,1.0,1.0,0.0,3.0,0.0,221.0,0.0,5.0,12.84,69.0,407.0,260.59,215.0,0.0
1.0,1.0,1.0,0.0,12.0,1.0,163.0,0.0,19.0,31.71,233.0,408.0,261.59,216.0,0.0
2.0,4.0,4.0,1.29836,19.0,18.0,570.5,0.0,23.0,43.29,169.5,409.0,262.59,260.0,0.0
1.0,1.0,1.0,0.0,9.0,0.0,488.0,0.0,6.0,233.66,18.0,410.0,263.56,107.0,0.0
1.0,1.0,1.0,0.0,4.0,2.0,122.0,0.0,2.0,11.31,9.0,411.0,264.33,218.0,0.0
1.0,1.0,1.0,0.0,4.0,2.0,480.0,0.0,5.0,269.94,24.0,5856.0,2422.5,2984.0,0.0
1.0,1.0,1.0,0.0,6.0,6.0,497.0,0.0,7.0,0.6,19.0,413.0,266.27,108.0,0.0
1.0,1.0,1.0,0.0,3.0,1.0,113.0,0.0,3.0,12.5,3.0,414.0,267.27,220.0,0.0
3.0,6.0,6.0,2.11159,1.0,50.0,725.5,0.0,25.0,23.09,184.5,417.0,270.25,295.0,0.0
3.0,3.0,3.0,1.34859,10.0,1.0,783.33,0.0,23.0,7.02,249.33,418.0,271.19,298.0,0.0
1.0,1.0,1.0,0.0,1.0,1.0,88.0,0.0,3.0,133.34,31.0,145.0,84.73,6.0,0.0
1.0,1.0,1.0,0.0,1.0,1.0,1691.0,0.0,19.0,15.59,489.0,5859.0,2422.9,283.0,0.0
1.0,1.0,1.0,0.0,1.0,1.0,88.0,0.0,4.0,27.11,38.0,146.0,85.72,7.0,0.0
1.0,1.0,1.0,0.0,1.0,1.0,88.0,0.0,5.0,0.0,39.0,147.0,86.72,8.0,0.0
1.0,1.0,1.0,0.0,3.0,0.0,826.0,0.0,18.0,33.67,255.0,2975.0,1051.79,169.0,0.0
1.0,2.0,9.0,1.7693900000000002,46.0,83.0,80.11,0.0,5.0,519.92,5.78,2976.0,1052.79,242.0,0.0
1.0,1.0,1.0,0.0,1.0,1.0,1013.0,0.0,13.0,0.7,461.0,5860.0,2423.49,94.0,0.0
1.0,1.0,1.0,0.0,1.0,1.0,1013.0,0.0,13.0,0.0,462.0,5861.0,2424.49,95.0,0.0
1.0,1.0,1.0,0.0,3.0,0.0,745.0,0.0,16.0,27.48,234.0,2978.0,1054.43,171.0,0.0
1.0,2.0,2.0,0.520335,77.0,0.0,65.0,0.0,2.0,77.2,1.5,89.0,35.62,2.0,0.0
1.0,2.0,2.0,0.918296,2.0,1.0,47.0,0.0,2.0,10.71,1.0,90.0,36.62,3.0,0.0
1.0,2.0,2.0,0.439497,49.0,17.0,158.5,1.0,4.0,333.85,8.5,383.0,259.34,263.0,0.0
1.0,2.0,2.0,0.439497,49.0,17.0,158.5,1.0,4.0,438.07,8.0,385.0,261.34,265.0,0.0
1.0,1.0,1.0,0.0,24.0,1.0,107.0,0.0,2.0,16.31,4.0,2980.0,1055.89,1843.0,0.0
1.0,1.0,2.0,0.764205,5.0,4.0,74.0,0.0,5.0,11.89,7.0,8.0,7.55,5.0,0.0
1.0,2.0,2.0,0.376715,72.0,24.0,266.0,1.0,5.0,159.9,19.0,5862.0,2422.57,2985.0,0.0
1.0,2.0,2.0,0.376715,72.0,24.0,266.5,1.0,3.0,159.9,18.0,5864.0,2424.55,2987.0,0.0
1.0,2.0,2.0,0.376715,72.0,24.0,265.5,1.0,3.0,274.38,17.5,5865.0,2425.55,2988.0,0.0
1.0,1.0,1.0,0.0,2.0,1.0,758.0,0.0,6.0,120.79,47.0,142.0,117.92,85.0,0.0
1.0,1.0,1.0,0.0,1.0,2.0,759.0,0.0,7.0,0.28,48.0,143.0,118.84,86.0,0.0
1.0,2.0,2.0,0.798244,61.0,1.0,195.5,0.0,7.0,28.3,17.5,386.0,261.86,266.0,0.0
1.0,1.0,1.0,0.0,15.0,11.0,830.0,0.0,18.0,2.01,257.0,91.0,37.53,4.0,0.0
1.0,2.0,3.0,1.30569,38.0,9.0,67.0,0.0,3.0,130.32,4.0,390.0,265.39,270.0,0.0
1.0,2.0,2.0,0.102158,75.0,0.0,10.5,0.0,5.0,0.09,3.0,391.0,266.3,271.0,0.0
1.0,1.0,1.0,0.0,8.0,4.0,248.0,1.0,6.0,77.63,33.0,5866.0,2419.67,2989.0,0.0
1.0,1.0,1.0,0.0,8.0,4.0,249.0,1.0,6.0,77.61,31.0,5867.0,2420.67,2990.0,0.0
1.0,1.0,1.0,0.0,8.0,4.0,247.0,1.0,5.0,213.2,28.0,5868.0,2421.65,2991.0,0.0
1.0,1.0,2.0,0.8631209999999999,4.0,3.0,195.0,1.0,5.0,230.65,13.5,5870.0,2423.32,2993.0,0.0
1.0,1.0,2.0,0.8631209999999999,4.0,3.0,195.0,1.0,4.0,253.39,13.0,5871.0,2424.32,2994.0,0.0
1.0,2.0,2.0,0.391244,25.0,1.0,124.0,1.0,5.0,299.07,11.0,1055.0,504.3,595.0,0.0
1.0,2.0,2.0,0.391244,25.0,1.0,123.0,1.0,4.0,343.34,10.5,1056.0,505.29,596.0,0.0
1.0,1.0,1.0,0.0,2.0,2.0,77.0,1.0,1.0,454.1,2.0,393.0,265.68,52.0,0.0
1.0,1.0,1.0,0.0,2.0,2.0,77.0,1.0,1.0,454.1,2.0,394.0,266.67,53.0,0.0
1.0,1.0,1.0,0.0,2.0,2.0,77.0,1.0,1.0,454.1,2.0,395.0,267.67,54.0,0.0
1.0,1.0,1.0,0.0,1.0,8.0,1012.0,0.0,13.0,1.13,464.0,421.0,269.88,28.0,0.0
1.0,1.0,2.0,0.979869,7.0,5.0,563.5,0.0,11.0,19.16,63.5,422.0,270.88,224.0,0.0
1.0,2.0,6.0,2.14626,55.0,15.0,399.5,0.0,13.0,303.2,35.17,423.0,271.86,225.0,0.0
1.0,2.0,2.0,0.684038,85.0,69.0,73.0,0.0,10.0,123.1,55.5,424.0,272.67,14.0,0.0
1.0,2.0,3.0,0.889234,81.0,27.0,153.67,1.0,9.0,29.99,11.33,1058.0,506.23,598.0,1.0
1.0,1.0,1.0,0.0,4.0,1.0,1455.0,0.0,11.0,24.36,146.0,2984.0,1049.84,653.0,0.0
1.0,1.0,1.0,0.0,4.0,1.0,1424.0,0.0,11.0,24.36,145.0,2985.0,1050.83,654.0,0.0
1.0,1.0,1.0,0.0,3.0,0.0,702.0,0.0,14.0,43.0,206.0,2986.0,1051.83,174.0,0.0
1.0,1.0,1.0,0.0,4.0,1.0,1373.0,1.0,11.0,26.27,137.0,2987.0,1052.18,655.0,0.0
1.0,1.0,1.0,0.0,1.0,1.0,1788.0,0.0,23.0,2.97,627.0,5872.0,2401.62,285.0,0.0
1.0,4.0,4.0,0.975837,114.0,14.0,410.75,0.0,10.0,0.05,42.5,5875.0,2403.94,3005.0,0.0
1.0,1.0,1.0,0.0,113.0,0.0,0.0,0.0,0.0,0.0,0.0,5877.0,2403.52,3007.0,0.0
1.0,1.0,2.0,0.258019,45.0,1.0,56.5,1.0,1.0,0.0,0.5,5878.0,2404.51,3008.0,0.0
1.0,2.0,3.0,1.50456,28.0,33.0,495.67,0.0,8.0,83.97,20.33,5879.0,2404.94,3009.0,0.0
1.0,1.0,1.0,0.0,44.0,0.0,0.0,1.0,0.0,0.0,0.0,5881.0,2406.73,3011.0,0.0
2.0,5.0,6.0,2.21936,125.0,1.0,257.67,0.0,8.0,98.12,10.67,5882.0,2407.64,6007.0,0.0
1.0,1.0,2.0,0.8453510000000001,30.0,3.0,427.5,0.0,9.0,101.43,46.0,5884.0,2409.58,2997.0,0.0
1.0,1.0,1.0,0.0,1.0,1.0,1788.0,0.0,23.0,1.39,628.0,5885.0,2409.96,286.0,0.0
1.0,1.0,1.0,0.0,3.0,1.0,37.0,0.0,4.0,652.38,8.0,5886.0,2410.93,2998.0,0.0
1.0,2.0,4.0,1.15445,91.0,7.0,185.0,1.0,10.0,21.04,25.75,5887.0,2411.86,3014.0,0.0
1.0,2.0,3.0,1.08336,91.0,6.0,178.33,1.0,9.0,36.97,28.33,5888.0,2412.86,3015.0,0.0
1.0,3.0,9.0,2.78079,87.0,23.0,204.44,0.0,8.0,177.64,9.67,5891.0,2413.77,3018.0,0.0
1.0,1.0,1.0,0.0,1.0,2.0,109.0,0.0,1.0,167.95,9.0,5892.0,2414.67,3019.0,0.0
1.0,1.0,1.0,0.0,1.0,2.0,109.0,0.0,1.0,167.98,9.0,5893.0,2415.6,3020.0,0.0
1.0,1.0,1.0,0.0,22.0,2.0,101.0,0.0,1.0,198.77,3.0,2988.0,1049.55,656.0,0.0
1.0,1.0,1.0,0.0,1.0,1.0,74.0,0.0,1.0,9.79,1.0,5895.0,2417.1,3000.0,0.0
1.0,1.0,1.0,0.0,2.0,0.0,127.0,0.0,2.0,211.05,3.0,5897.0,2416.72,3002.0,0.0
1.0,2.0,2.0,0.999848,4.0,65.0,138.0,0.0,3.0,349.79,3.0,5898.0,2417.55,3003.0,0.0
1.0,1.0,1.0,0.0,5.0,4.0,289.0,0.0,4.0,267.25,6.0,5900.0,2419.47,3005.0,0.0
1.0,2.0,2.0,0.996792,5.0,10.0,218.5,0.0,4.0,195.57,3.5,5901.0,2420.15,3006.0,0.0
1.0,1.0,1.0,0.0,23.0,1.0,157.0,0.0,4.0,186.19,38.0,5904.0,2422.32,307.0,0.0
1.0,3.0,3.0,1.58496,3.0,3.0,96.0,0.0,4.0,183.37,13.33,5905.0,2421.3,308.0,0.0
1.0,1.0,1.0,0.0,4.0,9.0,92.0,0.0,1.0,394.24,1.0,5906.0,2422.29,309.0,0.0
1.0,4.0,5.0,1.9267,174.0,1.0,9.6,1.0,5.0,42.89,1.6,5907.0,2423.11,3008.0,0.0
1.0,4.0,5.0,1.9267,174.0,1.0,9.6,1.0,5.0,42.89,1.6,5908.0,2424.1,3009.0,0.0
1.0,4.0,5.0,1.9267,174.0,1.0,9.6,1.0,5.0,42.6,1.6,5909.0,2425.1,3010.0,0.0
1.0,1.0,1.0,0.0,2.0,0.0,118.0,0.0,2.0,90.4,6.0,5910.0,2425.63,3011.0,0.0
2.0,5.0,7.0,2.45094,114.0,20.0,535.0,1.0,16.0,101.13,58.57,5911.0,2426.28,6033.0,0.0
2.0,3.0,5.0,2.07788,38.0,20.0,742.0,1.0,16.0,159.74,78.6,5912.0,2427.25,6035.0,0.0
1.0,1.0,1.0,0.0,4.0,4.0,74.0,0.0,2.0,456.74,2.0,5913.0,2428.07,3014.0,0.0
1.0,1.0,1.0,0.0,58.0,0.0,0.0,0.0,0.0,0.0,0.0,5915.0,2429.98,3024.0,0.0
1.0,1.0,1.0,0.0,3.0,1.0,341.0,0.0,5.0,21.23,20.0,5916.0,2430.9,3025.0,0.0
1.0,1.0,1.0,0.0,76.0,0.0,0.0,0.0,0.0,0.0,0.0,5917.0,2431.88,3026.0,0.0
1.0,2.0,2.0,0.692419,67.0,3.0,162.0,1.0,9.0,2.09,36.5,5918.0,2432.82,3027.0,0.0
1.0,2.0,2.0,0.692419,67.0,3.0,161.5,1.0,9.0,15.71,35.5,5919.0,2433.82,3028.0,0.0
1.0,2.0,2.0,0.692419,67.0,3.0,153.5,1.0,8.0,77.1,32.0,5920.0,2434.8,3029.0,0.0
1.0,1.0,1.0,0.0,16.0,1.0,135.0,0.0,9.0,0.05,111.0,397.0,265.98,273.0,0.0
1.0,1.0,1.0,0.0,83.0,0.0,0.0,0.0,0.0,0.0,0.0,5922.0,2435.42,3015.0,0.0
1.0,2.0,3.0,1.08631,16.0,1.0,121.33,0.0,3.0,373.03,3.33,5923.0,2436.4,3016.0,0.0
1.0,2.0,3.0,1.08631,16.0,1.0,121.33,0.0,3.0,373.03,3.33,5924.0,2437.4,3017.0,0.0
1.0,2.0,4.0,1.95806,136.0,49.0,75.25,0.0,4.0,131.65,2.0,5925.0,2438.35,3018.0,0.0
1.0,1.0,1.0,0.0,1.0,1.0,1691.0,0.0,19.0,14.9,490.0,5926.0,2439.28,287.0,0.0
1.0,1.0,1.0,0.0,1.0,1.0,1788.0,0.0,23.0,3.47,629.0,5927.0,2440.16,288.0,0.0
2.0,3.0,3.0,0.8249799999999999,27.0,27.0,681.67,0.0,23.0,140.69,216.67,5928.0,2440.91,3308.0,0.0
1.0,1.0,1.0,0.0,4.0,6.0,192.0,0.0,1.0,0.01,1.0,94.0,39.8,57.0,0.0
1.0,2.0,3.0,1.52193,18.0,2.0,1456.33,0.0,17.0,63.91,151.33,5931.0,2443.37,3031.0,0.0
1.0,2.0,3.0,1.0133299999999998,122.0,66.0,76.33,0.0,3.0,114.11,3.67,5932.0,2444.34,311.0,0.0
2.0,2.0,2.0,0.918296,2.0,1.0,1040.0,0.0,24.0,3.76,385.5,5933.0,2445.31,425.0,0.0
2.0,5.0,6.0,2.15409,21.0,14.0,262.5,1.0,7.0,183.83,7.83,5934.0,2446.06,3332.0,0.0
1.0,2.0,3.0,1.0159200000000002,122.0,67.0,77.33,0.0,2.0,184.57,3.0,5935.0,2447.05,313.0,0.0
2.0,5.0,6.0,2.15409,21.0,14.0,262.5,1.0,7.0,183.82,7.33,5936.0,2448.05,3335.0,0.0
2.0,4.0,17.0,3.85009,266.0,2.0,60.76,0.0,5.0,328.3,1.53,5937.0,2448.85,3337.0,0.0
1.0,1.0,1.0,0.0,5.0,5.0,57.0,0.0,1.0,0.0,1.0,5938.0,2449.85,3023.0,0.0
1.0,1.0,1.0,0.0,5.0,5.0,57.0,0.0,1.0,0.0,1.0,5940.0,2451.83,3025.0,0.0
2.0,3.0,3.0,1.49582,24.0,10.0,348.0,0.0,7.0,0.07,13.33,5941.0,2452.75,3343.0,0.0
2.0,3.0,3.0,1.49582,24.0,10.0,348.0,0.0,7.0,0.07,12.33,5942.0,2453.75,3345.0,0.0
1.0,1.0,1.0,0.0,0.0,2.0,88.0,0.0,2.0,0.0,5.0,5944.0,2455.75,3029.0,0.0
1.0,1.0,1.0,0.0,4.0,0.0,177.0,0.0,3.0,14.39,3.0,5945.0,2456.37,319.0,0.0
1.0,1.0,1.0,0.0,1.0,1.0,150.0,0.0,9.0,0.98,112.0,398.0,266.47,274.0,0.0
1.0,6.0,11.0,2.5086,126.0,8.0,143.91,0.0,11.0,96.11,6.27,5948.0,2456.62,3032.0,0.0
1.0,1.0,1.0,0.0,1.0,1.0,150.0,0.0,9.0,0.83,113.0,2989.0,1045.45,1846.0,0.0
1.0,1.0,1.0,0.0,3.0,2.0,182.0,0.0,5.0,0.0,5.0,2991.0,1047.45,244.0,0.0
2.0,3.0,3.0,1.22439,4.0,23.0,840.0,0.0,24.0,5.45,244.0,2992.0,1048.45,412.0,0.0
1.0,1.0,1.0,0.0,0.0,1.0,720.0,0.0,3.0,0.18,12.0,144.0,115.84,87.0,0.0
3.0,6.0,10.0,2.70827,223.0,129.0,245.1,0.0,24.0,174.16,81.9,5952.0,2457.5,3463.0,0.0
1.0,2.0,4.0,1.1178,85.0,66.0,865.75,0.0,13.0,71.33,54.75,146.0,117.61,88.0,0.0
1.0,2.0,2.0,0.991076,8.0,10.0,889.0,0.0,11.0,0.12,58.5,147.0,118.58,89.0,0.0
1.0,1.0,1.0,0.0,2.0,3.0,148.0,0.0,2.0,5.02,3.0,5954.0,2456.2,3036.0,0.0
1.0,1.0,5.0,1.01923,14.0,139.0,79.8,0.0,3.0,95.11,0.6,5955.0,2457.17,3037.0,0.0
1.0,1.0,1.0,0.0,7.0,1.0,95.0,0.0,1.0,218.82,1.0,5956.0,2458.16,3038.0,0.0
1.0,3.0,4.0,1.50326,18.0,0.0,232.75,0.0,12.0,6.19,52.5,5957.0,2459.12,3039.0,0.0
1.0,1.0,1.0,0.0,0.0,1.0,475.0,0.0,11.0,0.0,207.0,5958.0,2460.12,3040.0,0.0
1.0,1.0,1.0,0.0,15.0,8.0,136.0,0.0,2.0,30.13,3.0,5959.0,2461.09,3032.0,0.0
1.0,1.0,4.0,1.57095,16.0,4.0,420.5,0.0,2.0,309.95,1.25,5962.0,2463.74,3035.0,0.0
1.0,1.0,1.0,0.0,17.0,3.0,196.0,0.0,3.0,156.89,4.0,5963.0,2464.73,3042.0,0.0
1.0,1.0,1.0,0.0,1.0,1.0,37.0,0.0,1.0,318.0,2.0,5964.0,2465.25,3043.0,0.0
1.0,1.0,1.0,0.0,28.0,0.0,118.0,0.0,3.0,16.83,7.0,2993.0,1046.51,1847.0,0.0
1.0,1.0,1.0,0.0,1.0,1.0,150.0,0.0,9.0,2.39,114.0,2994.0,1047.51,1848.0,0.0
1.0,1.0,4.0,1.67742,21.0,11.0,213.0,0.0,2.0,92.11,1.5,5965.0,2463.63,3036.0,0.0
1.0,1.0,1.0,0.0,4.0,1.0,1014.0,0.0,2.0,0.92,5.0,5966.0,2464.53,3037.0,0.0
1.0,2.0,2.0,0.706274,18.0,8.0,92.0,0.0,2.0,0.91,3.5,5967.0,2465.53,3044.0,0.0
3.0,15.0,35.0,4.73954,3305.0,0.0,79.97,0.0,27.0,1.14,26.29,21.0,14.75,20.0,1.0
2.0,2.0,2.0,0.8112779999999999,1.0,7.0,965.5,0.0,23.0,0.0,318.5,22.0,15.75,19.0,0.0
1.0,1.0,1.0,0.0,0.0,1.0,98.0,0.0,1.0,9.26,1.0,399.0,265.4,55.0,0.0
1.0,1.0,1.0,0.0,5.0,27.0,85.0,0.0,1.0,0.57,1.0,23.0,16.73,10.0,0.0
1.0,1.0,1.0,0.0,1.0,1.0,1805.0,0.0,23.0,0.65,638.0,5968.0,2463.59,293.0,0.0
1.0,1.0,1.0,0.0,1.0,0.0,363.0,0.0,7.0,20.65,82.0,148.0,84.87,78.0,0.0
1.0,2.0,2.0,0.95584,129.0,1.0,148.5,0.0,6.0,37.6,14.5,5969.0,2463.78,3038.0,0.0
1.0,2.0,2.0,0.95584,129.0,1.0,148.5,0.0,6.0,37.6,14.5,5970.0,2464.78,3039.0,0.0
1.0,2.0,2.0,0.391244,64.0,1.0,35.5,1.0,2.0,18.51,1.5,5971.0,2465.5,3045.0,0.0
1.0,2.0,2.0,0.391244,64.0,1.0,35.5,1.0,2.0,18.21,1.5,5972.0,2466.5,3046.0,0.0
1.0,2.0,5.0,1.90504,266.0,6.0,92.6,0.0,3.0,62.04,2.8,5973.0,2467.36,3047.0,1.0
2.0,2.0,2.0,1.0,2.0,2.0,1405.0,0.0,24.0,6.25,503.0,427.0,269.94,77.0,0.0
1.0,2.0,2.0,0.918296,2.0,1.0,888.0,0.0,11.0,2.98,59.0,148.0,118.79,90.0,0.0
1.0,14.0,14.0,3.45252,34.0,336.0,57.0,0.0,10.0,805.41,8.07,400.0,265.87,275.0,0.0
1.0,1.0,1.0,0.0,0.0,4.0,134.0,0.0,7.0,153.91,87.0,401.0,266.87,27.0,0.0
1.0,3.0,3.0,1.48596,20.0,17.0,78.67,0.0,7.0,403.68,31.33,402.0,267.86,28.0,0.0
1.0,1.0,1.0,0.0,0.0,4.0,134.0,0.0,5.0,153.93,69.0,403.0,268.86,29.0,0.0
1.0,1.0,1.0,0.0,1.0,1.0,1805.0,0.0,23.0,0.68,640.0,5974.0,2465.85,294.0,0.0
1.0,5.0,7.0,2.80703,229.0,4.0,208.29,1.0,11.0,1.85,21.0,2995.0,1044.83,657.0,1.0
1.0,1.0,1.0,0.0,119.0,0.0,0.0,0.0,0.0,0.0,0.0,2996.0,1045.83,658.0,0.0
1.0,1.0,1.0,0.0,3.0,3.0,1482.0,1.0,11.0,0.27,148.0,2999.0,1048.5,661.0,0.0
1.0,1.0,1.0,0.0,2.0,1.0,1017.0,0.0,2.0,2.9,6.0,3000.0,1049.5,662.0,0.0
1.0,1.0,1.0,0.0,0.0,119.0,119.0,0.0,1.0,0.33,1.0,3003.0,1052.43,665.0,0.0
1.0,1.0,1.0,0.0,0.0,119.0,119.0,0.0,1.0,0.29,1.0,3004.0,1053.43,666.0,0.0
2.0,4.0,5.0,1.67293,11.0,11.0,337.4,0.0,10.0,6.51,8.2,1061.0,498.1,1032.0,0.0
1.0,1.0,1.0,0.0,1.0,1.0,289.0,0.0,16.0,50.28,272.0,124.0,30.15,21.0,0.0
1.0,1.0,1.0,0.0,1.0,1.0,290.0,0.0,14.0,38.78,242.0,125.0,31.15,22.0,0.0
1.0,1.0,1.0,0.0,122.0,0.0,0.0,0.0,0.0,0.0,0.0,5975.0,2455.96,3040.0,0.0
1.0,1.0,1.0,0.0,1.0,1.0,884.0,0.0,9.0,24.74,164.0,5976.0,2456.94,3048.0,0.0
1.0,2.0,2.0,1.0,4.0,4.0,110.5,1.0,6.0,38.88,11.0,5977.0,2457.92,3049.0,0.0
1.0,2.0,2.0,1.0,4.0,4.0,110.5,1.0,6.0,252.42,10.5,5978.0,2458.91,3050.0,0.0
2.0,4.0,13.0,2.93561,306.0,164.0,138.15,0.0,9.0,245.52,10.0,5979.0,2458.84,6092.0,0.0
1.0,1.0,1.0,0.0,1.0,1.0,66.0,0.0,1.0,471.1,2.0,149.0,118.71,70.0,0.0
1.0,1.0,1.0,0.0,60.0,0.0,0.0,0.0,0.0,0.0,0.0,5981.0,2459.07,3043.0,0.0
2.0,5.0,9.0,2.87648,341.0,4.0,73.0,0.0,9.0,80.71,20.89,5982.0,2459.81,6096.0,0.0
1.0,1.0,1.0,0.0,2.0,3.0,53.0,0.0,1.0,0.0,1.0,5983.0,2460.81,3053.0,0.0
1.0,1.0,1.0,0.0,2.0,2.0,626.0,0.0,9.0,0.01,185.0,5984.0,2461.79,3054.0,0.0
1.0,1.0,1.0,0.0,2.0,5.0,78.0,0.0,1.0,0.01,1.0,5985.0,2462.79,3055.0,0.0
1.0,5.0,13.0,3.18636,70.0,57.0,119.0,0.0,8.0,374.48,5.62,5986.0,2463.12,3056.0,0.0
1.0,2.0,3.0,1.35607,184.0,0.0,0.0,0.0,0.0,0.0,0.0,5988.0,2465.08,321.0,0.0
1.0,4.0,4.0,1.83659,18.0,0.0,47.0,0.0,9.0,139.7,10.75,5989.0,2466.06,3057.0,0.0
1.0,4.0,4.0,1.92193,10.0,0.0,45.75,0.0,10.0,139.71,10.25,5990.0,2467.05,3058.0,0.0
1.0,4.0,4.0,1.92193,20.0,0.0,47.0,0.0,9.0,139.71,10.75,5991.0,2468.05,3059.0,0.0
3.0,5.0,5.0,2.25947,1.0,24.0,520.8,0.0,24.0,17.29,142.6,404.0,267.38,371.0,0.0
1.0,1.0,1.0,0.0,288.0,284.0,303.0,0.0,8.0,0.04,97.0,405.0,268.36,31.0,0.0
1.0,3.0,7.0,2.50233,63.0,24.0,191.14,0.0,5.0,180.03,13.43,407.0,270.29,277.0,0.0
1.0,3.0,6.0,2.018,153.0,72.0,365.83,1.0,10.0,69.05,28.17,5992.0,2466.69,3060.0,0.0
1.0,2.0,2.0,0.367498,71.0,0.0,138.5,0.0,6.0,6.64,17.0,5995.0,2469.23,3063.0,0.0
1.0,2.0,2.0,0.367498,71.0,0.0,134.0,0.0,6.0,177.53,15.5,5996.0,2470.23,3064.0,0.0
1.0,3.0,6.0,1.28427,122.0,11.0,148.33,0.0,8.0,180.67,10.5,5997.0,2470.97,3065.0,0.0
1.0,3.0,6.0,1.28427,122.0,11.0,148.33,0.0,8.0,177.77,10.5,5998.0,2471.96,3066.0,0.0
2.0,5.0,6.0,1.70226,156.0,0.0,278.33,0.0,19.0,2.87,88.67,5999.0,2472.45,460.0,0.0
1.0,1.0,2.0,1.0,0.0,4.0,59.5,0.0,1.0,0.0,0.5,6000.0,2473.43,323.0,0.0
1.0,6.0,10.0,2.96162,367.0,5.0,12.7,1.0,6.0,3.77,1.5,6002.0,2475.11,3068.0,0.0
1.0,7.0,11.0,3.3164,15.0,57.0,154.45,0.0,1.0,7.15,0.09,150.0,119.19,91.0,0.0
1.0,2.0,4.0,1.1867,4.0,18.0,113.5,0.0,5.0,1.43,3.25,151.0,120.19,92.0,0.0
1.0,3.0,6.0,1.28427,11.0,122.0,166.83,0.0,8.0,0.81,10.67,6004.0,2475.13,3070.0,0.0
1.0,1.0,1.0,0.0,6.0,0.0,46.0,0.0,1.0,473.56,2.0,6005.0,2476.05,213.0,0.0
1.0,1.0,1.0,0.0,6.0,0.0,46.0,0.0,1.0,473.56,2.0,6006.0,2477.05,214.0,0.0
2.0,10.0,20.0,3.8237,1395.0,1.0,98.7,0.0,26.0,0.47,37.85,6009.0,2479.75,3367.0,1.0
2.0,2.0,2.0,0.558629,46.0,0.0,432.0,0.0,18.0,0.39,130.0,6011.0,2481.7,463.0,0.0
2.0,3.0,3.0,1.36096,10.0,0.0,899.0,0.0,25.0,40.07,258.67,6012.0,2482.69,387.0,0.0
2.0,2.0,2.0,0.485461,17.0,2.0,933.0,0.0,23.0,83.55,324.5,3005.0,1047.38,2017.0,0.0
1.0,1.0,1.0,0.0,1.0,1.0,1691.0,0.0,19.0,13.06,491.0,3007.0,1049.14,170.0,0.0
1.0,2.0,4.0,1.93581,181.0,2.0,12.0,0.0,2.0,271.05,1.0,6013.0,2480.29,3073.0,0.0
1.0,1.0,1.0,0.0,7.0,0.0,79.0,0.0,8.0,161.44,99.0,6014.0,2481.17,3074.0,0.0
1.0,1.0,1.0,0.0,7.0,0.0,79.0,0.0,8.0,55.18,106.0,6015.0,2482.16,3075.0,0.0
3.0,6.0,6.0,2.21885,13.0,23.0,488.17,0.0,26.0,98.13,151.0,153.0,121.72,102.0,0.0
1.0,1.0,1.0,0.0,1.0,0.0,164.0,0.0,21.0,0.72,237.0,154.0,122.53,95.0,0.0
1.0,1.0,1.0,0.0,6.0,0.0,329.0,0.0,11.0,68.22,194.0,3009.0,1049.47,667.0,0.0
1.0,1.0,1.0,0.0,6.0,0.0,328.0,0.0,12.0,56.83,198.0,3010.0,1049.93,668.0,0.0
1.0,1.0,1.0,0.0,1.0,1.0,523.0,0.0,12.0,3.58,153.0,3011.0,1050.75,248.0,0.0
1.0,1.0,1.0,0.0,0.0,2.0,870.0,0.0,18.0,2.8,261.0,3012.0,1051.75,176.0,0.0
1.0,1.0,1.0,0.0,9.0,7.0,331.0,0.0,9.0,15.46,75.0,6016.0,2476.75,3045.0,0.0
1.0,1.0,1.0,0.0,9.0,7.0,330.0,0.0,9.0,15.47,72.0,6017.0,2477.75,3046.0,0.0
1.0,1.0,5.0,0.8088420000000001,40.0,6.0,213.0,0.0,4.0,178.09,1.2,3013.0,1052.69,1852.0,0.0
1.0,1.0,1.0,0.0,2.0,0.0,868.0,0.0,18.0,0.04,262.0,3014.0,1053.69,177.0,0.0
1.0,2.0,5.0,2.0118400000000003,375.0,15.0,117.8,0.0,7.0,106.23,9.6,6018.0,2478.59,3076.0,1.0
1.0,1.0,1.0,0.0,2.0,0.0,870.0,0.0,18.0,0.05,263.0,3016.0,1055.64,178.0,0.0
1.0,1.0,1.0,0.0,1.0,1.0,884.0,0.0,9.0,6.1,165.0,6021.0,2480.54,3078.0,0.0
1.0,3.0,3.0,1.00233,36.0,0.0,138.0,0.0,7.0,181.59,6.0,155.0,123.15,96.0,0.0
1.0,3.0,3.0,0.817634,43.0,7.0,95.0,0.0,5.0,325.01,1.67,156.0,124.15,97.0,0.0
1.0,3.0,3.0,1.19463,67.0,0.0,288.33,0.0,7.0,4.91,13.33,6024.0,2481.01,3081.0,0.0
1.0,1.0,1.0,0.0,2.0,2.0,77.0,1.0,2.0,23.54,3.0,3017.0,1055.3,669.0,0.0
1.0,1.0,1.0,0.0,2.0,2.0,77.0,1.0,2.0,23.57,3.0,3018.0,1056.26,670.0,0.0
1.0,2.0,6.0,2.5613,38.0,5.0,174.33,0.0,5.0,298.84,6.33,157.0,124.91,98.0,0.0
2.0,6.0,7.0,2.57216,237.0,19.0,261.71,0.0,10.0,56.99,15.57,6026.0,2482.23,6131.0,1.0
1.0,1.0,1.0,0.0,2.0,2.0,77.0,1.0,2.0,23.76,3.0,3019.0,1057.02,671.0,0.0
1.0,2.0,2.0,0.970951,4.0,1.0,150.0,0.0,6.0,100.1,38.5,3020.0,1056.13,1854.0,0.0
1.0,1.0,1.0,0.0,15.0,2.0,52.0,0.0,2.0,156.99,2.0,6027.0,2477.06,3084.0,0.0
1.0,2.0,7.0,1.9739,287.0,4.0,41.29,1.0,5.0,271.01,2.71,6028.0,2477.98,3085.0,0.0
1.0,2.0,7.0,1.9739,287.0,4.0,41.29,1.0,5.0,318.18,2.57,6029.0,2478.98,3086.0,0.0
4.0,5.0,5.0,1.46931,59.0,0.0,716.0,0.0,27.0,3.56,190.8,6030.0,2479.81,854.0,0.0
3.0,4.0,4.0,0.994121,50.0,0.0,679.75,0.0,26.0,0.0,195.25,6031.0,2480.79,717.0,0.0
1.0,2.0,2.0,0.996792,70.0,5.0,66.5,1.0,6.0,544.27,6.0,6033.0,2479.21,3049.0,0.0
3.0,6.0,6.0,2.43899,14.0,13.0,396.17,0.0,25.0,76.59,115.83,6035.0,2481.17,3461.0,0.0
1.0,1.0,1.0,0.0,1.0,1.0,291.0,0.0,18.0,5.85,287.0,6036.0,2482.15,141.0,0.0
1.0,1.0,1.0,0.0,2.0,1.0,880.0,0.0,18.0,1.08,265.0,6037.0,2483.01,142.0,0.0
1.0,1.0,1.0,0.0,2.0,0.0,40.0,0.0,2.0,314.85,4.0,6038.0,2483.98,328.0,0.0
1.0,2.0,2.0,0.714015,96.0,6.0,249.0,1.0,7.0,4.13,38.5,6040.0,2485.61,3090.0,0.0
1.0,2.0,2.0,0.714015,96.0,6.0,249.0,1.0,7.0,4.12,38.5,6041.0,2486.61,3091.0,0.0
1.0,2.0,2.0,0.714015,96.0,6.0,222.0,1.0,8.0,59.25,37.0,6042.0,2487.6,3092.0,0.0
1.0,1.0,1.0,0.0,1.0,1.0,1818.0,0.0,24.0,0.86,652.0,6043.0,2485.92,302.0,0.0
1.0,2.0,6.0,2.43425,9.0,12.0,76.67,0.0,1.0,5.13,0.17,1064.0,490.79,604.0,0.0
1.0,7.0,10.0,3.10151,7.0,15.0,161.9,0.0,10.0,2.2,6.8,159.0,125.74,100.0,0.0
0.0,0.0,0.0,0.0,0.0,0.0,0.0,0.0,0.0,0.0,0.0,160.0,126.74,0.0,0.0
1.0,1.0,1.0,0.0,17.0,18.0,135.0,0.0,7.0,73.46,124.0,1066.0,492.56,605.0,0.0
1.0,1.0,1.0,0.0,50.0,49.0,105.0,0.0,1.0,0.49,1.0,3022.0,1054.39,672.0,0.0
1.0,1.0,1.0,0.0,11.0,15.0,186.0,0.0,8.0,0.68,24.0,3023.0,1055.13,1856.0,0.0
1.0,1.0,1.0,0.0,1.0,2.0,182.0,0.0,8.0,0.03,25.0,3025.0,1057.1,1858.0,0.0
2.0,12.0,14.0,3.45487,20.0,29.0,130.86,0.0,10.0,123.2,5.36,161.0,127.48,173.0,0.0
1.0,3.0,5.0,2.07695,59.0,6.0,142.8,0.0,3.0,33.01,1.8,1067.0,492.76,606.0,0.0
1.0,3.0,5.0,2.07695,59.0,6.0,143.4,0.0,2.0,37.65,1.6,1068.0,493.63,607.0,0.0
1.0,1.0,4.0,1.94853,31.0,25.0,99.75,0.0,5.0,163.55,5.0,6049.0,2484.8,3098.0,0.0
1.0,2.0,3.0,1.37095,12.0,8.0,59.67,0.0,1.0,0.0,0.33,6051.0,2486.26,3052.0,0.0
1.0,1.0,1.0,0.0,0.0,1.0,46.0,0.0,2.0,678.14,6.0,6052.0,2487.02,3099.0,0.0
1.0,1.0,1.0,0.0,6.0,0.0,73.0,0.0,3.0,10.7,4.0,6053.0,2487.95,329.0,0.0
1.0,1.0,1.0,0.0,9.0,2.0,396.0,0.0,7.0,7.31,27.0,3026.0,1056.5,1859.0,0.0
1.0,1.0,1.0,0.0,2.0,0.0,78.0,0.0,4.0,20.92,6.0,6054.0,2488.8,330.0,0.0
1.0,1.0,1.0,0.0,1.0,1.0,91.0,1.0,3.0,148.22,8.0,6055.0,2489.71,3100.0,0.0
1.0,1.0,1.0,0.0,1.0,1.0,91.0,1.0,3.0,148.22,8.0,6056.0,2490.71,3101.0,0.0
1.0,3.0,3.0,0.920849,127.0,1.0,341.0,1.0,12.0,3.06,40.67,1069.0,494.1,608.0,0.0
1.0,3.0,3.0,0.990588,128.0,2.0,315.0,1.0,12.0,67.77,34.33,1071.0,496.07,610.0,0.0
1.0,2.0,3.0,1.0154299999999998,19.0,6.0,321.0,0.0,9.0,20.97,29.67,6057.0,2489.47,3053.0,0.0
1.0,2.0,2.0,1.0,26.0,0.0,137.0,0.0,7.0,294.26,26.5,6058.0,2490.06,3054.0,0.0
2.0,7.0,11.0,2.70801,146.0,39.0,533.82,1.0,18.0,129.9,53.64,6059.0,2490.8,6157.0,0.0
2.0,7.0,11.0,2.73211,147.0,40.0,529.18,1.0,18.0,147.97,52.18,6060.0,2491.78,6159.0,0.0
2.0,7.0,11.0,2.81378,151.0,57.0,506.73,1.0,15.0,260.41,48.45,6061.0,2492.75,6161.0,0.0
1.0,1.0,1.0,0.0,11.0,1.0,599.0,0.0,6.0,51.89,12.0,163.0,128.9,102.0,0.0
2.0,3.0,3.0,0.414579,21.0,24.0,707.0,0.0,24.0,5.54,224.33,3027.0,1055.28,2031.0,0.0
1.0,4.0,9.0,2.86103,216.0,38.0,58.67,0.0,6.0,124.02,4.0,6062.0,2490.16,144.0,1.0
1.0,1.0,1.0,0.0,48.0,4.0,109.0,0.0,2.0,60.22,3.0,6063.0,2491.09,145.0,1.0
1.0,1.0,1.0,0.0,26.0,26.0,69.0,0.0,1.0,0.02,1.0,6064.0,2492.08,146.0,0.0
1.0,1.0,1.0,0.0,2.0,28.0,793.0,0.0,4.0,4.61,17.0,101.0,45.03,64.0,0.0
1.0,2.0,3.0,1.19206,120.0,1.0,339.67,0.0,7.0,24.0,26.0,6065.0,2490.16,3058.0,0.0
4.0,5.0,5.0,1.34324,55.0,0.0,724.0,0.0,27.0,4.02,192.4,6068.0,2492.91,875.0,0.0
1.0,3.0,3.0,1.28732,31.0,13.0,313.33,1.0,7.0,134.48,26.0,6069.0,2493.4,3106.0,1.0
1.0,3.0,3.0,1.28732,31.0,13.0,314.0,1.0,6.0,134.48,25.33,6070.0,2494.4,3107.0,1.0
1.0,1.0,2.0,0.706274,18.0,8.0,56.5,0.0,1.0,0.77,0.5,6072.0,2494.24,3109.0,0.0
2.0,2.0,2.0,0.468996,2.0,8.0,946.5,0.0,24.0,0.79,328.0,6073.0,2495.15,3415.0,0.0
1.0,4.0,12.0,2.78054,281.0,25.0,63.25,0.0,3.0,97.04,0.75,6074.0,2496.05,3111.0,0.0
1.0,3.0,3.0,1.37095,5.0,5.0,69.67,0.0,1.0,0.0,0.33,6075.0,2497.03,3112.0,0.0
1.0,1.0,1.0,0.0,70.0,0.0,0.0,0.0,0.0,0.0,0.0,6076.0,2497.97,3060.0,0.0
1.0,1.0,2.0,0.246023,29.0,20.0,220.0,0.0,6.0,17.49,11.5,6077.0,2497.95,3113.0,0.0
1.0,1.0,2.0,0.8812909999999999,3.0,7.0,224.5,0.0,3.0,60.95,4.0,1072.0,493.92,611.0,0.0
1.0,2.0,2.0,1.0,0.0,32.0,16.0,0.0,2.0,69.59,1.0,1073.0,494.92,612.0,0.0
1.0,1.0,1.0,0.0,6.0,6.0,407.0,0.0,9.0,19.51,150.0,1074.0,495.9,165.0,0.0
2.0,2.0,2.0,0.999526,25.0,14.0,82.5,0.0,2.0,3.83,1.0,1075.0,496.83,1045.0,0.0
1.0,1.0,1.0,0.0,6.0,1.0,886.0,0.0,18.0,1.66,267.0,1076.0,497.73,122.0,0.0
1.0,2.0,2.0,0.270451,108.0,0.0,125.5,0.0,9.0,112.51,24.5,6080.0,2498.2,3116.0,0.0
1.0,2.0,2.0,1.0,10.0,0.0,95.5,0.0,4.0,106.88,7.0,6082.0,2499.31,3118.0,0.0
1.0,1.0,1.0,0.0,5.0,0.0,94.0,0.0,3.0,488.72,12.0,6083.0,2500.3,3119.0,0.0
1.0,1.0,1.0,0.0,5.0,0.0,94.0,0.0,3.0,488.72,12.0,6084.0,2501.29,3120.0,0.0
1.0,1.0,1.0,0.0,2.0,2.0,103.0,0.0,1.0,0.91,1.0,6085.0,2499.98,3121.0,0.0
1.0,2.0,2.0,0.999337,0.0,66.0,33.0,0.0,4.0,316.67,8.5,6086.0,2500.56,3122.0,0.0
1.0,1.0,1.0,0.0,1.0,0.0,169.0,0.0,4.0,279.71,11.0,10.0,8.7,7.0,0.0
1.0,1.0,1.0,0.0,1.0,0.0,169.0,0.0,3.0,489.55,10.0,11.0,9.7,8.0,0.0
1.0,1.0,1.0,0.0,91.0,0.0,0.0,0.0,0.0,0.0,0.0,6089.0,2502.5,3125.0,0.0
1.0,1.0,1.0,0.0,3.0,3.0,239.0,0.0,6.0,68.02,18.0,1080.0,499.7,435.0,0.0
0.0,0.0,0.0,0.0,0.0,0.0,0.0,0.0,0.0,0.0,0.0,12.0,10.65,0.0,0.0
1.0,1.0,1.0,0.0,4.0,0.0,105.0,0.0,3.0,3.41,4.0,6090.0,2496.91,3126.0,0.0
1.0,1.0,1.0,0.0,1.0,1.0,394.0,0.0,5.0,100.09,26.0,164.0,127.92,74.0,0.0
2.0,4.0,4.0,1.79248,0.0,6.0,780.25,0.0,16.0,8.41,103.25,165.0,128.91,178.0,0.0
1.0,1.0,1.0,0.0,69.0,0.0,0.0,0.0,0.0,0.0,0.0,6091.0,2495.07,3061.0,0.0
1.0,2.0,4.0,1.66035,184.0,13.0,122.75,0.0,8.0,25.71,18.75,6093.0,2496.32,3063.0,0.0
1.0,1.0,1.0,0.0,101.0,0.0,0.0,0.0,0.0,0.0,0.0,6094.0,2497.01,3064.0,0.0
1.0,1.0,1.0,0.0,1.0,1.0,891.0,0.0,18.0,4.95,268.0,34.0,20.74,18.0,0.0
1.0,2.0,2.0,1.0,1.0,3.0,119.5,0.0,5.0,21.74,20.5,6097.0,2497.55,332.0,0.0
2.0,2.0,2.0,1.0,5.0,1.0,991.5,0.0,24.0,2.61,335.0,6098.0,2498.55,3436.0,0.0
1.0,1.0,1.0,0.0,1.0,1.0,1826.0,0.0,24.0,0.07,660.0,6099.0,2499.31,307.0,0.0
1.0,1.0,1.0,0.0,1.0,0.0,112.0,0.0,2.0,0.08,2.0,167.0,130.42,105.0,0.0
1.0,3.0,3.0,1.34181,190.0,28.0,197.67,0.0,8.0,67.39,19.0,6101.0,2500.39,3066.0,0.0
1.0,2.0,2.0,0.791858,21.0,0.0,144.0,0.0,5.0,22.18,12.5,6102.0,2501.37,3131.0,0.0
1.0,2.0,2.0,0.791858,21.0,0.0,127.5,0.0,4.0,571.05,11.0,6103.0,2502.36,3132.0,0.0
1.0,2.0,2.0,0.791858,21.0,0.0,127.5,0.0,4.0,571.05,11.0,6104.0,2503.35,3133.0,0.0
3.0,4.0,4.0,1.48383,7.0,7.0,777.75,0.0,26.0,3.04,232.25,428.0,258.48,310.0,0.0
1.0,1.0,1.0,0.0,1.0,1.0,128.0,0.0,1.0,0.63,1.0,6105.0,2502.16,3067.0,0.0
1.0,1.0,1.0,0.0,1.0,1.0,1826.0,0.0,24.0,0.67,662.0,6106.0,2502.86,308.0,0.0
3.0,4.0,4.0,1.48383,7.0,7.0,721.75,0.0,24.0,43.45,202.25,409.0,260.18,395.0,0.0
3.0,4.0,4.0,1.48383,7.0,7.0,697.25,0.0,21.0,38.45,178.5,410.0,261.18,398.0,0.0
1.0,1.0,1.0,0.0,27.0,26.0,66.0,0.0,9.0,0.29,89.0,1082.0,497.58,160.0,0.0
0.0,0.0,0.0,0.0,0.0,0.0,0.0,0.0,0.0,0.0,0.0,1084.0,499.55,0.0,0.0
1.0,1.0,1.0,0.0,8.0,2.0,156.0,1.0,6.0,94.89,20.0,3028.0,1042.76,1861.0,0.0
1.0,1.0,1.0,0.0,87.0,0.0,0.0,0.0,0.0,0.0,0.0,3029.0,1043.53,1862.0,0.0
1.0,2.0,2.0,0.478724,95.0,2.0,78.0,1.0,6.0,47.77,10.0,3030.0,1043.85,1863.0,0.0
1.0,1.0,1.0,0.0,34.0,3.0,64.0,0.0,2.0,3.47,5.0,3031.0,1044.82,1864.0,0.0
1.0,1.0,1.0,0.0,6.0,9.0,199.0,1.0,6.0,372.15,20.0,3033.0,1046.79,1866.0,0.0
1.0,2.0,2.0,0.478724,95.0,2.0,78.0,1.0,5.0,47.79,9.5,3034.0,1047.78,1867.0,0.0
1.0,1.0,1.0,0.0,15.0,0.0,283.0,0.0,8.0,189.68,43.0,6107.0,2493.38,3134.0,0.0
1.0,1.0,1.0,0.0,15.0,0.0,283.0,0.0,8.0,189.69,43.0,6109.0,2495.36,3136.0,0.0
1.0,1.0,1.0,0.0,15.0,0.0,283.0,0.0,6.0,385.1,40.0,6110.0,2496.36,3137.0,0.0
1.0,1.0,1.0,0.0,145.0,0.0,0.0,0.0,0.0,0.0,0.0,6111.0,2497.31,3068.0,0.0
1.0,1.0,1.0,0.0,145.0,0.0,0.0,0.0,0.0,0.0,0.0,6113.0,2498.88,3070.0,0.0
1.0,1.0,1.0,0.0,4.0,12.0,92.0,0.0,2.0,218.32,5.0,6115.0,2500.5,216.0,0.0
1.0,1.0,1.0,0.0,9.0,0.0,126.0,0.0,3.0,219.84,8.0,6116.0,2501.41,3140.0,0.0
1.0,1.0,1.0,0.0,6.0,9.0,344.0,0.0,5.0,64.25,42.0,1086.0,500.13,439.0,0.0
1.0,1.0,1.0,0.0,4.0,2.0,163.0,0.0,3.0,67.61,5.0,1087.0,501.01,440.0,0.0
1.0,1.0,1.0,0.0,1.0,1.0,197.0,0.0,5.0,2.72,39.0,169.0,131.09,13.0,0.0
1.0,2.0,2.0,0.867282,84.0,6.0,107.0,1.0,4.0,21.06,11.0,6119.0,2500.54,3072.0,0.0
1.0,1.0,1.0,0.0,4.0,4.0,44.0,0.0,1.0,33.26,4.0,6120.0,2501.52,3142.0,0.0
1.0,2.0,2.0,0.867282,84.0,6.0,102.0,1.0,4.0,53.68,10.0,6121.0,2502.52,3073.0,0.0
1.0,2.0,2.0,0.867282,84.0,6.0,100.0,1.0,4.0,53.68,9.5,6122.0,2503.51,3074.0,0.0
1.0,1.0,1.0,0.0,1.0,1.0,136.0,0.0,5.0,181.05,18.0,411.0,260.34,1.0,0.0
2.0,5.0,6.0,2.58496,96.0,0.0,48.67,0.0,4.0,967.83,1.33,412.0,260.82,89.0,0.0
1.0,1.0,1.0,0.0,1.0,1.0,87.0,0.0,2.0,0.01,2.0,413.0,261.81,57.0,0.0
1.0,1.0,1.0,0.0,6.0,6.0,94.0,0.0,1.0,16.99,1.0,414.0,262.8,281.0,0.0
1.0,1.0,1.0,0.0,2.0,2.0,72.0,0.0,1.0,63.39,1.0,415.0,263.8,282.0,0.0
1.0,2.0,3.0,1.58496,3.0,3.0,165.33,0.0,7.0,18.88,11.0,416.0,264.79,283.0,0.0
1.0,1.0,1.0,0.0,0.0,1.0,341.0,0.0,7.0,18.1,33.0,417.0,265.78,284.0,0.0
1.0,1.0,1.0,0.0,1.0,1.0,1826.0,0.0,24.0,4.92,666.0,418.0,266.78,68.0,0.0
1.0,1.0,1.0,0.0,1.0,1.0,1826.0,0.0,24.0,0.01,667.0,419.0,267.77,69.0,0.0
1.0,1.0,1.0,0.0,1.0,1.0,1826.0,0.0,24.0,0.0,669.0,421.0,269.77,71.0,0.0
1.0,1.0,1.0,0.0,1.0,1.0,1826.0,0.0,24.0,0.01,671.0,423.0,271.77,73.0,0.0
1.0,1.0,1.0,0.0,1.0,1.0,1826.0,0.0,24.0,0.43,672.0,6123.0,2495.45,309.0,0.0
1.0,1.0,1.0,0.0,1.0,77.0,1005.0,0.0,13.0,5.97,471.0,424.0,272.24,26.0,0.0
1.0,1.0,1.0,0.0,1.0,1.0,929.0,0.0,13.0,0.0,472.0,425.0,273.24,27.0,0.0
1.0,1.0,1.0,0.0,1.0,1.0,929.0,0.0,13.0,0.0,473.0,426.0,274.24,28.0,0.0
1.0,1.0,1.0,0.0,11.0,3.0,147.0,0.0,7.0,21.67,16.0,3035.0,1042.8,42.0,0.0
1.0,2.0,3.0,1.54277,34.0,6.0,189.0,1.0,3.0,240.92,6.0,6124.0,2492.95,3075.0,0.0
1.0,2.0,3.0,1.54277,34.0,6.0,189.0,1.0,3.0,240.92,6.0,6125.0,2493.95,3076.0,0.0
1.0,1.0,3.0,1.0498,109.0,1.0,38.67,0.0,1.0,56.98,0.67,6126.0,2494.67,3143.0,0.0
1.0,2.0,10.0,3.31835,175.0,1.0,57.3,0.0,3.0,708.2,0.7,6128.0,2496.08,3144.0,0.0
1.0,2.0,3.0,1.58496,3.0,3.0,185.67,1.0,4.0,60.43,4.33,6129.0,2497.06,3145.0,0.0
1.0,2.0,10.0,3.31997,176.0,1.0,57.2,0.0,2.0,779.56,0.6,6130.0,2498.05,3146.0,0.0
1.0,2.0,3.0,1.58496,3.0,3.0,185.67,1.0,5.0,55.23,4.33,6131.0,2499.04,3147.0,0.0
1.0,1.0,1.0,0.0,6.0,24.0,493.0,0.0,4.0,0.01,13.0,6132.0,2500.03,3148.0,0.0
1.0,2.0,2.0,0.226939,109.0,0.0,119.0,0.0,6.0,31.59,15.5,102.0,44.87,65.0,0.0
2.0,2.0,2.0,1.0,2.0,2.0,164.0,0.0,6.0,252.68,23.5,431.0,278.23,45.0,0.0
1.0,2.0,2.0,0.942163,64.0,0.0,1166.0,0.0,9.0,98.94,61.5,6134.0,2495.31,3078.0,0.0
1.0,1.0,1.0,0.0,80.0,6.0,51.0,0.0,2.0,212.19,2.0,6135.0,2496.29,148.0,1.0
1.0,3.0,3.0,0.738064,18.0,14.0,209.33,0.0,2.0,88.1,1.33,6136.0,2497.16,3150.0,0.0
2.0,4.0,6.0,2.13754,223.0,43.0,630.67,0.0,16.0,220.87,55.67,22.0,14.08,23.0,1.0
3.0,7.0,7.0,2.3619,7.0,26.0,368.71,0.0,15.0,36.12,30.43,171.0,131.08,186.0,0.0
1.0,1.0,1.0,0.0,3.0,18.0,194.0,0.0,2.0,22.96,2.0,172.0,132.02,108.0,0.0
1.0,1.0,1.0,0.0,66.0,0.0,0.0,0.0,0.0,0.0,0.0,6138.0,2495.12,3152.0,0.0
1.0,50.0,67.0,5.76705,836.0,880.0,51.55,0.0,13.0,187.84,1.34,432.0,278.24,13.0,0.0
1.0,1.0,1.0,0.0,3.0,3.0,45.0,0.0,1.0,0.0,4.0,6140.0,2495.06,3154.0,0.0
1.0,6.0,16.0,3.52819,34.0,67.0,67.94,0.0,3.0,84.79,0.69,6141.0,2496.0,3155.0,0.0
1.0,2.0,5.0,1.7604,154.0,28.0,695.2,1.0,15.0,48.21,53.4,6142.0,2496.87,3156.0,0.0
1.0,2.0,5.0,1.7604,154.0,28.0,681.0,1.0,14.0,75.91,51.8,6143.0,2497.75,3157.0,0.0
1.0,3.0,4.0,1.63932,17.0,2.0,126.5,0.0,6.0,238.3,15.75,6144.0,2498.58,3158.0,0.0
1.0,1.0,1.0,0.0,17.0,6.0,506.0,0.0,7.0,26.75,78.0,6145.0,2496.46,3159.0,0.0
1.0,1.0,1.0,0.0,1.0,1.0,517.0,0.0,7.0,0.04,79.0,6148.0,2499.31,3162.0,0.0
0.0,0.0,0.0,0.0,0.0,0.0,0.0,0.0,0.0,0.0,0.0,3037.0,1038.44,0.0,0.0
0.0,0.0,0.0,0.0,0.0,0.0,0.0,0.0,0.0,0.0,0.0,6150.0,2501.05,0.0,0.0
0.0,0.0,0.0,0.0,0.0,0.0,0.0,0.0,0.0,0.0,0.0,6153.0,2503.36,0.0,0.0
0.0,0.0,0.0,0.0,0.0,0.0,0.0,1.0,0.0,0.0,0.0,174.0,133.46,0.0,0.0
1.0,2.0,3.0,1.04111,80.0,9.0,192.0,1.0,9.0,62.37,28.33,175.0,134.46,78.0,0.0
1.0,1.0,1.0,0.0,9.0,4.0,59.0,1.0,1.0,0.04,1.0,176.0,135.45,79.0,0.0
0.0,0.0,0.0,0.0,0.0,0.0,0.0,0.0,0.0,0.0,0.0,177.0,136.45,0.0,0.0
1.0,1.0,1.0,0.0,9.0,4.0,59.0,0.0,1.0,0.03,1.0,178.0,137.45,80.0,0.0
1.0,1.0,1.0,0.0,11.0,11.0,64.0,1.0,1.0,0.11,2.0,179.0,138.42,81.0,0.0
0.0,0.0,0.0,0.0,0.0,0.0,0.0,1.0,0.0,0.0,0.0,180.0,139.42,0.0,0.0
1.0,1.0,1.0,0.0,11.0,11.0,64.0,1.0,1.0,0.1,2.0,181.0,140.42,82.0,0.0
1.0,1.0,1.0,0.0,1.0,1.0,1826.0,0.0,24.0,5.38,674.0,433.0,278.12,76.0,0.0
1.0,1.0,1.0,0.0,0.0,7.0,113.0,0.0,1.0,103.93,4.0,1088.0,493.71,156.0,0.0
3.0,3.0,3.0,1.09491,4.0,10.0,191.0,0.0,5.0,8.87,5.0,182.0,141.13,125.0,0.0
0.0,0.0,0.0,0.0,0.0,0.0,0.0,0.0,0.0,0.0,0.0,3042.0,1041.07,0.0,0.0
1.0,1.0,1.0,0.0,1.0,1.0,1826.0,0.0,24.0,1.8,675.0,429.0,252.61,50.0,0.0
1.0,1.0,1.0,0.0,1.0,1.0,1826.0,0.0,24.0,2.3,675.0,430.0,253.61,51.0,0.0
1.0,1.0,1.0,0.0,1.0,1.0,1826.0,0.0,24.0,0.0,676.0,431.0,254.61,52.0,0.0
0.0,0.0,0.0,0.0,0.0,0.0,0.0,0.0,0.0,0.0,0.0,432.0,255.61,0.0,0.0
2.0,2.0,2.0,0.672295,9.0,8.0,1358.5,0.0,26.0,8.09,427.0,433.0,256.56,87.0,0.0
0.0,0.0,0.0,0.0,0.0,0.0,0.0,0.0,0.0,0.0,0.0,435.0,258.56,0.0,0.0
1.0,1.0,1.0,0.0,1.0,1.0,1747.0,0.0,22.0,13.99,572.0,436.0,259.52,55.0,0.0
2.0,2.0,2.0,0.985228,4.0,3.0,1247.5,0.0,23.0,7.0,365.5,437.0,260.52,92.0,0.0
0.0,0.0,0.0,0.0,0.0,0.0,0.0,0.0,0.0,0.0,0.0,438.0,261.52,0.0,0.0
0.0,0.0,0.0,0.0,0.0,0.0,0.0,0.0,0.0,0.0,0.0,439.0,262.52,0.0,0.0
1.0,1.0,1.0,0.0,1.0,1.0,1827.0,0.0,24.0,0.45,677.0,6154.0,2495.29,311.0,0.0
1.0,1.0,1.0,0.0,1.0,1.0,1827.0,0.0,24.0,0.0,678.0,6155.0,2496.29,312.0,0.0
1.0,2.0,2.0,0.6962119999999999,64.0,0.0,57.5,0.0,1.0,81.93,1.5,6156.0,2497.28,3079.0,0.0
1.0,1.0,1.0,0.0,1.0,1.0,1827.0,0.0,24.0,0.45,678.0,6157.0,2498.28,313.0,0.0
1.0,1.0,1.0,0.0,1.0,1.0,1827.0,0.0,24.0,0.0,679.0,6158.0,2499.27,314.0,0.0
1.0,2.0,2.0,0.6036520000000001,61.0,0.0,192.0,0.0,7.0,40.46,29.5,6160.0,2501.04,3081.0,0.0
1.0,1.0,1.0,0.0,23.0,23.0,1357.0,1.0,9.0,5.88,116.0,3044.0,1041.81,674.0,0.0
1.0,3.0,5.0,1.39132,26.0,31.0,116.2,0.0,10.0,5.36,6.4,3045.0,1042.81,1872.0,0.0
1.0,1.0,1.0,0.0,23.0,23.0,1357.0,1.0,9.0,6.04,116.0,3047.0,1044.61,675.0,0.0
1.0,1.0,1.0,0.0,23.0,23.0,1199.0,1.0,9.0,197.97,110.0,3049.0,1046.56,676.0,0.0
1.0,3.0,5.0,1.4088200000000002,124.0,5.0,91.6,1.0,10.0,5.88,5.8,3050.0,1047.48,1875.0,0.0
1.0,1.0,1.0,0.0,0.0,1.0,48.0,0.0,1.0,0.27,2.0,3051.0,1048.48,1876.0,0.0
3.0,10.0,11.0,3.20758,45.0,23.0,799.82,0.0,20.0,105.45,65.0,3052.0,1049.48,2734.0,0.0
1.0,1.0,1.0,0.0,0.0,1.0,48.0,0.0,1.0,0.09,2.0,3053.0,1050.47,1878.0,0.0
1.0,1.0,1.0,0.0,0.0,1.0,48.0,1.0,1.0,0.04,1.0,3054.0,1051.44,1879.0,0.0
1.0,1.0,1.0,0.0,18.0,0.0,1039.0,0.0,7.0,6.89,27.0,3055.0,1051.56,678.0,0.0
1.0,3.0,3.0,1.45915,0.0,6.0,203.67,0.0,7.0,15.44,40.67,3056.0,1052.56,241.0,0.0
1.0,1.0,1.0,0.0,1.0,1.0,179.0,1.0,2.0,5.71,3.0,35.0,6.86,2.0,0.0
1.0,3.0,3.0,1.45915,0.0,6.0,203.67,0.0,7.0,4.19,41.0,3057.0,1053.35,242.0,0.0
1.0,1.0,1.0,0.0,18.0,0.0,1039.0,0.0,7.0,7.07,27.0,3058.0,1054.34,679.0,0.0
1.0,1.0,1.0,0.0,21.0,0.0,1216.0,0.0,8.0,47.05,62.0,6161.0,2497.61,3082.0,0.0
1.0,1.0,1.0,0.0,18.0,0.0,873.0,0.0,7.0,292.23,25.0,3060.0,1056.33,680.0,0.0
1.0,5.0,6.0,1.76185,382.0,0.0,8.83,0.0,6.0,2.64,15.5,1089.0,492.28,171.0,0.0
1.0,1.0,1.0,0.0,1.0,1.0,884.0,0.0,9.0,16.34,171.0,6162.0,2496.11,3166.0,0.0
1.0,1.0,1.0,0.0,44.0,1.0,51.0,0.0,2.0,4.67,6.0,6163.0,2497.06,3167.0,0.0
1.0,1.0,1.0,0.0,44.0,1.0,51.0,0.0,2.0,4.67,6.0,6165.0,2499.06,3168.0,0.0
1.0,1.0,1.0,0.0,3.0,0.0,211.0,0.0,4.0,42.0,25.0,6166.0,2493.12,3169.0,0.0
1.0,1.0,1.0,0.0,3.0,0.0,211.0,0.0,4.0,42.0,25.0,6167.0,2494.11,3170.0,0.0
1.0,1.0,1.0,0.0,3.0,0.0,211.0,0.0,4.0,41.97,25.0,6168.0,2495.1,3171.0,0.0
1.0,1.0,1.0,0.0,20.0,8.0,924.0,0.0,6.0,37.89,72.0,6169.0,2495.48,3083.0,0.0
1.0,1.0,1.0,0.0,20.0,8.0,924.0,0.0,6.0,37.89,72.0,6170.0,2496.48,3084.0,0.0
1.0,2.0,2.0,0.99718,32.0,0.0,585.5,0.0,12.0,118.98,64.5,440.0,261.37,229.0,1.0
1.0,2.0,2.0,0.384312,39.0,1.0,329.0,0.0,10.0,85.21,29.5,441.0,262.37,109.0,0.0
1.0,2.0,2.0,0.99718,32.0,0.0,585.5,0.0,12.0,118.98,64.5,442.0,263.37,230.0,1.0
0.0,0.0,0.0,0.0,0.0,0.0,0.0,0.0,0.0,0.0,0.0,443.0,264.37,0.0,0.0
1.0,2.0,2.0,0.384312,39.0,1.0,329.0,0.0,10.0,85.21,29.5,444.0,265.37,110.0,0.0
1.0,3.0,3.0,1.00278,173.0,81.0,330.67,1.0,9.0,21.52,19.33,96.0,27.99,58.0,0.0
1.0,1.0,1.0,0.0,101.0,81.0,812.0,1.0,7.0,193.93,29.0,99.0,30.99,61.0,0.0
1.0,2.0,2.0,0.384312,39.0,1.0,326.0,1.0,10.0,168.16,29.0,447.0,268.37,111.0,0.0
0.0,0.0,0.0,0.0,0.0,0.0,0.0,0.0,0.0,0.0,0.0,448.0,269.37,0.0,0.0
1.0,1.0,1.0,0.0,3.0,3.0,326.0,0.0,9.0,4.1,27.0,450.0,271.36,232.0,0.0
2.0,2.0,2.0,0.970951,24.0,6.0,82.5,0.0,3.0,17.17,1.5,451.0,272.36,345.0,0.0
2.0,7.0,8.0,2.59177,260.0,1.0,133.38,0.0,11.0,120.94,10.25,24.0,15.79,27.0,0.0
2.0,2.0,2.0,0.99403,30.0,3.0,348.0,0.0,9.0,0.09,24.0,453.0,274.33,349.0,1.0
0.0,0.0,0.0,0.0,0.0,0.0,0.0,0.0,0.0,0.0,0.0,454.0,275.33,0.0,0.0
2.0,2.0,2.0,0.99403,30.0,3.0,348.0,1.0,9.0,0.08,24.0,455.0,276.33,351.0,1.0
0.0,0.0,0.0,0.0,0.0,0.0,0.0,0.0,0.0,0.0,0.0,456.0,277.33,0.0,0.0
2.0,3.0,3.0,1.16609,17.0,17.0,156.0,0.0,8.0,0.36,6.0,26.0,17.76,30.0,0.0
1.0,2.0,2.0,0.672295,31.0,20.0,610.5,0.0,12.0,1.01,65.5,457.0,277.86,237.0,0.0
1.0,2.0,2.0,0.672295,31.0,20.0,610.5,0.0,12.0,1.01,65.5,458.0,278.86,238.0,0.0
1.0,2.0,2.0,0.672295,31.0,20.0,602.5,1.0,12.0,1.0,64.0,460.0,280.86,239.0,0.0
1.0,1.0,1.0,0.0,13.0,0.0,190.0,0.0,5.0,0.06,13.0,462.0,282.83,240.0,0.0
1.0,1.0,1.0,0.0,13.0,0.0,190.0,0.0,5.0,0.06,13.0,463.0,283.83,241.0,0.0
0.0,0.0,0.0,0.0,0.0,0.0,0.0,0.0,0.0,0.0,0.0,464.0,284.83,0.0,0.0
0.0,0.0,0.0,0.0,0.0,0.0,0.0,0.0,0.0,0.0,0.0,466.0,286.83,0.0,0.0
1.0,4.0,6.0,1.9987,368.0,2.0,6.0,0.0,1.0,0.68,0.17,1090.0,490.22,172.0,0.0
1.0,3.0,4.0,1.95912,132.0,0.0,20.5,0.0,1.0,0.0,0.25,1092.0,492.02,620.0,0.0
1.0,2.0,8.0,2.77314,50.0,36.0,208.88,1.0,4.0,181.03,2.13,435.0,275.44,288.0,0.0
1.0,2.0,8.0,2.77314,50.0,36.0,208.88,1.0,4.0,181.98,2.13,436.0,275.95,289.0,0.0
1.0,1.0,1.0,0.0,3.0,3.0,61.0,0.0,2.0,33.39,14.0,438.0,277.94,60.0,0.0
1.0,1.0,1.0,0.0,6.0,1.0,540.0,0.0,9.0,3.34,38.0,467.0,286.65,116.0,0.0
0.0,0.0,0.0,0.0,0.0,0.0,0.0,0.0,0.0,0.0,0.0,469.0,288.65,0.0,0.0
1.0,1.0,1.0,0.0,6.0,1.0,540.0,1.0,9.0,3.34,38.0,470.0,289.65,118.0,0.0
0.0,0.0,0.0,0.0,0.0,0.0,0.0,0.0,0.0,0.0,0.0,471.0,290.65,0.0,0.0
0.0,0.0,0.0,0.0,0.0,0.0,0.0,0.0,0.0,0.0,0.0,14.0,11.86,0.0,0.0
1.0,3.0,7.0,2.18285,17.0,18.0,111.14,0.0,1.0,4.82,0.14,15.0,12.84,9.0,0.0
1.0,2.0,4.0,0.651877,140.0,1.0,97.25,0.0,2.0,168.77,2.0,439.0,276.87,291.0,0.0
1.0,2.0,4.0,0.651877,140.0,1.0,97.25,0.0,2.0,168.77,2.0,440.0,277.87,292.0,0.0
2.0,5.0,5.0,2.11808,3.0,8.0,147.0,0.0,15.0,8.77,12.8,183.0,138.02,193.0,0.0
1.0,2.0,2.0,0.992774,13.0,7.0,1207.0,0.0,9.0,11.66,63.0,184.0,139.01,84.0,0.0
1.0,2.0,2.0,0.992774,13.0,7.0,1207.0,0.0,9.0,11.49,63.0,185.0,140.01,85.0,0.0
1.0,2.0,2.0,0.992774,13.0,7.0,1045.0,1.0,9.0,11.47,60.0,186.0,141.01,86.0,0.0
1.0,1.0,1.0,0.0,10.0,0.0,499.0,0.0,7.0,84.29,59.0,3062.0,1044.77,681.0,0.0
1.0,1.0,1.0,0.0,10.0,0.0,499.0,0.0,7.0,84.3,59.0,3064.0,1046.75,683.0,0.0
1.0,2.0,3.0,1.45984,80.0,0.0,247.67,0.0,5.0,152.35,5.67,3065.0,1046.58,1881.0,0.0
1.0,1.0,1.0,0.0,1.0,1.0,138.0,1.0,4.0,485.23,17.0,3066.0,1047.49,684.0,0.0
1.0,1.0,1.0,0.0,1.0,1.0,138.0,1.0,4.0,485.25,17.0,3068.0,1049.47,686.0,0.0
1.0,1.0,1.0,0.0,3.0,4.0,61.0,0.0,2.0,39.66,14.0,3069.0,1049.87,687.0,0.0
1.0,3.0,4.0,1.7260400000000002,34.0,8.0,51.5,1.0,6.0,209.38,18.5,3070.0,1050.57,244.0,0.0
1.0,2.0,2.0,0.216397,27.0,2.0,67.0,1.0,4.0,459.45,36.5,3071.0,1051.5,245.0,0.0
1.0,1.0,1.0,0.0,4.0,4.0,149.0,0.0,1.0,8.87,1.0,187.0,141.36,15.0,0.0
1.0,1.0,1.0,0.0,1.0,1.0,113.0,0.0,3.0,12.44,7.0,188.0,142.35,3.0,0.0
1.0,1.0,1.0,0.0,2.0,2.0,109.0,0.0,5.0,102.13,14.0,189.0,143.34,87.0,0.0
2.0,6.0,18.0,3.98004,31.0,49.0,94.11,0.0,8.0,332.82,5.06,190.0,144.34,199.0,0.0
1.0,1.0,1.0,0.0,3.0,3.0,149.0,0.0,2.0,0.05,2.0,191.0,145.34,16.0,0.0
1.0,1.0,1.0,0.0,5.0,1.0,126.0,0.0,3.0,28.86,55.0,441.0,277.38,37.0,0.0
1.0,1.0,1.0,0.0,5.0,1.0,126.0,0.0,3.0,17.45,56.0,442.0,278.38,38.0,0.0
1.0,1.0,1.0,0.0,2.0,2.0,68.0,0.0,3.0,0.8,4.0,3072.0,1051.59,246.0,0.0
1.0,1.0,2.0,0.059603,288.0,1.0,83.0,0.0,1.0,11.04,0.5,3073.0,1052.3,1882.0,0.0
2.0,2.0,3.0,1.5485799999999998,5.0,8.0,931.67,0.0,15.0,109.46,122.67,192.0,146.11,201.0,0.0
2.0,8.0,8.0,2.9744900000000003,8.0,13.0,222.88,0.0,11.0,143.33,18.63,193.0,147.11,203.0,0.0
1.0,2.0,2.0,0.985228,14.0,14.0,923.0,0.0,11.0,103.25,75.0,194.0,148.1,91.0,0.0
1.0,1.0,2.0,0.749595,6.0,8.0,134.0,0.0,2.0,446.03,9.5,195.0,149.1,92.0,0.0
1.0,2.0,3.0,1.57071,123.0,0.0,0.0,0.0,0.0,0.0,0.0,196.0,150.03,114.0,0.0
1.0,2.0,3.0,1.58496,3.0,3.0,41.0,0.0,1.0,0.02,0.33,197.0,151.02,115.0,0.0
1.0,3.0,4.0,1.7775,32.0,6.0,51.5,1.0,6.0,208.33,18.75,3075.0,1053.35,247.0,0.0
1.0,2.0,2.0,0.216397,27.0,2.0,67.0,1.0,4.0,460.29,37.0,3076.0,1054.34,248.0,0.0
1.0,3.0,4.0,1.7775,32.0,6.0,51.5,1.0,6.0,230.17,19.0,3077.0,1055.34,249.0,0.0
1.0,2.0,2.0,0.216397,27.0,2.0,67.0,1.0,5.0,460.29,37.5,3078.0,1056.34,250.0,0.0
1.0,2.0,3.0,1.12164,11.0,37.0,41.0,0.0,1.0,0.54,0.67,198.0,151.84,116.0,0.0
1.0,1.0,1.0,0.0,1.0,1.0,245.0,0.0,6.0,148.37,31.0,199.0,152.01,93.0,0.0
1.0,1.0,4.0,1.45167,43.0,33.0,260.0,0.0,9.0,208.22,15.25,443.0,275.76,293.0,0.0
1.0,2.0,5.0,2.25163,0.0,6.0,125.2,0.0,1.0,0.67,0.2,201.0,152.95,118.0,0.0
1.0,1.0,1.0,0.0,5.0,0.0,1839.0,0.0,24.0,1.15,681.0,202.0,153.95,7.0,0.0
1.0,1.0,1.0,0.0,1.0,1.0,37.0,0.0,3.0,218.64,8.0,203.0,154.95,4.0,0.0
0.0,0.0,0.0,0.0,0.0,0.0,0.0,0.0,0.0,0.0,0.0,205.0,156.93,0.0,0.0
0.0,0.0,0.0,0.0,0.0,0.0,0.0,0.0,0.0,0.0,0.0,206.0,157.93,0.0,0.0
1.0,1.0,1.0,0.0,36.0,0.0,0.0,0.0,0.0,0.0,0.0,207.0,158.93,120.0,0.0
1.0,1.0,1.0,0.0,0.0,36.0,36.0,0.0,1.0,0.0,1.0,208.0,159.93,121.0,0.0
0.0,0.0,0.0,0.0,0.0,0.0,0.0,0.0,0.0,0.0,0.0,209.0,160.93,0.0,0.0
0.0,0.0,0.0,0.0,0.0,0.0,0.0,0.0,0.0,0.0,0.0,210.0,161.93,0.0,0.0
1.0,1.0,1.0,0.0,1.0,1.0,37.0,0.0,4.0,0.68,9.0,211.0,162.71,5.0,0.0
1.0,2.0,3.0,1.3902,95.0,23.0,96.0,1.0,3.0,106.28,2.33,212.0,163.33,122.0,0.0
1.0,1.0,1.0,0.0,4.0,0.0,53.0,0.0,1.0,0.04,1.0,215.0,166.32,125.0,0.0
1.0,1.0,1.0,0.0,4.0,0.0,53.0,0.0,1.0,0.03,1.0,216.0,167.32,126.0,0.0
1.0,1.0,1.0,0.0,4.0,0.0,53.0,0.0,1.0,0.02,1.0,217.0,168.32,127.0,0.0
1.0,1.0,1.0,0.0,1.0,1.0,57.0,0.0,1.0,0.93,2.0,218.0,168.98,128.0,0.0
1.0,1.0,1.0,0.0,1.0,1.0,57.0,0.0,1.0,0.93,2.0,219.0,169.98,129.0,0.0
1.0,1.0,1.0,0.0,1.0,1.0,57.0,0.0,1.0,0.93,2.0,220.0,170.97,130.0,0.0
1.0,1.0,1.0,0.0,100.0,148.0,249.0,0.0,4.0,1.92,7.0,221.0,171.62,131.0,0.0
1.0,1.0,1.0,0.0,3.0,2.0,201.0,0.0,4.0,0.01,8.0,222.0,172.62,132.0,0.0
1.0,1.0,2.0,0.292322,214.0,0.0,0.0,0.0,0.0,0.0,0.0,3082.0,1047.58,1886.0,0.0
1.0,2.0,2.0,1.0,24.0,2.0,442.0,1.0,11.0,143.54,58.0,3084.0,1049.58,1888.0,0.0
1.0,1.0,2.0,0.8112779999999999,5.0,3.0,88.5,0.0,1.0,0.01,0.5,3087.0,1052.56,1891.0,0.0
1.0,2.0,3.0,1.25559,180.0,0.0,29.67,0.0,2.0,17.62,1.33,3088.0,1052.87,688.0,0.0
0.0,0.0,0.0,0.0,0.0,0.0,0.0,0.0,0.0,0.0,0.0,3089.0,1053.86,0.0,0.0
1.0,2.0,2.0,1.0,24.0,2.0,442.0,1.0,11.0,144.13,58.0,3090.0,1054.85,1892.0,0.0
1.0,2.0,2.0,1.0,24.0,2.0,442.0,1.0,11.0,144.13,57.5,3091.0,1055.82,1893.0,0.0
1.0,2.0,3.0,1.45915,16.0,2.0,229.33,0.0,7.0,119.74,10.33,3092.0,1056.62,1894.0,0.0
1.0,2.0,2.0,0.918296,11.0,1.0,124.5,1.0,6.0,41.14,11.0,3093.0,1057.3,1895.0,0.0
1.0,2.0,2.0,0.918296,11.0,1.0,124.5,1.0,6.0,41.15,11.0,3094.0,1058.28,1896.0,0.0
1.0,2.0,2.0,0.918296,11.0,1.0,124.5,1.0,6.0,40.51,10.5,3095.0,1059.27,1897.0,0.0
1.0,1.0,1.0,0.0,22.0,1.0,110.0,0.0,1.0,0.76,1.0,444.0,273.79,61.0,0.0
1.0,2.0,3.0,0.340254,96.0,2.0,74.33,1.0,10.0,162.29,36.0,3096.0,1058.3,689.0,0.0
1.0,2.0,2.0,0.6962119999999999,112.0,0.0,476.0,0.0,8.0,92.9,26.5,3097.0,1059.3,690.0,0.0
1.0,1.0,1.0,0.0,1.0,1.0,1844.0,0.0,24.0,7.98,682.0,472.0,280.64,57.0,0.0
1.0,1.0,3.0,1.14087,25.0,8.0,141.0,0.0,2.0,20.72,0.67,16.0,13.23,10.0,0.0
1.0,2.0,2.0,0.836641,12.0,3.0,151.0,0.0,6.0,177.55,10.5,3098.0,1058.48,1898.0,0.0
1.0,1.0,1.0,0.0,0.0,3.0,101.0,0.0,4.0,1.45,10.0,3099.0,1057.67,1899.0,0.0
1.0,2.0,2.0,0.746737,45.0,2.0,124.5,1.0,9.0,84.97,16.0,3100.0,1058.67,1900.0,0.0
1.0,2.0,3.0,0.340254,96.0,2.0,74.33,1.0,10.0,164.24,36.0,3101.0,1059.65,691.0,0.0
1.0,3.0,4.0,1.52455,55.0,6.0,137.75,1.0,9.0,132.01,12.75,3102.0,1060.64,1901.0,0.0
1.0,2.0,3.0,1.41713,18.0,6.0,163.67,1.0,8.0,139.3,14.0,3104.0,1062.61,1902.0,0.0
1.0,1.0,1.0,0.0,0.0,32.0,108.0,0.0,4.0,0.02,9.0,3105.0,1063.61,1903.0,0.0
1.0,2.0,4.0,1.74181,171.0,1.0,291.25,0.0,7.0,39.32,25.5,3106.0,1064.57,693.0,1.0
1.0,1.0,1.0,0.0,1.0,1.0,1844.0,0.0,24.0,0.76,684.0,6171.0,2404.9,315.0,0.0
1.0,1.0,1.0,0.0,2.0,1.0,166.0,1.0,6.0,17.61,18.0,6172.0,2405.86,3172.0,0.0
1.0,1.0,1.0,0.0,2.0,1.0,167.0,1.0,6.0,140.7,17.0,6173.0,2406.86,3173.0,0.0
1.0,6.0,10.0,2.41475,163.0,0.0,278.6,0.0,15.0,105.75,20.9,3107.0,1065.32,1904.0,0.0
1.0,1.0,1.0,0.0,20.0,0.0,75.0,0.0,3.0,542.79,6.0,6175.0,2408.34,3085.0,0.0
1.0,1.0,1.0,0.0,2.0,2.0,1056.0,0.0,12.0,2.52,126.0,476.0,283.42,245.0,0.0
1.0,2.0,2.0,0.962332,136.0,53.0,542.0,1.0,8.0,60.02,29.5,6176.0,2408.93,3086.0,0.0
1.0,2.0,2.0,0.962332,136.0,53.0,542.0,1.0,8.0,60.02,29.5,6177.0,2409.92,3087.0,0.0
1.0,2.0,2.0,0.962332,136.0,53.0,538.5,1.0,8.0,58.49,28.5,6178.0,2410.92,3088.0,0.0
1.0,2.0,2.0,0.988699,14.0,2.0,208.5,0.0,1.0,9.17,1.0,3111.0,1068.3,1908.0,0.0
1.0,1.0,1.0,0.0,41.0,78.0,169.0,0.0,2.0,6.7,3.0,6179.0,2410.03,3175.0,0.0
2.0,2.0,2.0,0.165427,40.0,1.0,459.5,0.0,18.0,5.91,137.0,6180.0,2411.01,482.0,0.0
3.0,7.0,29.0,4.17597,1064.0,104.0,139.62,0.0,25.0,351.17,27.17,3112.0,1069.08,2777.0,0.0
1.0,1.0,1.0,0.0,35.0,0.0,0.0,0.0,0.0,0.0,0.0,3113.0,1070.07,1910.0,0.0
2.0,2.0,2.0,0.684038,8.0,3.0,1381.0,0.0,26.0,0.05,433.0,3115.0,1072.07,358.0,0.0
1.0,1.0,1.0,0.0,0.0,8.0,921.0,0.0,18.0,0.04,276.0,3116.0,1073.02,184.0,0.0
1.0,6.0,6.0,1.50315,130.0,5.0,163.17,1.0,6.0,138.23,3.5,6181.0,2411.46,3176.0,1.0
1.0,1.0,1.0,0.0,61.0,0.0,0.0,0.0,0.0,0.0,0.0,6185.0,2415.33,3180.0,0.0
1.0,4.0,4.0,1.99377,19.0,0.0,224.0,0.0,5.0,0.08,5.25,6187.0,2417.17,3182.0,0.0
1.0,4.0,4.0,1.99377,19.0,0.0,224.0,0.0,5.0,0.08,5.25,6188.0,2418.16,3183.0,0.0
1.0,4.0,4.0,1.99377,19.0,0.0,224.5,0.0,5.0,0.08,4.75,6189.0,2419.16,3184.0,0.0
1.0,3.0,3.0,0.965393,112.0,2.0,55.0,1.0,8.0,9.8,10.0,1093.0,472.89,441.0,0.0
1.0,1.0,2.0,0.0,0.0,0.0,0.0,0.0,1.0,1.77,0.5,3117.0,1073.0,1911.0,0.0
1.0,1.0,1.0,0.0,1.0,1.0,1846.0,0.0,24.0,0.98,687.0,6190.0,2417.59,316.0,0.0
1.0,1.0,1.0,0.0,1.0,1.0,1846.0,0.0,24.0,0.09,688.0,224.0,171.41,8.0,0.0
1.0,1.0,1.0,0.0,4.0,0.0,28.0,0.0,1.0,2.1,1.0,3118.0,1073.57,1912.0,0.0
1.0,1.0,1.0,0.0,34.0,17.0,2497.0,0.0,15.0,19.05,363.0,6191.0,2417.86,3089.0,0.0
1.0,9.0,30.0,3.90818,77.0,194.0,99.4,1.0,3.0,70.13,0.43,6193.0,2419.68,3185.0,0.0
1.0,1.0,1.0,0.0,4.0,0.0,118.0,0.0,3.0,0.01,8.0,6194.0,2420.64,3186.0,0.0
1.0,1.0,1.0,0.0,4.0,0.0,118.0,0.0,4.0,0.0,9.0,6196.0,2422.63,3188.0,0.0
0.0,0.0,0.0,0.0,0.0,0.0,0.0,0.0,0.0,0.0,0.0,477.0,283.44,0.0,0.0
0.0,0.0,0.0,0.0,0.0,0.0,0.0,0.0,0.0,0.0,0.0,478.0,284.44,0.0,0.0
1.0,1.0,1.0,0.0,2.0,2.0,109.0,0.0,5.0,122.04,14.0,479.0,285.42,119.0,0.0
1.0,1.0,1.0,0.0,1.0,1.0,245.0,0.0,6.0,164.14,31.0,480.0,286.42,120.0,0.0
1.0,1.0,1.0,0.0,1.0,1.0,49.0,0.0,2.0,544.85,4.0,481.0,287.42,246.0,0.0
1.0,1.0,1.0,0.0,1.0,1.0,37.0,0.0,3.0,231.16,8.0,482.0,288.42,17.0,0.0
1.0,1.0,1.0,0.0,1.0,1.0,37.0,0.0,4.0,0.0,9.0,483.0,289.42,18.0,0.0
1.0,1.0,1.0,0.0,1.0,1.0,1827.0,0.0,24.0,34.45,680.0,484.0,290.42,59.0,0.0
1.0,2.0,2.0,0.672295,16.0,1.0,535.5,0.0,12.0,457.86,63.0,485.0,291.42,247.0,0.0
1.0,1.0,1.0,0.0,1.0,1.0,1827.0,0.0,24.0,0.0,681.0,486.0,292.42,60.0,0.0
1.0,1.0,1.0,0.0,1.0,1.0,1827.0,0.0,24.0,0.0,682.0,487.0,293.42,61.0,0.0
1.0,1.0,1.0,0.0,2.0,2.0,1056.0,0.0,12.0,0.0,126.0,488.0,294.42,248.0,0.0
1.0,1.0,1.0,0.0,1.0,1.0,122.0,0.0,4.0,0.03,10.0,489.0,295.42,249.0,0.0
0.0,0.0,0.0,0.0,0.0,0.0,0.0,0.0,0.0,0.0,0.0,490.0,296.42,0.0,0.0
0.0,0.0,0.0,0.0,0.0,0.0,0.0,0.0,0.0,0.0,0.0,491.0,297.42,0.0,0.0
1.0,1.0,1.0,0.0,2.0,2.0,109.0,1.0,5.0,118.99,14.0,492.0,298.42,121.0,0.0
1.0,1.0,1.0,0.0,1.0,1.0,245.0,1.0,6.0,164.15,31.0,493.0,299.42,122.0,0.0
1.0,1.0,1.0,0.0,1.0,1.0,49.0,0.0,2.0,544.87,4.0,494.0,300.42,250.0,0.0
1.0,2.0,2.0,0.672295,16.0,1.0,527.5,1.0,12.0,457.87,61.5,495.0,301.42,251.0,0.0
1.0,1.0,1.0,0.0,1.0,1.0,1748.0,0.0,22.0,34.82,574.0,496.0,302.42,62.0,0.0
1.0,1.0,1.0,0.0,2.0,2.0,1040.0,1.0,12.0,0.0,123.0,498.0,304.42,252.0,0.0
0.0,0.0,0.0,0.0,0.0,0.0,0.0,0.0,0.0,0.0,0.0,500.0,306.42,0.0,0.0
1.0,1.0,1.0,0.0,3.0,3.0,122.0,0.0,3.0,0.05,9.0,501.0,307.42,253.0,0.0
1.0,1.0,1.0,0.0,1.0,1.0,179.0,1.0,2.0,39.04,3.0,6197.0,2423.35,3189.0,0.0
1.0,3.0,3.0,0.80767,19.0,4.0,463.67,1.0,13.0,221.74,30.67,3119.0,1073.86,1913.0,0.0
1.0,1.0,1.0,0.0,4.0,4.0,147.0,0.0,4.0,0.96,7.0,3120.0,1074.86,1914.0,0.0
1.0,1.0,1.0,0.0,35.0,39.0,85.0,0.0,1.0,0.99,1.0,3121.0,1075.86,696.0,0.0
1.0,1.0,1.0,0.0,4.0,0.0,28.0,0.0,1.0,2.68,1.0,3122.0,1076.81,1915.0,0.0
1.0,1.0,1.0,0.0,4.0,4.0,148.0,0.0,3.0,2.69,6.0,3123.0,1077.8,1916.0,0.0
1.0,1.0,1.0,0.0,2.0,1.0,334.0,1.0,8.0,2.76,70.0,3125.0,1079.77,1918.0,0.0
1.0,4.0,4.0,1.23042,21.0,5.0,425.25,1.0,13.0,275.93,36.5,3126.0,1080.77,1919.0,0.0
1.0,4.0,4.0,1.23042,21.0,5.0,426.0,1.0,12.0,275.94,36.0,3127.0,1081.75,1920.0,0.0
2.0,3.0,5.0,1.27187,26.0,30.0,442.4,0.0,24.0,290.6,147.0,6198.0,2422.55,3507.0,0.0
2.0,4.0,7.0,1.99829,162.0,6.0,284.71,0.0,7.0,44.77,18.43,6203.0,2427.19,6289.0,0.0
1.0,3.0,6.0,2.25536,88.0,2.0,120.33,0.0,6.0,19.42,8.67,6204.0,2428.01,3195.0,0.0
1.0,3.0,6.0,2.25536,88.0,2.0,120.33,0.0,6.0,19.42,8.67,6205.0,2429.0,3196.0,0.0
1.0,1.0,1.0,0.0,2.0,4.0,224.0,0.0,2.0,4.98,3.0,226.0,173.01,135.0,0.0
2.0,4.0,6.0,2.44644,10.0,10.0,435.5,0.0,24.0,109.38,117.33,227.0,173.99,145.0,0.0
1.0,1.0,15.0,3.20352,30.0,71.0,60.07,0.0,5.0,351.58,1.13,228.0,174.81,137.0,0.0
1.0,1.0,1.0,0.0,19.0,0.0,3146.0,0.0,17.0,35.42,309.0,3128.0,1081.43,697.0,0.0
1.0,1.0,1.0,0.0,19.0,0.0,3191.0,0.0,17.0,41.26,308.0,3129.0,1082.42,698.0,0.0
1.0,1.0,1.0,0.0,19.0,0.0,3142.0,0.0,15.0,187.64,299.0,3130.0,1083.41,699.0,0.0
2.0,10.0,17.0,3.3702300000000003,613.0,39.0,183.35,0.0,13.0,129.67,11.0,6206.0,2426.44,6293.0,0.0
1.0,2.0,4.0,1.99771,92.0,62.0,88.75,1.0,5.0,232.06,2.5,502.0,307.37,254.0,0.0
0.0,0.0,0.0,0.0,0.0,0.0,0.0,0.0,0.0,0.0,0.0,506.0,311.36,0.0,0.0
1.0,1.0,1.0,0.0,3.0,3.0,3165.0,1.0,17.0,0.43,310.0,6207.0,2427.27,3097.0,0.0
1.0,1.0,1.0,0.0,3.0,3.0,3210.0,1.0,17.0,0.42,309.0,6208.0,2428.27,3098.0,0.0
1.0,1.0,1.0,0.0,3.0,3.0,3161.0,1.0,15.0,0.42,300.0,6209.0,2429.27,3099.0,0.0
1.0,1.0,2.0,1.0,8.0,4.0,66.5,0.0,3.0,546.79,4.5,6210.0,2430.11,3198.0,0.0
1.0,1.0,1.0,0.0,1.0,1.0,325.0,1.0,3.0,59.11,12.0,6211.0,2431.1,3199.0,0.0
1.0,1.0,1.0,0.0,1.0,1.0,325.0,1.0,3.0,59.11,12.0,6212.0,2432.09,3200.0,0.0
1.0,1.0,15.0,3.20352,30.0,71.0,60.07,0.0,5.0,352.33,1.13,229.0,175.53,138.0,0.0
1.0,1.0,15.0,3.20352,30.0,71.0,60.07,1.0,5.0,352.33,1.13,230.0,176.53,139.0,0.0
1.0,2.0,3.0,1.56441,17.0,5.0,112.67,0.0,6.0,271.18,15.33,231.0,177.53,140.0,0.0
1.0,2.0,3.0,1.56441,17.0,5.0,112.67,0.0,6.0,270.93,15.33,232.0,178.53,141.0,0.0
1.0,1.0,1.0,0.0,1.0,1.0,1846.0,0.0,24.0,1.35,691.0,445.0,270.4,77.0,0.0
1.0,1.0,1.0,0.0,3.0,0.0,65.0,0.0,3.0,266.42,8.0,234.0,180.29,143.0,0.0
1.0,1.0,1.0,0.0,3.0,0.0,65.0,0.0,3.0,266.43,8.0,235.0,181.28,144.0,0.0
1.0,1.0,1.0,0.0,3.0,0.0,65.0,0.0,3.0,266.43,8.0,236.0,182.28,145.0,0.0
1.0,1.0,1.0,0.0,11.0,0.0,109.0,0.0,2.0,177.27,3.0,237.0,183.27,18.0,0.0
1.0,3.0,4.0,1.46261,95.0,4.0,61.5,1.0,5.0,294.27,4.5,3131.0,1082.58,1921.0,0.0
1.0,1.0,1.0,0.0,2.0,12.0,120.0,0.0,3.0,0.4,4.0,239.0,185.11,20.0,0.0
1.0,1.0,1.0,0.0,2.0,12.0,120.0,0.0,3.0,0.4,4.0,240.0,186.11,21.0,0.0
1.0,1.0,1.0,0.0,1.0,1.0,36.0,0.0,2.0,742.92,3.0,3134.0,1084.58,1924.0,0.0
1.0,1.0,1.0,0.0,1.0,1.0,1846.0,0.0,24.0,1.64,692.0,6213.0,2427.05,318.0,0.0
1.0,7.0,9.0,2.52213,212.0,13.0,47.56,1.0,7.0,302.16,3.33,3135.0,1084.65,1925.0,0.0
1.0,7.0,9.0,2.52213,212.0,13.0,47.67,1.0,6.0,332.09,3.11,3136.0,1085.61,1926.0,0.0
2.0,4.0,4.0,1.97722,11.0,5.0,510.0,0.0,9.0,85.18,16.25,6214.0,2425.54,3535.0,0.0
1.0,2.0,2.0,1.0,4.0,10.0,64.5,0.0,2.0,302.34,3.5,6216.0,2427.34,336.0,0.0
1.0,1.0,1.0,0.0,17.0,18.0,134.0,0.0,7.0,130.19,128.0,241.0,186.45,146.0,0.0
1.0,2.0,3.0,0.201881,42.0,34.0,173.33,1.0,6.0,81.8,9.0,6219.0,2429.69,3203.0,0.0
1.0,2.0,3.0,0.201881,42.0,34.0,173.33,1.0,6.0,81.8,9.0,6220.0,2430.68,3204.0,0.0
1.0,1.0,1.0,0.0,24.0,3.0,333.0,1.0,3.0,0.0,14.0,6222.0,2432.66,3206.0,0.0
1.0,1.0,4.0,1.45167,43.0,33.0,260.0,0.0,9.0,226.12,15.25,446.0,270.0,294.0,0.0
1.0,1.0,1.0,0.0,1.0,1.0,1827.0,0.0,24.0,5.15,683.0,447.0,271.0,78.0,0.0
1.0,3.0,3.0,1.52552,130.0,3.0,56.0,0.0,2.0,77.26,2.33,3137.0,1085.24,700.0,0.0
1.0,2.0,3.0,1.58496,3.0,3.0,116.67,0.0,6.0,3.62,15.67,242.0,187.06,147.0,0.0
1.0,2.0,3.0,1.58496,3.0,3.0,116.67,1.0,6.0,3.62,15.67,244.0,189.06,149.0,0.0
1.0,2.0,2.0,0.8453510000000001,1.0,10.0,100.5,0.0,4.0,125.88,6.5,6223.0,2430.92,73.0,0.0
1.0,2.0,2.0,0.8453510000000001,1.0,10.0,100.5,0.0,4.0,125.88,6.5,6225.0,2432.9,74.0,0.0
1.0,1.0,1.0,0.0,1.0,1.0,1827.0,0.0,24.0,0.62,684.0,6226.0,2433.9,320.0,0.0
1.0,1.0,1.0,0.0,1.0,1.0,1827.0,0.0,24.0,0.22,685.0,508.0,311.08,65.0,0.0
0.0,0.0,0.0,0.0,0.0,0.0,0.0,0.0,0.0,0.0,0.0,509.0,312.08,0.0,0.0
1.0,1.0,1.0,0.0,1.0,1.0,1748.0,0.0,22.0,5.98,576.0,510.0,313.08,66.0,0.0
1.0,2.0,2.0,0.468996,12.0,28.0,143.5,0.0,3.0,247.68,6.0,448.0,271.53,295.0,0.0
1.0,2.0,2.0,0.468996,12.0,28.0,143.5,0.0,3.0,247.68,6.0,449.0,272.53,296.0,0.0
1.0,2.0,2.0,0.468996,12.0,28.0,143.0,0.0,3.0,264.11,5.5,450.0,273.53,297.0,0.0
1.0,2.0,2.0,0.6962119999999999,112.0,0.0,476.0,0.0,8.0,98.7,26.5,512.0,315.0,123.0,0.0
1.0,1.0,1.0,0.0,1.0,1.0,1827.0,0.0,24.0,0.15,686.0,513.0,316.0,67.0,0.0
0.0,0.0,0.0,0.0,0.0,0.0,0.0,0.0,0.0,0.0,0.0,514.0,317.0,0.0,0.0
0.0,0.0,0.0,0.0,0.0,0.0,0.0,0.0,0.0,0.0,0.0,515.0,318.0,0.0,0.0
2.0,2.0,2.0,1.0,2.0,2.0,1375.0,0.0,23.0,65.89,469.0,516.0,318.98,98.0,0.0
1.0,2.0,3.0,1.45915,16.0,2.0,229.67,0.0,6.0,133.38,9.33,517.0,319.98,258.0,0.0
1.0,1.0,1.0,0.0,1.0,1.0,1748.0,0.0,22.0,0.0,578.0,518.0,320.98,69.0,0.0
0.0,0.0,0.0,0.0,0.0,0.0,0.0,0.0,0.0,0.0,0.0,520.0,322.98,0.0,0.0
1.0,3.0,8.0,2.7389,58.0,5.0,86.0,0.0,3.0,43.93,1.25,3139.0,1085.8,1927.0,0.0
1.0,1.0,1.0,0.0,1.0,1.0,1846.0,0.0,24.0,0.63,695.0,6227.0,2432.2,321.0,0.0
1.0,1.0,1.0,0.0,1.0,1.0,1827.0,0.0,24.0,0.46,687.0,6228.0,2433.2,322.0,0.0
1.0,3.0,8.0,2.7389,58.0,5.0,86.0,0.0,3.0,44.07,1.25,3140.0,1086.61,1928.0,0.0
1.0,1.0,1.0,0.0,1.0,1.0,1748.0,0.0,22.0,0.76,579.0,521.0,323.53,70.0,0.0
2.0,2.0,2.0,0.918296,2.0,1.0,1248.0,0.0,23.0,20.87,369.0,522.0,324.53,108.0,0.0
1.0,1.0,1.0,0.0,33.0,43.0,85.0,0.0,1.0,0.0,1.0,1095.0,469.77,443.0,0.0
1.0,13.0,21.0,3.80206,120.0,101.0,78.24,0.0,10.0,347.71,10.0,31.0,19.68,0.0,0.0
1.0,3.0,3.0,1.58496,24.0,0.0,541.33,0.0,7.0,97.18,13.0,6231.0,2435.05,3207.0,0.0
1.0,3.0,3.0,1.58496,24.0,0.0,541.33,0.0,7.0,97.19,13.0,6232.0,2436.03,3208.0,0.0
1.0,1.0,1.0,0.0,8.0,0.0,501.0,0.0,9.0,119.84,63.0,6233.0,2436.92,3102.0,0.0
1.0,1.0,1.0,0.0,33.0,43.0,85.0,0.0,1.0,0.0,1.0,1097.0,471.73,445.0,0.0
1.0,1.0,1.0,0.0,8.0,0.0,501.0,0.0,9.0,119.84,63.0,6234.0,2437.91,3103.0,0.0
2.0,5.0,10.0,2.80196,562.0,9.0,311.9,0.0,12.0,59.31,27.9,6236.0,2439.74,6315.0,0.0
1.0,1.0,1.0,0.0,1.0,1.0,1846.0,0.0,24.0,0.98,696.0,6237.0,2439.03,323.0,0.0
1.0,1.0,1.0,0.0,0.0,11.0,83.0,0.0,5.0,56.31,68.0,6239.0,2441.02,3211.0,0.0
1.0,1.0,1.0,0.0,0.0,11.0,83.0,0.0,5.0,44.89,69.0,6240.0,2442.01,3212.0,0.0
2.0,3.0,3.0,1.50253,108.0,11.0,26.0,0.0,1.0,0.0,0.33,6242.0,2443.92,6320.0,0.0
1.0,1.0,1.0,0.0,13.0,13.0,59.0,0.0,1.0,0.0,1.0,6243.0,2444.91,3214.0,0.0
1.0,7.0,11.0,3.05029,145.0,5.0,197.82,0.0,14.0,104.55,16.18,3141.0,1086.06,1929.0,0.0
1.0,1.0,1.0,0.0,23.0,1.0,210.0,0.0,5.0,11.96,15.0,524.0,325.92,260.0,0.0
1.0,1.0,1.0,0.0,3.0,6.0,166.0,0.0,7.0,244.96,16.0,525.0,326.92,261.0,0.0
1.0,1.0,1.0,0.0,23.0,1.0,210.0,0.0,5.0,10.5,15.0,526.0,327.92,262.0,0.0
1.0,1.0,1.0,0.0,3.0,6.0,166.0,0.0,7.0,244.97,16.0,527.0,328.92,263.0,0.0
0.0,0.0,0.0,0.0,0.0,0.0,0.0,0.0,0.0,0.0,0.0,528.0,329.92,0.0,0.0
1.0,1.0,1.0,0.0,3.0,6.0,166.0,1.0,7.0,244.97,16.0,529.0,330.92,264.0,0.0
1.0,3.0,3.0,0.8582639999999999,469.0,5.0,30.0,0.0,6.0,19.13,32.0,3142.0,1086.02,1930.0,1.0
1.0,2.0,3.0,0.830828,97.0,0.0,202.33,0.0,9.0,121.98,12.67,3143.0,1086.95,1931.0,0.0
1.0,1.0,1.0,0.0,3.0,3.0,931.0,0.0,13.0,46.12,476.0,532.0,333.39,31.0,0.0
1.0,2.0,3.0,0.830828,97.0,0.0,200.67,0.0,9.0,138.49,11.33,3145.0,1088.74,1933.0,0.0
0.0,0.0,0.0,0.0,0.0,0.0,0.0,0.0,0.0,0.0,0.0,534.0,335.32,0.0,0.0
0.0,0.0,0.0,0.0,0.0,0.0,0.0,0.0,0.0,0.0,0.0,537.0,338.28,0.0,0.0
1.0,2.0,2.0,0.238685,50.0,1.0,83.5,1.0,10.0,60.57,47.0,6245.0,2439.93,3109.0,0.0
1.0,2.0,2.0,0.238685,50.0,1.0,83.0,1.0,10.0,60.57,46.5,6246.0,2440.93,3110.0,0.0
1.0,2.0,8.0,2.31828,58.0,31.0,141.75,0.0,4.0,24.45,0.75,6247.0,2441.89,3215.0,0.0
1.0,2.0,8.0,2.31828,58.0,31.0,141.75,0.0,4.0,24.44,0.75,6248.0,2442.88,3216.0,0.0
2.0,7.0,20.0,3.98038,1333.0,0.0,100.85,0.0,27.0,1.01,40.85,6249.0,2443.76,3542.0,1.0
3.0,4.0,5.0,0.603218,224.0,0.0,555.8,0.0,26.0,9.21,166.2,6250.0,2444.74,3638.0,0.0
1.0,1.0,1.0,0.0,4.0,5.0,49.0,0.0,1.0,0.07,1.0,247.0,190.37,97.0,0.0
1.0,1.0,1.0,0.0,4.0,5.0,49.0,1.0,1.0,0.07,1.0,248.0,191.37,98.0,0.0
3.0,5.0,6.0,1.10408,238.0,14.0,482.67,0.0,26.0,3.26,139.0,249.0,192.2,165.0,0.0
1.0,1.0,3.0,1.5271,26.0,6.0,383.0,1.0,3.0,110.25,2.67,6252.0,2443.77,3220.0,0.0
1.0,1.0,3.0,1.5271,26.0,6.0,383.0,1.0,3.0,110.25,2.67,6253.0,2444.77,3221.0,0.0
1.0,1.0,1.0,0.0,6.0,1.0,196.0,0.0,7.0,44.64,55.0,6254.0,2445.75,3222.0,0.0
1.0,1.0,1.0,0.0,24.0,16.0,125.0,1.0,7.0,443.15,24.0,6256.0,2447.74,3224.0,0.0
1.0,1.0,1.0,0.0,24.0,16.0,125.0,1.0,7.0,443.16,24.0,6257.0,2448.73,3225.0,0.0
1.0,1.0,1.0,0.0,24.0,16.0,125.0,1.0,7.0,443.16,24.0,6258.0,2449.73,3226.0,0.0
1.0,1.0,1.0,0.0,12.0,5.0,44.0,1.0,4.0,555.66,6.0,6259.0,2450.69,3111.0,0.0
1.0,1.0,1.0,0.0,12.0,5.0,44.0,1.0,4.0,555.66,6.0,6260.0,2451.69,3112.0,0.0
1.0,2.0,3.0,1.58202,51.0,37.0,322.67,0.0,7.0,237.25,7.67,6262.0,2453.59,3227.0,0.0
1.0,2.0,3.0,1.58202,51.0,37.0,323.67,0.0,7.0,244.2,7.0,6264.0,2455.59,3229.0,0.0
2.0,3.0,5.0,2.2093700000000003,51.0,3.0,481.0,0.0,9.0,202.59,28.6,6265.0,2456.41,6344.0,0.0
1.0,4.0,5.0,2.03468,196.0,33.0,246.2,0.0,10.0,236.35,15.4,3146.0,1086.21,702.0,0.0
2.0,4.0,9.0,2.45816,85.0,123.0,273.89,0.0,24.0,294.56,85.33,6266.0,2454.8,3558.0,0.0
1.0,1.0,1.0,0.0,8.0,7.0,144.0,1.0,6.0,143.67,29.0,6268.0,2456.52,3115.0,0.0
1.0,1.0,1.0,0.0,1.0,1.0,183.0,1.0,6.0,163.7,36.0,6269.0,2457.52,3116.0,0.0
1.0,1.0,1.0,0.0,8.0,7.0,144.0,1.0,6.0,143.67,29.0,6270.0,2458.52,3117.0,0.0
1.0,1.0,1.0,0.0,8.0,7.0,144.0,1.0,6.0,143.67,29.0,6271.0,2459.51,3118.0,0.0
1.0,2.0,2.0,0.918296,3.0,3.0,495.0,0.0,8.0,1.65,40.0,3149.0,1088.02,704.0,0.0
1.0,1.0,1.0,0.0,11.0,0.0,157.0,0.0,4.0,348.46,11.0,3150.0,1089.01,705.0,0.0
1.0,1.0,1.0,0.0,2.0,2.0,219.0,0.0,6.0,0.9,34.0,6272.0,2457.8,3233.0,0.0
1.0,1.0,1.0,0.0,20.0,5.0,40.0,0.0,1.0,557.73,3.0,6273.0,2457.67,3234.0,0.0
2.0,3.0,3.0,1.42696,62.0,13.0,112.33,0.0,1.0,159.49,4.0,6274.0,2458.63,6354.0,0.0
1.0,1.0,1.0,0.0,1.0,1.0,913.0,0.0,18.0,14.3,277.0,471.0,125.51,22.0,0.0
1.0,1.0,1.0,0.0,1.0,1.0,891.0,0.0,18.0,47.93,271.0,472.0,126.51,23.0,0.0
1.0,1.0,1.0,0.0,4.0,1.0,168.0,0.0,4.0,0.61,12.0,250.0,192.02,99.0,0.0
1.0,2.0,2.0,0.986081,137.0,0.0,0.0,0.0,0.0,0.0,0.0,3151.0,1088.67,706.0,0.0
1.0,1.0,1.0,0.0,1.0,1.0,2514.0,0.0,15.0,13.75,364.0,3152.0,1089.43,707.0,0.0
1.0,4.0,2.0,0.286397,36.0,4.0,68.5,0.0,1.0,0.18,0.5,3153.0,1090.43,708.0,0.0
2.0,6.0,7.0,2.50224,299.0,4.0,287.57,0.0,12.0,80.86,10.57,6277.0,2459.0,6358.0,0.0
1.0,1.0,1.0,0.0,29.0,36.0,305.0,0.0,3.0,111.11,4.0,6279.0,2460.53,3238.0,0.0
1.0,2.0,2.0,0.99709,126.0,0.0,0.0,0.0,0.0,0.0,0.0,6281.0,2462.42,3240.0,0.0
1.0,1.0,1.0,0.0,1.0,1.0,1859.0,0.0,24.0,2.27,702.0,252.0,193.67,12.0,0.0
1.0,4.0,5.0,1.90077,132.0,0.0,337.8,0.0,7.0,189.81,13.2,6282.0,2462.97,3124.0,0.0
1.0,1.0,1.0,0.0,2.0,1.0,67.0,0.0,1.0,379.48,2.0,253.0,194.55,153.0,0.0
3.0,3.0,3.0,1.25163,6.0,6.0,799.0,0.0,24.0,26.27,262.67,254.0,195.54,190.0,0.0
1.0,1.0,1.0,0.0,1.0,1.0,1859.0,0.0,24.0,0.0,704.0,255.0,196.54,14.0,0.0
1.0,1.0,1.0,0.0,2.0,2.0,336.0,0.0,5.0,0.52,11.0,256.0,197.53,101.0,0.0
1.0,1.0,1.0,0.0,9.0,2.0,269.0,0.0,6.0,157.71,27.0,3156.0,1092.13,1937.0,0.0
1.0,1.0,1.0,0.0,15.0,1.0,78.0,0.0,2.0,361.82,6.0,6283.0,2461.89,3241.0,0.0
1.0,1.0,1.0,0.0,7.0,8.0,276.0,0.0,6.0,0.0,28.0,3157.0,1093.13,1938.0,0.0
2.0,2.0,2.0,0.918296,2.0,1.0,1386.0,0.0,26.0,0.34,444.0,3158.0,1094.11,362.0,0.0
1.0,1.0,1.0,0.0,2.0,2.0,336.0,0.0,5.0,0.98,11.0,6284.0,2462.77,3125.0,0.0
1.0,4.0,4.0,1.92193,15.0,0.0,52.0,0.0,9.0,87.98,11.0,540.0,337.55,269.0,0.0
1.0,1.0,1.0,0.0,40.0,0.0,0.0,0.0,0.0,0.0,0.0,3159.0,1094.06,250.0,0.0
1.0,1.0,1.0,0.0,2.0,2.0,1859.0,0.0,24.0,0.96,706.0,6285.0,2460.68,328.0,0.0
1.0,1.0,1.0,0.0,13.0,1.0,139.0,0.0,3.0,4.84,9.0,6286.0,2461.61,3242.0,0.0
1.0,1.0,1.0,0.0,13.0,1.0,139.0,0.0,3.0,4.84,9.0,6287.0,2462.61,3243.0,0.0
1.0,1.0,1.0,0.0,0.0,1.0,151.0,0.0,3.0,0.01,10.0,6289.0,2464.59,3245.0,0.0
1.0,1.0,1.0,0.0,0.0,1.0,151.0,0.0,3.0,0.01,10.0,6290.0,2465.59,3246.0,0.0
1.0,1.0,1.0,0.0,0.0,1.0,154.0,0.0,3.0,0.0,9.0,6291.0,2466.59,3247.0,0.0
1.0,2.0,4.0,1.31179,78.0,9.0,269.0,1.0,9.0,225.86,19.5,3162.0,1096.72,1941.0,0.0
1.0,5.0,9.0,2.50041,567.0,0.0,19.89,0.0,10.0,0.97,15.33,6292.0,2467.29,219.0,0.0
1.0,3.0,5.0,2.27666,247.0,0.0,0.0,0.0,0.0,0.0,0.0,1319.0,238.49,595.0,0.0
1.0,4.0,4.0,1.93062,91.0,36.0,41.25,0.0,1.0,0.03,0.25,1320.0,239.49,596.0,0.0
1.0,1.0,1.0,0.0,3.0,2.0,74.0,1.0,2.0,269.01,3.0,6293.0,2465.22,150.0,0.0
1.0,1.0,1.0,0.0,3.0,2.0,74.0,1.0,2.0,269.01,3.0,6294.0,2466.22,151.0,0.0
1.0,1.0,1.0,0.0,1.0,1.0,1859.0,0.0,24.0,1.05,707.0,6295.0,2467.21,329.0,0.0
1.0,2.0,3.0,1.45915,28.0,14.0,44.0,0.0,1.0,0.94,0.33,6296.0,2468.17,220.0,0.0
2.0,2.0,2.0,0.515947,29.0,23.0,989.0,0.0,24.0,33.74,367.0,6297.0,2465.71,3578.0,0.0
1.0,1.0,1.0,0.0,2.0,3.0,61.0,0.0,1.0,2.74,1.0,3163.0,1094.05,1942.0,0.0
1.0,4.0,6.0,2.46028,23.0,31.0,50.33,0.0,1.0,2.53,0.33,3164.0,1095.05,1943.0,0.0
1.0,1.0,1.0,0.0,3.0,3.0,659.0,0.0,11.0,2.78,61.0,3165.0,1096.0,1944.0,0.0
1.0,1.0,1.0,0.0,1.0,0.0,79.0,0.0,2.0,0.24,3.0,3167.0,1097.74,1946.0,0.0
1.0,1.0,1.0,0.0,11.0,12.0,88.0,1.0,2.0,315.03,3.0,3169.0,1099.74,1948.0,0.0
1.0,1.0,1.0,0.0,9.0,0.0,704.0,0.0,6.0,14.13,43.0,1322.0,241.11,598.0,0.0
1.0,1.0,1.0,0.0,2.0,2.0,78.0,0.0,2.0,0.01,2.0,1325.0,244.1,601.0,0.0
2.0,3.0,3.0,1.02304,102.0,3.0,273.0,1.0,8.0,216.51,13.33,3171.0,1101.41,2661.0,0.0
1.0,1.0,1.0,0.0,13.0,1.0,36.0,0.0,1.0,0.0,1.0,1327.0,246.09,603.0,0.0
1.0,2.0,2.0,0.957295,95.0,0.0,0.0,0.0,0.0,0.0,0.0,1329.0,248.08,605.0,0.0
2.0,3.0,3.0,1.02304,102.0,3.0,262.33,1.0,8.0,265.44,12.67,3173.0,1102.78,2665.0,0.0
1.0,1.0,1.0,0.0,11.0,12.0,88.0,1.0,2.0,315.75,3.0,3174.0,1103.75,1953.0,0.0
1.0,1.0,1.0,0.0,11.0,12.0,88.0,1.0,2.0,315.8,3.0,3175.0,1104.69,1954.0,0.0
1.0,2.0,3.0,1.43537,1.0,10.0,106.0,0.0,5.0,77.02,2.67,3177.0,1106.63,1956.0,0.0
1.0,1.0,1.0,0.0,6.0,6.0,171.0,0.0,4.0,0.65,15.0,104.0,42.94,67.0,0.0
1.0,1.0,1.0,0.0,136.0,137.0,171.0,0.0,4.0,0.09,16.0,105.0,43.93,68.0,0.0
1.0,3.0,4.0,0.7664449999999999,87.0,2.0,62.25,0.0,4.0,0.26,5.0,107.0,45.92,69.0,0.0
1.0,1.0,1.0,0.0,32.0,0.0,0.0,0.0,0.0,0.0,0.0,108.0,46.92,70.0,0.0
4.0,8.0,8.0,1.8761,200.0,17.0,417.63,0.0,26.0,23.87,97.88,1331.0,249.95,728.0,1.0
3.0,5.0,5.0,1.06206,51.0,11.0,506.4,0.0,25.0,0.16,145.6,1332.0,250.94,677.0,0.0
1.0,1.0,1.0,0.0,0.0,10.0,179.0,0.0,4.0,0.05,20.0,1334.0,252.93,608.0,0.0
2.0,6.0,8.0,2.7073400000000003,30.0,33.0,100.75,0.0,4.0,0.22,1.38,258.0,197.05,162.0,0.0
1.0,1.0,1.0,0.0,0.0,8.0,283.0,0.0,4.0,0.0,9.0,1336.0,254.91,610.0,0.0
1.0,1.0,1.0,0.0,1.0,0.0,191.0,0.0,7.0,69.13,45.0,3179.0,1107.36,1958.0,0.0
1.0,2.0,14.0,3.31805,96.0,70.0,111.93,0.0,5.0,49.8,2.14,6298.0,2457.09,3249.0,0.0
1.0,2.0,3.0,1.14883,3.0,4.0,148.33,0.0,4.0,0.54,3.33,3180.0,1108.03,1959.0,0.0
1.0,2.0,3.0,1.26744,23.0,15.0,327.67,0.0,16.0,15.61,84.33,3181.0,1109.03,1960.0,0.0
1.0,2.0,2.0,0.721928,0.0,5.0,90.5,0.0,4.0,4.12,3.0,3182.0,1110.03,1961.0,0.0
1.0,2.0,2.0,0.995727,9.0,4.0,169.5,0.0,6.0,46.19,47.0,3183.0,1110.97,1962.0,0.0
2.0,20.0,32.0,3.24319,265.0,49.0,305.31,0.0,20.0,143.5,21.22,6299.0,2457.87,6376.0,0.0
1.0,5.0,6.0,2.28334,65.0,48.0,690.33,1.0,15.0,179.64,70.33,6300.0,2458.8,3127.0,0.0
1.0,1.0,1.0,0.0,2.0,0.0,121.0,0.0,1.0,2.02,1.0,3184.0,1111.92,1963.0,0.0
2.0,18.0,30.0,3.17242,263.0,47.0,316.37,0.0,20.0,152.48,21.8,6301.0,2459.71,6379.0,0.0
1.0,1.0,1.0,0.0,2.0,2.0,61.0,0.0,3.0,47.59,15.0,6302.0,2460.56,3129.0,0.0
1.0,5.0,6.0,2.27045,65.0,47.0,687.67,1.0,15.0,189.11,69.5,6303.0,2461.56,3130.0,0.0
1.0,1.0,1.0,0.0,3.0,2.0,60.0,0.0,3.0,41.32,15.0,6304.0,2462.55,3131.0,0.0
1.0,6.0,6.0,2.32458,47.0,28.0,607.83,1.0,15.0,207.48,64.67,6305.0,2463.38,3132.0,0.0
1.0,2.0,2.0,0.162326,83.0,1.0,451.0,1.0,9.0,75.95,47.5,6307.0,2465.17,3134.0,0.0
1.0,2.0,2.0,0.162326,83.0,1.0,459.5,1.0,9.0,75.96,46.5,6308.0,2466.17,3135.0,0.0
1.0,1.0,1.0,0.0,1.0,1.0,2520.0,0.0,15.0,0.21,366.0,6309.0,2467.09,3136.0,0.0
1.0,1.0,1.0,0.0,1.0,1.0,2507.0,0.0,15.0,0.15,363.0,6310.0,2468.08,3137.0,0.0
2.0,3.0,7.0,2.54061,226.0,33.0,82.43,0.0,4.0,0.09,1.71,1338.0,256.76,634.0,1.0
1.0,1.0,1.0,0.0,2.0,11.0,86.0,0.0,2.0,0.86,4.0,1339.0,257.76,71.0,0.0
2.0,3.0,7.0,2.59939,11.0,10.0,91.0,0.0,4.0,0.0,2.0,1341.0,259.76,638.0,0.0
1.0,2.0,3.0,1.14344,143.0,19.0,93.67,1.0,3.0,38.07,4.0,451.0,267.38,298.0,0.0
1.0,2.0,3.0,1.14344,143.0,19.0,93.67,1.0,3.0,38.07,4.0,452.0,268.38,299.0,0.0
1.0,2.0,3.0,1.14344,143.0,19.0,91.0,1.0,3.0,94.33,3.33,453.0,269.38,300.0,0.0
1.0,1.0,1.0,0.0,12.0,7.0,82.0,0.0,1.0,0.51,1.0,3186.0,1112.96,714.0,0.0
1.0,3.0,6.0,2.25137,25.0,24.0,109.83,0.0,4.0,0.38,2.67,3187.0,1113.96,1964.0,0.0
1.0,4.0,4.0,1.55986,27.0,14.0,1022.25,0.0,17.0,41.45,112.0,6311.0,2466.26,3138.0,0.0
1.0,4.0,4.0,1.55986,27.0,14.0,1019.0,0.0,17.0,41.45,111.25,6312.0,2467.25,3139.0,0.0
1.0,1.0,1.0,0.0,1.0,1.0,361.0,0.0,14.0,70.74,174.0,541.0,334.17,270.0,0.0
1.0,1.0,1.0,0.0,1.0,1.0,361.0,0.0,14.0,13.02,177.0,542.0,335.17,271.0,0.0
1.0,1.0,1.0,0.0,3.0,3.0,113.0,0.0,1.0,214.84,1.0,6313.0,2465.6,3252.0,0.0
1.0,1.0,1.0,0.0,3.0,3.0,113.0,0.0,1.0,214.84,1.0,6314.0,2466.6,3253.0,0.0
1.0,2.0,3.0,0.941161,85.0,58.0,464.33,0.0,5.0,1.96,17.67,6315.0,2467.38,3140.0,0.0
1.0,1.0,1.0,0.0,2.0,1.0,2519.0,1.0,15.0,0.88,368.0,6316.0,2468.36,3141.0,0.0
1.0,2.0,2.0,1.0,17.0,1.0,247.0,0.0,12.0,100.9,39.0,3188.0,1113.22,1965.0,0.0
1.0,2.0,2.0,0.981941,18.0,1.0,194.0,0.0,4.0,322.7,10.0,3189.0,1114.22,1966.0,0.0
2.0,18.0,30.0,3.17242,47.0,263.0,323.57,0.0,20.0,1.94,21.83,6317.0,2469.3,6396.0,0.0
2.0,12.0,17.0,3.80876,25.0,22.0,354.06,0.0,17.0,2.03,32.41,6318.0,2470.17,6398.0,0.0
1.0,1.0,1.0,0.0,11.0,11.0,502.0,0.0,3.0,0.07,17.0,6319.0,2471.15,3144.0,0.0
2.0,2.0,2.0,0.993723,662.0,679.0,1400.0,0.0,26.0,0.0,542.5,455.0,270.59,113.0,0.0
2.0,4.0,4.0,0.660162,243.0,275.0,677.75,0.0,25.0,51.83,191.5,457.0,272.59,383.0,0.0
3.0,4.0,4.0,1.32434,20.0,28.0,870.75,0.0,26.0,37.9,232.0,459.0,274.56,442.0,0.0
1.0,1.0,1.0,0.0,22.0,14.0,840.0,1.0,7.0,15.89,75.0,3190.0,1114.87,1967.0,0.0
1.0,1.0,1.0,0.0,22.0,14.0,840.0,1.0,7.0,15.88,75.0,3191.0,1115.85,1968.0,0.0
6.0,52.0,52.0,5.3453300000000015,17.0,450.0,225.85,0.0,28.0,61.15,37.33,460.0,275.46,569.0,0.0
1.0,1.0,1.0,0.0,1.0,1.0,2407.0,0.0,25.0,0.68,720.0,6320.0,2468.57,331.0,0.0
1.0,1.0,1.0,0.0,1.0,1.0,343.0,0.0,2.0,1.15,10.0,6321.0,2469.57,3145.0,0.0
1.0,2.0,5.0,1.6786299999999998,57.0,26.0,319.8,0.0,7.0,150.54,5.6,260.0,197.44,158.0,0.0
1.0,1.0,1.0,0.0,3.0,1.0,50.0,0.0,3.0,251.88,4.0,461.0,276.05,304.0,0.0
1.0,1.0,1.0,0.0,1.0,1.0,53.0,0.0,4.0,934.28,8.0,462.0,277.05,63.0,0.0
1.0,1.0,1.0,0.0,1.0,1.0,44.0,0.0,3.0,251.89,4.0,463.0,278.05,305.0,0.0
1.0,1.0,1.0,0.0,1.0,1.0,53.0,0.0,4.0,934.29,8.0,465.0,280.05,64.0,0.0
1.0,1.0,1.0,0.0,1.0,1.0,44.0,0.0,3.0,251.9,4.0,466.0,281.04,307.0,0.0
1.0,1.0,1.0,0.0,16.0,13.0,97.0,0.0,2.0,85.96,5.0,468.0,282.92,309.0,0.0
1.0,1.0,1.0,0.0,1.0,0.0,83.0,0.0,1.0,964.57,4.0,469.0,283.91,310.0,0.0
1.0,1.0,1.0,0.0,17.0,6.0,177.0,0.0,3.0,26.89,4.0,6323.0,2468.79,3257.0,0.0
1.0,1.0,1.0,0.0,17.0,6.0,177.0,0.0,3.0,26.88,4.0,6324.0,2469.78,3258.0,0.0
1.0,1.0,1.0,0.0,17.0,6.0,178.0,0.0,2.0,26.89,3.0,6325.0,2470.69,3259.0,0.0
1.0,2.0,2.0,0.797327,26.0,3.0,362.5,0.0,6.0,63.11,10.5,6328.0,2473.56,3262.0,0.0
1.0,2.0,2.0,0.797327,26.0,3.0,362.5,0.0,6.0,63.11,10.5,6329.0,2474.55,3263.0,0.0
1.0,1.0,1.0,0.0,14.0,18.0,78.0,0.0,2.0,471.16,9.0,471.0,285.64,66.0,0.0
1.0,1.0,2.0,0.522559,7.0,10.0,335.0,0.0,7.0,0.96,11.0,261.0,198.03,159.0,0.0
1.0,1.0,1.0,0.0,2.0,5.0,89.0,0.0,1.0,270.78,4.0,472.0,286.63,67.0,0.0
1.0,1.0,1.0,0.0,14.0,18.0,78.0,0.0,2.0,471.17,9.0,474.0,288.63,69.0,0.0
1.0,1.0,1.0,0.0,1.0,1.0,65.0,0.0,1.0,140.13,1.0,477.0,291.62,72.0,0.0
1.0,1.0,1.0,0.0,13.0,3.0,123.0,0.0,1.0,4.12,2.0,479.0,293.61,311.0,0.0
1.0,1.0,1.0,0.0,0.0,1.0,588.0,0.0,5.0,0.01,41.0,6331.0,2476.01,3147.0,0.0
1.0,1.0,1.0,0.0,1.0,1.0,671.0,0.0,6.0,0.01,30.0,6332.0,2477.01,3148.0,0.0
2.0,7.0,7.0,1.36295,130.0,121.0,431.71,0.0,25.0,156.81,110.43,481.0,295.56,127.0,0.0
1.0,1.0,1.0,0.0,4.0,6.0,64.0,0.0,1.0,569.86,5.0,482.0,296.55,74.0,0.0
1.0,1.0,1.0,0.0,4.0,6.0,64.0,0.0,1.0,569.87,5.0,484.0,298.54,76.0,0.0
1.0,1.0,1.0,0.0,5.0,5.0,100.0,0.0,3.0,0.77,6.0,485.0,299.52,313.0,0.0
1.0,1.0,1.0,0.0,1.0,0.0,74.0,0.0,3.0,0.21,10.0,487.0,301.52,78.0,0.0
1.0,1.0,1.0,0.0,1.0,0.0,74.0,0.0,3.0,0.22,10.0,488.0,302.52,79.0,0.0
1.0,2.0,3.0,1.28765,60.0,11.0,185.0,0.0,7.0,222.35,16.67,489.0,303.49,314.0,0.0
1.0,2.0,3.0,1.28765,60.0,11.0,177.33,0.0,7.0,222.09,17.0,491.0,305.49,316.0,0.0
1.0,1.0,1.0,0.0,1.0,1.0,131.0,0.0,2.0,0.32,4.0,492.0,306.43,317.0,0.0
1.0,1.0,1.0,0.0,13.0,0.0,98.0,0.0,2.0,1.21,2.0,493.0,307.42,318.0,0.0
2.0,6.0,7.0,2.2354700000000003,43.0,38.0,474.71,0.0,10.0,0.78,21.14,6333.0,2475.44,6414.0,0.0
1.0,1.0,1.0,0.0,1.0,1.0,2406.0,0.0,25.0,0.82,722.0,262.0,198.62,15.0,0.0
1.0,1.0,1.0,0.0,3.0,3.0,659.0,0.0,11.0,7.31,62.0,264.0,200.61,161.0,0.0
1.0,4.0,3.0,0.918296,2.0,1.0,64.33,0.0,2.0,0.1,1.33,265.0,201.57,162.0,0.0
1.0,1.0,1.0,0.0,1.0,1.0,98.0,0.0,3.0,1.89,4.0,266.0,202.57,163.0,0.0
1.0,2.0,2.0,0.468996,3.0,7.0,98.5,0.0,3.0,13.55,2.5,267.0,203.57,164.0,0.0
1.0,1.0,1.0,0.0,1.0,1.0,2406.0,0.0,25.0,0.18,723.0,3193.0,1113.71,177.0,0.0
1.0,1.0,1.0,0.0,1.0,1.0,914.0,0.0,18.0,3.01,281.0,3194.0,1114.69,187.0,0.0
1.0,1.0,1.0,0.0,7.0,1.0,269.0,0.0,6.0,169.02,27.0,3195.0,1115.68,1970.0,0.0
1.0,1.0,1.0,0.0,1.0,11.0,2406.0,0.0,25.0,0.1,724.0,473.0,126.07,24.0,0.0
1.0,1.0,1.0,0.0,1.0,11.0,1827.0,0.0,24.0,17.03,691.0,474.0,127.07,25.0,0.0
1.0,1.0,1.0,0.0,1.0,1.0,168.0,0.0,2.0,0.2,6.0,269.0,205.46,166.0,0.0
1.0,1.0,1.0,0.0,0.0,2.0,82.0,0.0,2.0,0.21,6.0,270.0,206.45,167.0,0.0
1.0,1.0,1.0,0.0,9.0,1.0,255.0,1.0,1.0,249.81,2.0,3197.0,1117.02,1972.0,0.0
1.0,1.0,1.0,0.0,14.0,8.0,252.0,0.0,1.0,7.82,1.0,3199.0,1118.87,1974.0,0.0
1.0,1.0,1.0,0.0,9.0,1.0,255.0,1.0,2.0,234.5,2.0,3200.0,1119.64,1975.0,0.0
1.0,1.0,1.0,0.0,46.0,0.0,0.0,0.0,0.0,0.0,0.0,3201.0,1120.62,1976.0,0.0
1.0,1.0,1.0,0.0,2.0,1.0,2520.0,0.0,15.0,4.07,369.0,6334.0,2472.88,3150.0,0.0
1.0,1.0,1.0,0.0,3.0,3.0,356.0,0.0,14.0,3.1,177.0,544.0,334.08,272.0,0.0
0.0,0.0,0.0,0.0,0.0,0.0,0.0,0.0,0.0,0.0,0.0,546.0,336.07,0.0,0.0
1.0,1.0,1.0,0.0,1.0,1.0,748.0,0.0,16.0,20.16,238.0,547.0,337.06,42.0,0.0
1.0,1.0,1.0,0.0,3.0,2.0,74.0,1.0,2.0,279.46,3.0,548.0,338.06,43.0,0.0
1.0,1.0,1.0,0.0,3.0,3.0,367.0,0.0,12.0,18.16,173.0,549.0,339.06,274.0,0.0
0.0,0.0,0.0,0.0,0.0,0.0,0.0,0.0,0.0,0.0,0.0,550.0,340.06,0.0,0.0
4.0,14.0,16.0,4.0,16.0,16.0,304.75,0.0,15.0,207.97,11.13,273.0,209.01,303.0,0.0
1.0,1.0,1.0,0.0,1.0,1.0,2396.0,0.0,25.0,1.39,725.0,3202.0,1120.62,178.0,0.0
1.0,1.0,1.0,0.0,6.0,1.0,335.0,1.0,8.0,27.18,71.0,3203.0,1121.27,1977.0,0.0
1.0,1.0,1.0,0.0,12.0,8.0,164.0,0.0,9.0,3.7,138.0,6335.0,2470.77,3266.0,0.0
1.0,1.0,1.0,0.0,6.0,1.0,325.0,1.0,8.0,27.19,69.0,3205.0,1123.26,1979.0,0.0
1.0,1.0,2.0,1.0,4.0,4.0,373.5,0.0,11.0,78.99,52.5,3206.0,1124.26,1980.0,0.0
1.0,1.0,1.0,0.0,6.0,1.0,325.0,1.0,8.0,27.18,69.0,3207.0,1125.26,1981.0,0.0
1.0,1.0,2.0,1.0,4.0,4.0,373.5,1.0,11.0,78.99,51.5,3208.0,1126.25,1982.0,0.0
3.0,3.0,3.0,1.12549,12.0,9.0,1124.33,0.0,26.0,1.92,308.33,6336.0,2471.69,3751.0,0.0
1.0,1.0,1.0,0.0,20.0,0.0,247.0,0.0,4.0,13.82,10.0,3209.0,1127.22,1983.0,0.0
1.0,1.0,1.0,0.0,20.0,0.0,248.0,0.0,3.0,350.03,9.0,3210.0,1128.2,1984.0,0.0
1.0,1.0,1.0,0.0,20.0,0.0,248.0,0.0,3.0,350.04,9.0,3211.0,1129.19,1985.0,0.0
1.0,2.0,3.0,1.19856,79.0,15.0,209.0,0.0,9.0,12.9,13.0,275.0,210.51,172.0,0.0
1.0,2.0,3.0,1.19856,79.0,15.0,207.33,1.0,9.0,12.9,11.67,276.0,211.51,173.0,0.0
1.0,5.0,6.0,2.58496,6.0,6.0,79.0,0.0,6.0,518.33,2.83,277.0,212.5,174.0,0.0
1.0,2.0,2.0,0.386019,53.0,0.0,7.5,0.0,2.0,146.19,2.0,6337.0,2469.44,3268.0,0.0
2.0,11.0,18.0,3.09968,1498.0,0.0,23.78,0.0,1.0,74.93,0.11,3213.0,1129.8,2239.0,0.0
1.0,1.0,1.0,0.0,2.0,1.0,396.0,0.0,9.0,0.55,28.0,3215.0,1131.71,1989.0,0.0
1.0,1.0,1.0,0.0,12.0,8.0,102.0,0.0,3.0,535.7,3.0,6338.0,2469.77,3269.0,0.0
1.0,2.0,2.0,0.99961,41.0,2.0,253.0,0.0,7.0,131.28,21.5,6341.0,2472.59,3151.0,0.0
1.0,1.0,1.0,0.0,6.0,0.0,163.0,0.0,6.0,5.0,95.0,278.0,213.16,8.0,0.0
1.0,1.0,1.0,0.0,6.0,0.0,164.0,0.0,5.0,19.98,97.0,279.0,214.15,9.0,0.0
1.0,1.0,1.0,0.0,6.0,0.0,164.0,0.0,5.0,20.04,98.0,280.0,215.15,10.0,0.0
1.0,33.0,33.0,4.96911,0.0,82.0,42.58,0.0,11.0,346.12,3.12,281.0,216.14,11.0,0.0
1.0,1.0,1.0,0.0,2.0,7.0,231.0,0.0,6.0,0.88,22.0,282.0,217.1,175.0,0.0
1.0,1.0,1.0,0.0,2.0,7.0,231.0,0.0,6.0,0.88,21.0,283.0,218.1,176.0,0.0
1.0,1.0,1.0,0.0,2.0,7.0,231.0,1.0,6.0,0.88,21.0,284.0,219.1,177.0,0.0
1.0,1.0,1.0,0.0,3.0,0.0,118.0,0.0,5.0,20.44,93.0,3218.0,1133.83,1992.0,0.0
1.0,1.0,2.0,1.0,12.0,10.0,220.5,0.0,1.0,71.28,0.5,6344.0,2472.27,3274.0,0.0
1.0,1.0,1.0,0.0,12.0,1.0,52.0,1.0,1.0,933.08,4.0,6345.0,2473.18,3275.0,0.0
1.0,1.0,2.0,1.0,12.0,10.0,220.5,0.0,1.0,71.31,0.5,6346.0,2474.17,3276.0,0.0
1.0,1.0,1.0,0.0,12.0,1.0,52.0,1.0,1.0,933.09,4.0,6347.0,2475.16,3277.0,0.0
1.0,1.0,1.0,0.0,12.0,1.0,52.0,1.0,1.0,933.09,4.0,6348.0,2476.16,3278.0,0.0
1.0,1.0,1.0,0.0,4.0,2.0,161.0,0.0,5.0,0.39,24.0,1099.0,458.42,622.0,0.0
2.0,2.0,2.0,1.0,1.0,3.0,119.0,0.0,6.0,3.33,15.0,1100.0,459.37,780.0,0.0
3.0,3.0,3.0,1.29546,2.0,8.0,982.0,0.0,26.0,6.74,366.67,1101.0,459.77,439.0,0.0
1.0,1.0,1.0,0.0,7.0,25.0,168.0,0.0,9.0,4.13,139.0,285.0,218.81,178.0,0.0
1.0,2.0,2.0,1.0,60.0,6.0,281.5,0.0,4.0,142.99,4.5,3219.0,1130.16,715.0,0.0
1.0,1.0,1.0,0.0,0.0,1.0,537.0,0.0,4.0,0.01,6.0,3220.0,1131.15,716.0,0.0
1.0,1.0,1.0,0.0,3.0,2.0,248.0,0.0,6.0,52.56,31.0,3221.0,1132.14,717.0,0.0
1.0,1.0,1.0,0.0,3.0,2.0,249.0,0.0,5.0,154.92,30.0,3222.0,1132.83,718.0,0.0
1.0,1.0,1.0,0.0,3.0,2.0,249.0,0.0,5.0,151.86,30.0,3223.0,1133.8,719.0,0.0
1.0,2.0,4.0,1.90632,101.0,7.0,68.5,1.0,6.0,170.6,7.75,3224.0,1134.8,1993.0,0.0
1.0,2.0,4.0,1.90632,101.0,7.0,68.75,1.0,5.0,176.47,7.5,3226.0,1136.78,1995.0,0.0
1.0,2.0,2.0,0.969857,108.0,0.0,0.0,0.0,0.0,0.0,0.0,6349.0,2467.23,3279.0,0.0
1.0,1.0,2.0,1.0,2.0,2.0,153.0,1.0,2.0,25.66,3.0,6350.0,2468.19,3280.0,0.0
1.0,1.0,2.0,1.0,2.0,2.0,153.5,1.0,1.0,32.21,2.5,6351.0,2469.19,3281.0,0.0
1.0,1.0,1.0,0.0,4.0,0.0,43.0,0.0,1.0,0.06,1.0,6352.0,2470.04,3282.0,0.0
2.0,2.0,4.0,1.92193,5.0,5.0,680.75,0.0,26.0,105.75,185.0,6353.0,2469.19,3616.0,0.0
1.0,1.0,1.0,0.0,1.0,1.0,2391.0,0.0,25.0,0.0,729.0,6354.0,2470.19,334.0,0.0
1.0,1.0,1.0,0.0,18.0,0.0,32.0,0.0,1.0,94.53,1.0,3228.0,1137.72,1997.0,0.0
1.0,6.0,11.0,3.06819,552.0,1.0,61.18,0.0,14.0,86.07,22.36,3229.0,1138.7,1998.0,0.0
1.0,1.0,1.0,0.0,18.0,0.0,32.0,0.0,1.0,94.55,1.0,3230.0,1139.7,1999.0,0.0
1.0,6.0,11.0,3.06819,552.0,1.0,61.73,0.0,13.0,86.08,21.91,3231.0,1140.69,2000.0,0.0
1.0,1.0,1.0,0.0,18.0,0.0,32.0,0.0,1.0,94.55,1.0,3232.0,1141.68,2001.0,0.0
1.0,2.0,2.0,1.0,21.0,3.0,805.5,0.0,13.0,119.17,89.5,6356.0,2471.19,3153.0,0.0
1.0,1.0,1.0,0.0,2.0,2.0,171.0,0.0,3.0,132.55,27.0,495.0,304.29,48.0,0.0
1.0,2.0,2.0,0.8631209999999999,2.0,5.0,113.5,0.0,5.0,111.13,22.0,496.0,305.29,49.0,0.0
2.0,4.0,6.0,1.90519,138.0,0.0,11.17,0.0,5.0,0.74,1.5,1102.0,458.81,798.0,0.0
1.0,1.0,1.0,0.0,5.0,0.0,2391.0,0.0,25.0,1.08,730.0,3233.0,1141.21,179.0,0.0
1.0,1.0,1.0,0.0,4.0,4.0,65.0,0.0,1.0,1.86,1.0,3234.0,1141.98,2002.0,0.0
1.0,1.0,1.0,0.0,2.0,2.0,75.0,1.0,1.0,391.58,1.0,3235.0,1142.98,2003.0,0.0
1.0,1.0,1.0,0.0,2.0,2.0,75.0,1.0,1.0,391.63,1.0,3236.0,1143.9,2004.0,0.0
1.0,1.0,1.0,0.0,2.0,2.0,75.0,1.0,1.0,391.63,1.0,3237.0,1144.9,2005.0,0.0
2.0,7.0,9.0,2.86383,5.0,13.0,132.11,0.0,6.0,161.51,5.78,288.0,220.22,285.0,0.0
1.0,2.0,2.0,0.387743,57.0,22.0,141.0,1.0,3.0,14.02,6.0,497.0,305.77,319.0,1.0
1.0,2.0,2.0,0.387743,57.0,22.0,141.0,1.0,3.0,14.02,6.0,498.0,306.77,320.0,1.0
1.0,2.0,2.0,0.387743,57.0,22.0,140.5,1.0,3.0,14.02,5.5,499.0,307.77,321.0,1.0
1.0,2.0,3.0,1.27511,155.0,3.0,172.33,0.0,7.0,24.2,26.67,0.0,0.0,0.0,0.0
1.0,1.0,1.0,0.0,11.0,1.0,78.0,0.0,2.0,144.58,4.0,1.0,1.0,1.0,0.0
1.0,1.0,2.0,0.749595,14.0,0.0,251.0,0.0,5.0,56.75,7.5,3238.0,1144.83,2006.0,0.0
1.0,1.0,1.0,0.0,5.0,1.0,33.0,0.0,6.0,0.98,82.0,289.0,220.75,1.0,0.0
1.0,1.0,1.0,0.0,2.0,1.0,61.0,0.0,5.0,371.67,12.0,552.0,336.45,275.0,0.0
1.0,1.0,1.0,0.0,2.0,1.0,61.0,0.0,5.0,371.67,12.0,553.0,337.45,276.0,0.0
0.0,0.0,0.0,0.0,0.0,0.0,0.0,0.0,0.0,0.0,0.0,554.0,338.45,0.0,0.0
1.0,1.0,2.0,1.0,4.0,2.0,187.5,0.0,5.0,107.88,6.0,6357.0,2463.28,3284.0,0.0
1.0,1.0,2.0,1.0,4.0,2.0,187.5,0.0,5.0,107.88,6.0,6358.0,2464.28,3285.0,0.0
1.0,1.0,1.0,0.0,6.0,0.0,61.0,0.0,2.0,107.88,4.0,6359.0,2465.27,3286.0,0.0
1.0,2.0,2.0,0.345117,30.0,1.0,258.5,0.0,5.0,29.42,9.0,3239.0,1144.3,2007.0,0.0
1.0,2.0,3.0,1.14346,128.0,31.0,249.67,0.0,10.0,259.84,24.0,3240.0,1144.91,720.0,0.0
1.0,1.0,1.0,0.0,0.0,4.0,692.0,0.0,10.0,0.0,72.0,3241.0,1145.91,721.0,0.0
1.0,1.0,1.0,0.0,3.0,3.0,168.0,0.0,2.0,193.93,7.0,6361.0,2463.79,3288.0,0.0
1.0,1.0,1.0,0.0,3.0,3.0,168.0,0.0,2.0,193.93,7.0,6362.0,2464.79,3289.0,0.0
1.0,1.0,1.0,0.0,8.0,0.0,125.0,0.0,2.0,0.78,4.0,6363.0,2465.67,3155.0,0.0
1.0,2.0,3.0,1.54857,20.0,14.0,699.33,1.0,12.0,194.92,60.67,6364.0,2466.63,3156.0,0.0
1.0,2.0,3.0,1.54857,20.0,14.0,699.33,1.0,11.0,213.98,60.33,6365.0,2467.63,3157.0,0.0
1.0,2.0,3.0,1.54857,20.0,14.0,699.33,1.0,11.0,213.98,60.0,6366.0,2468.62,3158.0,0.0
2.0,2.0,3.0,0.870807,42.0,15.0,57.67,0.0,7.0,519.81,8.33,555.0,338.44,405.0,0.0
2.0,2.0,3.0,0.870807,42.0,15.0,57.67,0.0,7.0,519.81,8.33,556.0,339.44,407.0,0.0
0.0,0.0,0.0,0.0,0.0,0.0,0.0,0.0,0.0,0.0,0.0,557.0,340.44,0.0,0.0
1.0,2.0,2.0,0.16464,163.0,2.0,305.0,1.0,3.0,63.08,12.0,501.0,308.16,81.0,0.0
1.0,2.0,2.0,0.16464,163.0,2.0,291.0,1.0,3.0,194.88,11.5,502.0,309.16,82.0,0.0
1.0,2.0,2.0,0.764205,24.0,3.0,319.0,0.0,10.0,329.64,46.0,503.0,310.16,322.0,0.0
1.0,1.0,1.0,0.0,210.0,234.0,265.0,0.0,3.0,1.43,5.0,506.0,313.08,42.0,0.0
1.0,1.0,2.0,0.970951,6.0,4.0,109.5,0.0,3.0,583.12,4.5,507.0,314.07,83.0,0.0
1.0,1.0,2.0,0.970951,6.0,4.0,109.5,0.0,3.0,583.12,4.5,508.0,315.07,84.0,0.0
1.0,1.0,2.0,0.970951,6.0,4.0,109.5,0.0,3.0,583.12,4.5,509.0,316.07,85.0,0.0
1.0,2.0,2.0,0.8631209999999999,8.0,6.0,316.0,0.0,4.0,0.52,17.5,511.0,318.04,87.0,0.0
1.0,2.0,2.0,0.8631209999999999,8.0,6.0,316.0,0.0,4.0,0.52,17.5,512.0,319.04,88.0,0.0
1.0,1.0,1.0,0.0,3.0,3.0,118.0,0.0,3.0,0.43,7.0,6367.0,2466.66,3159.0,0.0
1.0,1.0,1.0,0.0,1.0,1.0,2396.0,0.0,25.0,4.01,731.0,6368.0,2467.49,335.0,0.0
1.0,2.0,2.0,0.650022,11.0,1.0,317.0,0.0,4.0,0.7,18.0,513.0,319.62,89.0,0.0
1.0,2.0,2.0,0.650022,11.0,1.0,317.0,0.0,4.0,0.71,18.0,514.0,320.62,90.0,0.0
1.0,2.0,2.0,0.650022,11.0,1.0,317.0,0.0,4.0,0.72,18.0,515.0,321.61,91.0,0.0
1.0,2.0,2.0,0.875663,31.0,13.0,729.5,0.0,8.0,98.74,34.0,6369.0,2467.23,3160.0,0.0
1.0,2.0,2.0,0.965636,9.0,14.0,91.0,0.0,5.0,111.39,6.0,6370.0,2466.49,339.0,0.0
1.0,1.0,1.0,0.0,3.0,4.0,947.0,1.0,9.0,167.12,103.0,6372.0,2468.16,3161.0,0.0
1.0,1.0,1.0,0.0,3.0,4.0,947.0,1.0,9.0,167.12,103.0,6373.0,2469.15,3162.0,0.0
1.0,1.0,1.0,0.0,3.0,4.0,948.0,1.0,9.0,167.12,102.0,6374.0,2470.15,3163.0,0.0
1.0,5.0,4.0,1.2415200000000002,20.0,3.0,55.5,0.0,3.0,7.78,1.0,1343.0,258.27,25.0,0.0
0.0,0.0,0.0,0.0,0.0,0.0,0.0,0.0,0.0,0.0,0.0,1344.0,259.27,0.0,0.0
1.0,2.0,3.0,1.13044,154.0,2.0,18.0,0.0,5.0,194.91,3.33,6375.0,2470.8,3164.0,0.0
1.0,1.0,1.0,0.0,7.0,25.0,98.0,0.0,1.0,0.03,1.0,6376.0,2471.71,3165.0,0.0
1.0,1.0,1.0,0.0,42.0,2.0,334.0,0.0,7.0,10.91,38.0,6377.0,2472.71,3166.0,0.0
1.0,1.0,1.0,0.0,42.0,2.0,315.0,0.0,7.0,142.19,37.0,6378.0,2473.7,3167.0,0.0
1.0,1.0,1.0,0.0,42.0,2.0,316.0,0.0,7.0,142.19,36.0,6379.0,2474.69,3168.0,0.0
1.0,1.0,1.0,0.0,3.0,3.0,145.0,0.0,2.0,0.0,2.0,1.0,1.0,1.0,0.0
1.0,1.0,2.0,0.918296,3.0,3.0,129.0,0.0,2.0,0.01,1.0,2.0,2.0,2.0,0.0
0.0,0.0,0.0,0.0,0.0,0.0,0.0,0.0,0.0,0.0,0.0,516.0,321.83,0.0,0.0
1.0,1.0,1.0,0.0,7.0,0.0,93.0,0.0,1.0,287.02,2.0,519.0,324.83,52.0,0.0
0.0,0.0,0.0,0.0,0.0,0.0,0.0,0.0,0.0,0.0,0.0,520.0,325.83,0.0,0.0
1.0,4.0,6.0,1.79687,155.0,14.0,568.83,1.0,16.0,138.07,73.5,6380.0,2473.18,3169.0,0.0
2.0,7.0,16.0,3.74415,35.0,25.0,245.38,1.0,15.0,333.6,18.75,6381.0,2473.52,6460.0,0.0
2.0,7.0,16.0,3.74415,35.0,25.0,245.25,1.0,14.0,379.56,18.06,6383.0,2475.51,6464.0,0.0
1.0,1.0,1.0,0.0,1.0,0.0,2396.0,0.0,25.0,2.15,732.0,6384.0,2476.42,336.0,0.0
1.0,2.0,3.0,1.11523,135.0,22.0,153.67,0.0,7.0,137.01,22.67,6386.0,2477.93,3174.0,0.0
1.0,1.0,1.0,0.0,1.0,1.0,2397.0,0.0,25.0,0.15,733.0,6387.0,2478.93,337.0,0.0
1.0,1.0,1.0,0.0,0.0,2.0,77.0,0.0,3.0,0.09,9.0,112.0,49.4,13.0,0.0
1.0,3.0,3.0,0.697707,106.0,5.0,244.0,1.0,10.0,43.19,26.0,2.0,1.97,0.0,1.0
1.0,2.0,2.0,0.577958,105.0,4.0,119.5,1.0,6.0,83.53,11.0,3.0,2.97,1.0,1.0
1.0,2.0,2.0,0.577958,105.0,4.0,119.5,1.0,5.0,64.65,11.5,4.0,3.97,2.0,1.0
1.0,1.0,1.0,0.0,9.0,0.0,226.0,0.0,4.0,0.43,8.0,113.0,50.36,14.0,0.0
0.0,0.0,0.0,0.0,0.0,0.0,0.0,0.0,0.0,0.0,0.0,293.0,222.09,0.0,0.0
1.0,1.0,1.0,0.0,3.0,0.0,42.0,0.0,3.0,0.58,5.0,294.0,223.08,14.0,0.0
1.0,1.0,1.0,0.0,8.0,25.0,244.0,0.0,4.0,0.11,10.0,295.0,224.07,15.0,0.0
1.0,1.0,1.0,0.0,1.0,1.0,227.0,0.0,4.0,0.01,11.0,296.0,225.06,16.0,0.0
1.0,1.0,1.0,0.0,0.0,11.0,521.0,0.0,14.0,0.01,481.0,27.0,16.75,2.0,0.0
1.0,1.0,1.0,0.0,2.0,1.0,493.0,0.0,10.0,0.61,57.0,297.0,226.03,107.0,0.0
1.0,1.0,1.0,0.0,5.0,0.0,73.0,0.0,3.0,11.49,8.0,114.0,51.34,15.0,0.0
1.0,1.0,1.0,0.0,0.0,1.0,78.0,0.0,4.0,0.02,9.0,115.0,52.33,16.0,0.0
3.0,3.0,3.0,1.40564,8.0,8.0,929.33,0.0,25.0,2.27,254.33,298.0,227.0,214.0,0.0
1.0,1.0,1.0,0.0,1.0,1.0,385.0,0.0,1.0,27.5,2.0,3.0,2.99,3.0,0.0
1.0,2.0,5.0,1.89496,30.0,14.0,246.6,0.0,3.0,22.34,1.4,4.0,3.99,4.0,0.0
1.0,1.0,3.0,1.58444,368.0,0.0,0.0,0.0,0.0,0.0,0.0,5.0,4.99,5.0,0.0
1.0,1.0,1.0,0.0,9.0,7.0,45.0,0.0,3.0,0.25,6.0,299.0,227.96,18.0,0.0
1.0,5.0,7.0,2.29248,12.0,12.0,132.0,0.0,2.0,27.09,1.0,6.0,5.99,6.0,0.0
1.0,1.0,1.0,0.0,0.0,1.0,79.0,0.0,1.0,8.82,1.0,3242.0,1138.91,2008.0,0.0
1.0,1.0,1.0,0.0,0.0,1.0,79.0,0.0,1.0,9.03,1.0,3243.0,1139.58,2009.0,0.0
1.0,2.0,2.0,0.543564,8.0,8.0,231.5,1.0,3.0,9.23,3.5,29.0,18.72,15.0,0.0
1.0,2.0,2.0,0.543564,8.0,8.0,231.5,1.0,3.0,9.04,3.5,31.0,20.72,17.0,0.0
1.0,3.0,3.0,1.19047,108.0,0.0,29.0,1.0,4.0,13.3,2.67,6388.0,2473.92,3293.0,0.0
1.0,3.0,3.0,1.19047,108.0,0.0,29.0,0.0,4.0,12.81,2.67,6389.0,2474.91,3294.0,0.0
1.0,2.0,3.0,1.21462,17.0,26.0,104.33,0.0,4.0,0.98,5.67,300.0,228.52,19.0,0.0
1.0,1.0,1.0,0.0,4.0,0.0,256.0,0.0,7.0,193.24,59.0,6394.0,2479.55,3178.0,0.0
1.0,1.0,1.0,0.0,4.0,0.0,256.0,0.0,7.0,193.24,59.0,6395.0,2480.54,3179.0,0.0
1.0,1.0,1.0,0.0,4.0,0.0,251.0,0.0,7.0,271.03,57.0,6396.0,2481.54,3180.0,0.0
1.0,1.0,1.0,0.0,3.0,0.0,1091.0,0.0,10.0,20.23,123.0,6397.0,2482.45,3181.0,0.0
1.0,1.0,1.0,0.0,3.0,0.0,1091.0,0.0,10.0,20.27,123.0,6398.0,2483.45,3182.0,0.0
1.0,1.0,1.0,0.0,3.0,0.0,1079.0,0.0,10.0,150.96,117.0,6399.0,2484.45,3183.0,0.0
1.0,4.0,4.0,1.91944,31.0,4.0,440.0,0.0,6.0,15.44,20.5,6400.0,2485.38,3184.0,0.0
1.0,1.0,1.0,0.0,2.0,2.0,2397.0,0.0,25.0,1.08,736.0,6401.0,2486.36,338.0,0.0
1.0,1.0,2.0,1.0,2.0,2.0,120.5,0.0,1.0,1.01,0.5,8.0,7.96,8.0,0.0
1.0,2.0,4.0,1.87351,24.0,10.0,134.0,0.0,5.0,5.01,2.5,9.0,8.96,9.0,0.0
1.0,1.0,1.0,0.0,10.0,1.0,88.0,0.0,1.0,485.25,2.0,6402.0,2487.29,3185.0,0.0
1.0,2.0,2.0,0.911342,47.0,2.0,202.5,0.0,4.0,185.05,12.5,475.0,126.16,138.0,0.0
1.0,2.0,2.0,0.911342,47.0,2.0,202.5,0.0,4.0,293.04,12.0,477.0,128.16,140.0,0.0
1.0,1.0,1.0,0.0,1.0,1.0,255.0,0.0,7.0,0.14,58.0,478.0,129.16,141.0,0.0
1.0,2.0,2.0,0.911342,47.0,2.0,202.5,0.0,4.0,279.88,11.0,479.0,130.16,142.0,0.0
4.0,9.0,10.0,3.13072,1.0,16.0,215.4,0.0,10.0,2.08,17.1,301.0,229.39,336.0,0.0
1.0,1.0,1.0,0.0,2.0,2.0,102.0,0.0,2.0,19.22,7.0,302.0,230.36,183.0,0.0
1.0,1.0,1.0,0.0,2.0,2.0,132.0,0.0,7.0,19.23,131.0,303.0,231.36,184.0,0.0
1.0,1.0,1.0,0.0,32.0,10.0,508.0,0.0,3.0,0.64,19.0,6403.0,2486.25,3186.0,0.0
2.0,4.0,4.0,1.95006,6.0,7.0,679.75,0.0,25.0,5.29,200.0,304.0,232.15,202.0,0.0
1.0,1.0,1.0,0.0,4.0,0.0,87.0,0.0,2.0,100.34,2.0,6405.0,2488.18,3188.0,0.0
1.0,1.0,1.0,0.0,10.0,2.0,54.0,0.0,1.0,0.83,1.0,305.0,233.14,186.0,0.0
1.0,1.0,1.0,0.0,10.0,2.0,54.0,0.0,1.0,0.84,1.0,306.0,234.13,187.0,0.0
1.0,1.0,1.0,0.0,10.0,2.0,54.0,1.0,1.0,0.84,1.0,307.0,235.13,188.0,0.0
1.0,1.0,1.0,0.0,8.0,3.0,2527.0,0.0,15.0,3.11,371.0,6407.0,2489.9,3190.0,0.0
1.0,1.0,1.0,0.0,8.0,3.0,2456.0,0.0,15.0,22.88,347.0,6409.0,2491.9,3192.0,0.0
1.0,1.0,1.0,0.0,13.0,0.0,888.0,0.0,7.0,41.85,43.0,6410.0,2492.84,3296.0,0.0
1.0,1.0,1.0,0.0,13.0,0.0,888.0,0.0,7.0,73.69,42.0,6411.0,2493.84,3297.0,0.0
1.0,1.0,1.0,0.0,13.0,0.0,875.0,0.0,7.0,73.69,37.0,6412.0,2494.83,3298.0,0.0
1.0,1.0,2.0,0.292322,0.0,214.0,107.0,0.0,1.0,33.61,0.5,3245.0,1139.93,2011.0,0.0
1.0,3.0,3.0,1.42113,39.0,4.0,96.67,1.0,7.0,418.74,11.67,6415.0,2497.39,3195.0,0.0
1.0,2.0,4.0,1.49942,105.0,6.0,78.0,1.0,8.0,227.04,7.5,6417.0,2499.26,3197.0,0.0
1.0,1.0,1.0,0.0,4.0,3.0,173.0,0.0,5.0,1.17,10.0,11.0,10.93,11.0,0.0
1.0,2.0,2.0,0.8453510000000001,10.0,1.0,125.5,0.0,8.0,297.98,30.0,3247.0,1140.99,2012.0,0.0
1.0,1.0,4.0,1.86393,40.0,1.0,41.5,0.0,5.0,1029.97,3.0,3248.0,1141.77,2013.0,0.0
2.0,9.0,21.0,4.02545,592.0,33.0,120.1,1.0,12.0,113.82,10.24,6419.0,2495.48,6498.0,0.0
2.0,9.0,21.0,4.02545,592.0,33.0,119.57,1.0,12.0,114.01,10.14,6420.0,2496.48,6500.0,0.0
1.0,1.0,1.0,0.0,4.0,0.0,62.0,0.0,2.0,2.08,2.0,6423.0,2499.16,3303.0,0.0
1.0,3.0,3.0,0.664933,18.0,22.0,94.33,0.0,18.0,46.06,105.67,522.0,324.48,58.0,0.0
1.0,1.0,2.0,1.0,40.0,20.0,23.0,0.0,1.0,0.0,0.5,6425.0,2500.81,3305.0,0.0
1.0,2.0,2.0,0.954434,5.0,3.0,349.0,0.0,13.0,0.18,93.5,524.0,326.37,54.0,0.0
2.0,2.0,2.0,1.0,1.0,3.0,1354.0,0.0,25.0,0.21,376.5,527.0,329.22,134.0,0.0
1.0,1.0,1.0,0.0,0.0,1.0,164.0,0.0,6.0,0.01,95.0,528.0,330.22,46.0,0.0
1.0,1.0,1.0,0.0,1.0,1.0,163.0,0.0,6.0,0.01,96.0,529.0,331.22,47.0,0.0
1.0,4.0,4.0,1.33729,28.0,4.0,230.0,0.0,8.0,333.24,19.75,3249.0,1140.11,2014.0,0.0
2.0,4.0,5.0,1.89274,18.0,22.0,69.0,0.0,6.0,2.36,5.0,309.0,235.47,211.0,0.0
2.0,2.0,2.0,0.468996,10.0,0.0,515.0,0.0,18.0,21.11,167.5,6427.0,2499.09,3459.0,0.0
3.0,4.0,4.0,1.23322,13.0,5.0,779.0,0.0,26.0,32.69,240.25,6428.0,2500.07,3801.0,0.0
1.0,1.0,3.0,1.55142,0.0,29.0,171.67,0.0,2.0,32.59,1.0,12.0,11.84,12.0,0.0
1.0,1.0,2.0,0.650022,1.0,5.0,156.0,0.0,3.0,0.0,2.0,13.0,12.84,13.0,0.0
1.0,1.0,1.0,0.0,0.0,1.0,105.0,0.0,2.0,0.0,4.0,14.0,13.84,14.0,0.0
1.0,1.0,1.0,0.0,1.0,1.0,53.0,0.0,1.0,592.74,3.0,6431.0,2500.13,3203.0,0.0
1.0,1.0,1.0,0.0,1.0,1.0,53.0,0.0,1.0,592.75,3.0,6432.0,2501.11,3204.0,0.0
1.0,1.0,1.0,0.0,57.0,0.0,0.0,0.0,0.0,0.0,0.0,6433.0,2501.81,3205.0,0.0
1.0,2.0,5.0,2.01831,33.0,3.0,613.0,0.0,13.0,280.1,44.0,480.0,130.54,236.0,0.0
1.0,1.0,1.0,0.0,110.0,0.0,0.0,0.0,0.0,0.0,0.0,481.0,131.54,237.0,0.0
1.0,2.0,5.0,2.01831,33.0,3.0,613.0,0.0,13.0,280.11,44.0,482.0,132.53,238.0,0.0
1.0,1.0,1.0,0.0,110.0,0.0,0.0,0.0,0.0,0.0,0.0,483.0,133.53,239.0,0.0
1.0,1.0,1.0,0.0,16.0,2.0,83.0,0.0,1.0,593.46,3.0,311.0,236.64,110.0,0.0
1.0,1.0,1.0,0.0,16.0,2.0,83.0,0.0,1.0,593.46,3.0,312.0,237.64,111.0,0.0
1.0,1.0,1.0,0.0,16.0,2.0,83.0,1.0,1.0,593.46,3.0,313.0,238.64,112.0,0.0
1.0,2.0,2.0,0.918296,3.0,3.0,110.5,0.0,8.0,212.81,13.5,6435.0,2501.71,3207.0,0.0
1.0,1.0,1.0,0.0,7.0,0.0,333.0,0.0,9.0,26.06,78.0,484.0,134.45,143.0,0.0
1.0,1.0,1.0,0.0,7.0,0.0,333.0,0.0,9.0,26.11,78.0,486.0,136.45,145.0,0.0
1.0,1.0,1.0,0.0,6.0,8.0,340.0,0.0,9.0,0.0,79.0,487.0,137.45,146.0,0.0
1.0,1.0,1.0,0.0,7.0,0.0,332.0,0.0,9.0,117.2,73.0,488.0,138.45,147.0,0.0
1.0,1.0,1.0,0.0,6.0,8.0,339.0,0.0,9.0,0.0,74.0,489.0,139.45,148.0,0.0
1.0,1.0,1.0,0.0,7.0,0.0,314.0,0.0,8.0,132.68,65.0,490.0,140.44,149.0,0.0
1.0,1.0,1.0,0.0,5.0,7.0,321.0,0.0,8.0,0.0,66.0,491.0,141.44,150.0,0.0
1.0,4.0,5.0,1.80251,252.0,39.0,673.0,0.0,15.0,137.7,85.0,6436.0,2501.63,3208.0,0.0
1.0,3.0,4.0,1.74557,7.0,42.0,241.5,0.0,11.0,163.36,34.25,6437.0,2502.56,3209.0,0.0
1.0,1.0,1.0,0.0,2.0,2.0,88.0,0.0,4.0,0.0,20.0,6438.0,2503.56,3210.0,0.0
1.0,2.0,5.0,2.21135,77.0,27.0,608.4,0.0,13.0,0.63,43.0,493.0,143.43,240.0,0.0
1.0,2.0,5.0,2.21135,77.0,27.0,608.4,0.0,13.0,0.64,43.0,494.0,144.42,241.0,0.0
1.0,1.0,1.0,0.0,2.0,2.0,338.0,0.0,9.0,0.14,80.0,495.0,145.42,152.0,0.0
3.0,24.0,24.0,3.03911,213.0,222.0,219.17,0.0,26.0,21.76,44.38,533.0,333.48,480.0,0.0
1.0,4.0,4.0,1.45349,5.0,16.0,91.25,0.0,11.0,25.08,34.0,534.0,334.47,330.0,0.0
2.0,2.0,2.0,0.065073,56.0,74.0,1691.0,0.0,26.0,0.16,465.5,535.0,335.38,153.0,0.0
3.0,19.0,19.0,3.35345,68.0,79.0,298.89,0.0,26.0,25.53,59.32,538.0,338.34,491.0,0.0
2.0,2.0,2.0,0.8631209999999999,6.0,1.0,1326.5,0.0,25.0,1.84,388.5,314.0,239.11,40.0,0.0
1.0,1.0,3.0,1.5714,192.0,0.0,0.0,1.0,0.0,0.0,0.0,6439.0,2501.84,3211.0,0.0
1.0,1.0,1.0,0.0,13.0,5.0,548.0,0.0,9.0,0.0,56.0,6441.0,2500.74,3213.0,0.0
1.0,1.0,1.0,0.0,1.0,1.0,1472.0,1.0,12.0,12.9,151.0,6442.0,2501.73,3214.0,0.0
1.0,1.0,1.0,0.0,1.0,1.0,1472.0,0.0,11.0,12.9,149.0,6444.0,2503.72,3216.0,0.0
1.0,1.0,1.0,0.0,2.0,1.0,556.0,0.0,9.0,0.01,57.0,6445.0,2504.7,3217.0,0.0
1.0,3.0,3.0,1.41956,11.0,2.0,244.33,1.0,7.0,149.88,37.0,6447.0,2506.52,3219.0,0.0
1.0,4.0,4.0,1.75,13.0,3.0,200.0,1.0,7.0,287.82,27.75,6448.0,2507.45,3220.0,0.0
1.0,2.0,2.0,0.503258,7.0,2.0,557.5,1.0,7.0,26.55,11.5,315.0,239.45,192.0,0.0
1.0,2.0,2.0,0.503258,7.0,2.0,544.5,1.0,7.0,66.94,10.5,316.0,240.45,193.0,0.0
1.0,2.0,2.0,0.503258,7.0,2.0,544.0,1.0,6.0,101.34,9.0,317.0,241.45,194.0,0.0
1.0,2.0,2.0,0.443458,75.0,1.0,194.5,0.0,10.0,2.57,80.0,6449.0,2507.66,341.0,0.0
1.0,2.0,4.0,1.83682,29.0,21.0,217.5,0.0,7.0,105.64,8.25,6450.0,2508.61,3308.0,0.0
1.0,1.0,1.0,0.0,2.0,2.0,136.0,0.0,4.0,413.25,19.0,318.0,242.34,195.0,0.0
1.0,4.0,13.0,2.36564,629.0,515.0,219.92,0.0,3.0,16.17,1.15,17.0,16.65,17.0,1.0
1.0,1.0,8.0,2.93207,20.0,81.0,178.13,0.0,2.0,210.7,0.5,5.0,4.83,2.0,0.0
1.0,1.0,1.0,0.0,1.0,1.0,2495.0,0.0,25.0,1.78,751.0,6.0,5.83,0.0,0.0
1.0,1.0,8.0,2.93207,20.0,81.0,178.13,0.0,2.0,210.73,0.5,7.0,6.83,3.0,0.0
1.0,1.0,1.0,0.0,1.0,1.0,1818.0,0.0,24.0,4.42,693.0,8.0,7.83,1.0,0.0
1.0,1.0,3.0,1.5714,192.0,0.0,0.0,0.0,0.0,0.0,0.0,6452.0,2508.52,3222.0,0.0
1.0,3.0,6.0,1.93432,21.0,34.0,322.67,1.0,10.0,292.33,28.67,6453.0,2509.52,3223.0,0.0
1.0,1.0,3.0,1.5714,192.0,0.0,0.0,0.0,0.0,0.0,0.0,6454.0,2510.51,3224.0,0.0
1.0,1.0,1.0,0.0,1.0,1.0,2495.0,0.0,26.0,0.24,752.0,6456.0,2512.48,342.0,0.0
1.0,1.0,1.0,0.0,1.0,1.0,1818.0,0.0,25.0,0.23,694.0,6457.0,2513.48,343.0,0.0
1.0,1.0,1.0,0.0,1.0,1.0,898.0,0.0,18.0,2.36,288.0,6458.0,2514.45,155.0,0.0
1.0,1.0,1.0,0.0,1.0,1.0,2495.0,0.0,26.0,0.05,753.0,319.0,243.03,19.0,0.0
1.0,4.0,4.0,1.33729,28.0,4.0,230.0,0.0,8.0,338.5,19.75,3250.0,1133.59,2015.0,0.0
1.0,6.0,13.0,2.57809,181.0,10.0,195.62,0.0,10.0,189.95,11.69,6460.0,2515.87,3226.0,0.0
1.0,5.0,10.0,2.38161,176.0,8.0,145.4,0.0,8.0,274.46,9.8,6462.0,2517.86,3228.0,0.0
1.0,1.0,1.0,0.0,1.0,1.0,72.0,1.0,1.0,0.2,1.0,6463.0,2518.84,3229.0,0.0
1.0,3.0,8.0,2.66943,61.0,13.0,229.0,0.0,9.0,52.49,6.63,6464.0,2519.48,3309.0,0.0
1.0,2.0,2.0,0.15374200000000002,45.0,0.0,54.5,0.0,3.0,126.02,5.0,6465.0,2520.48,342.0,0.0
1.0,2.0,4.0,1.83682,29.0,21.0,217.0,0.0,7.0,106.07,8.5,6466.0,2521.46,3310.0,0.0
1.0,4.0,4.0,1.33729,28.0,4.0,230.5,0.0,7.0,338.69,19.25,3251.0,1134.32,2016.0,0.0
1.0,1.0,1.0,0.0,1.0,1.0,2495.0,0.0,26.0,0.24,755.0,321.0,244.84,21.0,0.0
2.0,2.0,2.0,0.543564,3.0,5.0,1696.5,0.0,27.0,0.26,471.0,322.0,245.81,27.0,0.0
1.0,2.0,3.0,0.946618,88.0,8.0,268.33,1.0,7.0,199.72,25.0,6472.0,2525.05,3230.0,0.0
1.0,2.0,3.0,0.946618,88.0,8.0,268.33,1.0,7.0,199.72,25.0,6473.0,2526.05,3231.0,0.0
1.0,2.0,3.0,0.946618,88.0,8.0,265.67,1.0,7.0,199.72,24.33,6474.0,2527.05,3232.0,0.0
1.0,2.0,2.0,0.204577,65.0,91.0,344.0,0.0,7.0,2.92,40.0,324.0,247.38,197.0,0.0
1.0,1.0,1.0,0.0,4.0,0.0,578.0,0.0,7.0,0.04,17.0,325.0,248.36,198.0,0.0
1.0,2.0,11.0,3.20359,12.0,37.0,86.36,0.0,6.0,532.32,2.73,539.0,336.84,334.0,0.0
1.0,1.0,2.0,0.721928,5.0,5.0,146.0,0.0,4.0,589.49,8.5,540.0,337.83,335.0,0.0
1.0,1.0,2.0,0.991076,9.0,0.0,38.0,0.0,3.0,922.95,5.0,3252.0,1133.22,2017.0,0.0
1.0,1.0,1.0,0.0,1.0,0.0,41.0,0.0,2.0,0.04,5.0,3253.0,1134.16,2018.0,0.0
1.0,3.0,5.0,2.20316,43.0,37.0,58.2,0.0,1.0,4.88,0.6,121.0,57.26,22.0,0.0
2.0,2.0,2.0,1.0,2.0,2.0,1025.0,0.0,23.0,44.96,356.0,6475.0,2523.64,502.0,0.0
1.0,1.0,1.0,0.0,11.0,4.0,107.0,0.0,3.0,205.68,7.0,6476.0,2524.52,3315.0,1.0
1.0,1.0,1.0,0.0,11.0,4.0,107.0,0.0,3.0,205.68,7.0,6477.0,2525.51,3316.0,1.0
1.0,1.0,1.0,0.0,1.0,1.0,2494.0,0.0,26.0,1.91,757.0,6479.0,2527.4,346.0,0.0
1.0,1.0,1.0,0.0,4.0,4.0,2494.0,0.0,26.0,0.02,758.0,6480.0,2528.33,347.0,0.0
1.0,2.0,15.0,2.64748,90.0,172.0,155.73,1.0,4.0,302.69,2.27,6482.0,2530.2,3318.0,0.0
1.0,2.0,15.0,2.64748,90.0,172.0,155.73,1.0,4.0,302.51,2.27,6484.0,2532.17,3320.0,0.0
1.0,1.0,1.0,0.0,68.0,0.0,0.0,0.0,0.0,0.0,0.0,6485.0,2531.23,3321.0,0.0
1.0,2.0,2.0,0.578795,15.0,14.0,600.5,1.0,10.0,222.21,61.5,6486.0,2532.07,3322.0,0.0
1.0,2.0,2.0,0.578795,15.0,14.0,581.0,1.0,9.0,265.82,58.0,6488.0,2534.06,3324.0,0.0
1.0,1.0,1.0,0.0,1.0,1.0,2494.0,0.0,26.0,0.67,759.0,6489.0,2535.04,349.0,0.0
1.0,1.0,1.0,0.0,82.0,0.0,0.0,0.0,0.0,0.0,0.0,6491.0,2536.99,3233.0,0.0
1.0,1.0,1.0,0.0,83.0,0.0,0.0,0.0,0.0,0.0,0.0,6492.0,2537.94,3234.0,0.0
1.0,1.0,5.0,2.27164,132.0,0.0,33.0,0.0,3.0,760.5,4.4,3254.0,1133.11,2019.0,0.0
1.0,1.0,1.0,0.0,2.0,2.0,1749.0,0.0,22.0,1.25,584.0,558.0,331.11,76.0,0.0
1.0,1.0,1.0,0.0,1.0,1.0,1818.0,0.0,25.0,0.49,698.0,559.0,332.11,77.0,0.0
1.0,1.0,1.0,0.0,1.0,1.0,2494.0,0.0,26.0,0.49,760.0,560.0,333.11,78.0,0.0
0.0,0.0,0.0,0.0,0.0,0.0,0.0,0.0,0.0,0.0,0.0,1106.0,449.24,0.0,0.0
1.0,2.0,2.0,0.918296,3.0,3.0,591.5,0.0,19.0,7.08,236.5,1109.0,452.17,130.0,0.0
1.0,3.0,3.0,1.46048,13.0,13.0,84.67,0.0,4.0,28.9,4.67,1110.0,452.79,449.0,0.0
0.0,0.0,0.0,0.0,0.0,0.0,0.0,0.0,0.0,0.0,0.0,1112.0,454.77,0.0,0.0
1.0,2.0,4.0,1.67321,87.0,79.0,141.25,0.0,4.0,28.3,5.5,123.0,58.74,72.0,1.0
1.0,1.0,1.0,0.0,1.0,0.0,162.0,0.0,6.0,0.67,30.0,125.0,60.67,74.0,0.0
1.0,1.0,3.0,1.1738,44.0,10.0,101.67,0.0,5.0,251.88,5.67,6493.0,2521.59,3325.0,0.0
1.0,1.0,3.0,1.1738,44.0,10.0,101.67,0.0,6.0,251.88,5.67,6494.0,2522.59,3326.0,0.0
1.0,1.0,1.0,0.0,2.0,2.0,97.0,0.0,1.0,490.8,1.0,6495.0,2520.7,3327.0,0.0
1.0,1.0,1.0,0.0,1.0,1.0,49.0,0.0,1.0,362.46,1.0,542.0,334.85,337.0,0.0
1.0,1.0,1.0,0.0,1.0,1.0,49.0,0.0,1.0,362.46,1.0,543.0,335.85,338.0,0.0
1.0,1.0,1.0,0.0,3.0,1.0,68.0,0.0,3.0,8.0,6.0,544.0,336.84,339.0,0.0
1.0,1.0,1.0,0.0,2.0,1.0,70.0,0.0,3.0,0.0,7.0,545.0,337.84,340.0,0.0
1.0,1.0,2.0,0.543564,10.0,6.0,112.0,0.0,3.0,433.53,4.5,546.0,338.84,341.0,0.0
1.0,1.0,2.0,0.543564,10.0,6.0,127.0,0.0,3.0,633.91,4.0,547.0,339.84,342.0,0.0
1.0,1.0,1.0,0.0,2.0,5.0,69.0,0.0,1.0,269.12,1.0,548.0,340.83,343.0,0.0
1.0,1.0,1.0,0.0,0.0,5.0,66.0,0.0,2.0,0.01,2.0,549.0,341.83,344.0,0.0
1.0,1.0,1.0,0.0,2.0,5.0,69.0,0.0,1.0,269.12,1.0,550.0,342.83,345.0,0.0
1.0,1.0,1.0,0.0,0.0,5.0,66.0,0.0,2.0,0.0,2.0,551.0,343.83,346.0,0.0
1.0,1.0,1.0,0.0,2.0,5.0,69.0,0.0,1.0,269.12,1.0,552.0,344.83,347.0,0.0
1.0,1.0,1.0,0.0,1.0,1.0,75.0,0.0,3.0,36.6,11.0,554.0,346.58,93.0,0.0
1.0,1.0,1.0,0.0,1.0,1.0,75.0,0.0,3.0,36.6,11.0,555.0,347.57,94.0,0.0
1.0,1.0,1.0,0.0,1.0,1.0,75.0,0.0,3.0,36.6,11.0,556.0,348.57,95.0,0.0
1.0,1.0,1.0,0.0,1.0,1.0,2494.0,0.0,26.0,5.35,762.0,6496.0,2518.11,351.0,0.0
1.0,1.0,1.0,0.0,1.0,1.0,1818.0,0.0,25.0,4.67,701.0,6497.0,2519.09,352.0,0.0
2.0,4.0,5.0,0.965154,163.0,25.0,420.4,0.0,20.0,10.49,80.8,6498.0,2519.56,3486.0,0.0
1.0,1.0,3.0,1.57433,4.0,19.0,63.67,0.0,5.0,416.89,2.33,6500.0,2521.52,3330.0,0.0
1.0,1.0,1.0,0.0,72.0,73.0,1621.0,1.0,2.0,194.14,24.0,6501.0,2522.36,3235.0,1.0
1.0,1.0,1.0,0.0,6.0,6.0,121.0,0.0,1.0,9.3,7.0,6504.0,2525.34,3238.0,0.0
1.0,1.0,1.0,0.0,14.0,5.0,91.0,0.0,4.0,10.01,7.0,6505.0,2526.34,3331.0,0.0
1.0,2.0,2.0,0.223813,111.0,0.0,544.0,0.0,10.0,5.17,62.5,3255.0,1124.29,722.0,0.0
1.0,2.0,2.0,0.223813,111.0,0.0,544.0,0.0,10.0,5.17,62.5,3256.0,1125.27,723.0,0.0
1.0,2.0,2.0,0.223813,111.0,0.0,538.0,0.0,10.0,5.18,59.5,3257.0,1126.26,724.0,0.0
1.0,1.0,1.0,0.0,3.0,1.0,86.0,0.0,2.0,37.36,5.0,557.0,349.22,96.0,0.0
1.0,1.0,1.0,0.0,3.0,1.0,86.0,0.0,2.0,37.36,5.0,558.0,350.21,97.0,0.0
1.0,1.0,1.0,0.0,3.0,1.0,86.0,0.0,2.0,37.41,5.0,559.0,351.21,98.0,0.0
1.0,1.0,4.0,1.7849400000000002,16.0,5.0,77.75,0.0,8.0,369.58,7.5,560.0,352.2,349.0,0.0
1.0,1.0,1.0,0.0,3.0,3.0,2494.0,0.0,26.0,0.96,763.0,6506.0,2524.85,353.0,0.0
1.0,1.0,1.0,0.0,3.0,3.0,1818.0,0.0,25.0,0.96,702.0,6507.0,2525.85,354.0,0.0
1.0,1.0,1.0,0.0,3.0,0.0,100.0,0.0,4.0,0.83,8.0,6508.0,2526.53,3332.0,0.0
1.0,1.0,1.0,0.0,14.0,5.0,91.0,0.0,4.0,10.84,7.0,6510.0,2528.51,3334.0,0.0
1.0,1.0,1.0,0.0,3.0,0.0,100.0,0.0,4.0,0.0,8.0,6511.0,2529.5,3335.0,0.0
1.0,1.0,1.0,0.0,1.0,1.0,1620.0,1.0,2.0,1.09,25.0,6512.0,2529.65,3239.0,0.0
1.0,1.0,1.0,0.0,1.0,1.0,1620.0,1.0,2.0,1.1,25.0,6513.0,2530.63,3240.0,0.0
1.0,1.0,1.0,0.0,1.0,1.0,1620.0,1.0,2.0,1.1,24.0,6514.0,2531.62,3241.0,0.0
1.0,3.0,3.0,0.442959,184.0,37.0,130.67,1.0,9.0,258.85,11.0,6516.0,2533.54,3243.0,1.0
1.0,3.0,3.0,0.442959,184.0,37.0,130.67,1.0,8.0,269.64,10.67,6517.0,2534.47,3244.0,1.0
1.0,1.0,1.0,0.0,33.0,11.0,351.0,1.0,7.0,76.3,38.0,6518.0,2533.73,3336.0,0.0
1.0,1.0,1.0,0.0,33.0,11.0,351.0,1.0,7.0,58.41,38.0,6519.0,2534.72,3337.0,0.0
1.0,1.0,1.0,0.0,13.0,10.0,521.0,0.0,7.0,13.01,19.0,326.0,243.57,199.0,0.0
1.0,1.0,1.0,0.0,16.0,24.0,241.0,0.0,3.0,40.06,6.0,327.0,244.56,200.0,0.0
1.0,1.0,1.0,0.0,2.0,2.0,582.0,0.0,7.0,10.98,18.0,328.0,245.56,201.0,0.0
2.0,12.0,12.0,3.55444,90.0,1.0,312.58,0.0,27.0,90.66,68.42,1348.0,258.73,59.0,0.0
1.0,1.0,1.0,0.0,18.0,24.0,582.0,0.0,7.0,0.04,19.0,329.0,246.54,202.0,0.0
1.0,1.0,1.0,0.0,1.0,1.0,37.0,0.0,3.0,320.89,3.0,330.0,247.54,203.0,0.0
1.0,4.0,5.0,2.02655,151.0,19.0,139.2,1.0,6.0,59.46,9.2,6522.0,2535.72,3339.0,1.0
1.0,4.0,5.0,2.02655,151.0,19.0,139.2,1.0,6.0,59.46,9.2,6523.0,2536.72,3340.0,1.0
1.0,1.0,2.0,0.210842,41.0,19.0,337.0,1.0,4.0,300.92,19.0,6524.0,2537.7,3341.0,1.0
1.0,2.0,2.0,0.959687,102.0,0.0,0.0,0.0,0.0,0.0,0.0,3258.0,1123.52,252.0,0.0
2.0,5.0,11.0,3.31435,678.0,0.0,0.0,0.0,0.0,0.0,0.0,1349.0,259.58,1263.0,0.0
1.0,1.0,1.0,0.0,0.0,13.0,98.0,0.0,1.0,0.02,1.0,1351.0,261.57,646.0,0.0
1.0,1.0,2.0,0.742488,15.0,4.0,76.5,0.0,3.0,397.1,3.5,3259.0,1124.21,2020.0,0.0
2.0,25.0,25.0,4.4128,79.0,40.0,117.04,0.0,25.0,216.27,29.8,6526.0,2537.07,434.0,0.0
1.0,2.0,4.0,1.51314,40.0,2.0,236.0,0.0,4.0,180.66,6.25,3260.0,1125.11,2021.0,0.0
1.0,1.0,1.0,0.0,1.0,1.0,37.0,0.0,4.0,1.29,4.0,331.0,247.86,204.0,0.0
1.0,1.0,2.0,0.742488,15.0,4.0,76.5,0.0,3.0,397.62,3.5,3261.0,1125.5,2022.0,0.0
1.0,1.0,2.0,0.742488,15.0,4.0,76.5,0.0,3.0,397.63,3.5,3262.0,1126.48,2023.0,0.0
1.0,1.0,1.0,0.0,1.0,1.0,2499.0,0.0,26.0,0.75,766.0,6527.0,2535.54,358.0,0.0
2.0,2.0,2.0,0.985228,4.0,3.0,1295.0,0.0,26.0,36.89,384.5,6528.0,2536.5,3701.0,0.0
1.0,2.0,2.0,0.286397,60.0,0.0,512.0,1.0,7.0,21.52,40.5,6529.0,2537.22,3245.0,1.0
1.0,2.0,2.0,0.286397,60.0,0.0,512.0,0.0,7.0,21.54,40.5,6530.0,2538.21,3246.0,1.0
1.0,1.0,8.0,1.8524,13.0,68.0,605.88,0.0,17.0,242.56,51.13,6532.0,2539.53,3248.0,0.0
1.0,1.0,1.0,0.0,0.0,7.0,109.0,0.0,9.0,2.97,25.0,6533.0,2537.35,78.0,0.0
3.0,10.0,10.0,2.70046,25.0,27.0,525.0,0.0,29.0,24.24,114.5,332.0,247.86,257.0,0.0
2.0,3.0,4.0,1.70292,38.0,4.0,88.5,0.0,7.0,0.03,4.5,12.0,11.42,8.0,0.0
1.0,2.0,3.0,1.36178,154.0,1.0,845.67,0.0,15.0,6.28,124.33,6535.0,2536.56,3249.0,0.0
1.0,3.0,8.0,2.76951,13.0,24.0,65.25,0.0,1.0,2.91,0.5,6536.0,2537.55,3250.0,0.0
1.0,1.0,1.0,0.0,84.0,0.0,0.0,0.0,0.0,0.0,0.0,6537.0,2538.45,3343.0,0.0
1.0,2.0,3.0,1.15469,32.0,9.0,322.0,0.0,3.0,190.19,8.0,6538.0,2539.39,3251.0,0.0
1.0,2.0,3.0,1.19748,20.0,5.0,195.67,1.0,4.0,308.11,3.67,6539.0,2540.34,3344.0,0.0
1.0,2.0,3.0,1.19748,20.0,5.0,195.67,1.0,4.0,308.11,3.67,6540.0,2541.33,3345.0,0.0
1.0,2.0,3.0,1.19748,20.0,5.0,196.0,1.0,3.0,307.74,3.33,6541.0,2542.33,3346.0,0.0
1.0,2.0,3.0,1.13497,15.0,21.0,63.0,1.0,7.0,312.54,34.0,6542.0,2543.01,3347.0,0.0
1.0,2.0,3.0,1.13497,15.0,21.0,63.67,1.0,6.0,301.53,35.33,6543.0,2544.01,3348.0,0.0
1.0,2.0,3.0,1.13497,15.0,21.0,64.0,1.0,6.0,335.7,35.0,6544.0,2545.01,3349.0,0.0
1.0,1.0,1.0,0.0,29.0,17.0,260.0,1.0,2.0,45.17,12.0,6545.0,2545.89,3350.0,0.0
1.0,1.0,1.0,0.0,29.0,17.0,260.0,1.0,2.0,45.21,12.0,6546.0,2546.88,3351.0,0.0
1.0,1.0,1.0,0.0,1.0,1.0,2517.0,0.0,26.0,0.85,770.0,333.0,248.42,24.0,0.0
1.0,1.0,1.0,0.0,4.0,4.0,2517.0,0.0,26.0,0.18,771.0,334.0,249.32,25.0,0.0
1.0,1.0,1.0,0.0,1.0,1.0,114.0,1.0,1.0,337.66,3.0,3263.0,1123.18,2024.0,0.0
1.0,2.0,2.0,0.791858,20.0,1.0,167.0,1.0,1.0,139.77,0.5,3264.0,1124.14,2025.0,0.0
1.0,3.0,3.0,0.430694,115.0,0.0,154.67,0.0,5.0,91.11,11.0,3266.0,1126.06,725.0,0.0
1.0,2.0,2.0,0.791858,20.0,1.0,167.0,1.0,1.0,139.85,0.5,3268.0,1128.03,2028.0,0.0
1.0,1.0,1.0,0.0,1.0,1.0,114.0,1.0,1.0,337.77,3.0,3269.0,1129.03,2029.0,0.0
1.0,2.0,2.0,0.755375,22.0,1.0,344.0,0.0,3.0,133.0,11.5,6547.0,2545.09,3252.0,0.0
1.0,2.0,2.0,0.755375,22.0,1.0,344.0,0.0,3.0,133.0,11.5,6548.0,2546.09,3253.0,0.0
1.0,2.0,2.0,0.755375,22.0,1.0,344.0,0.0,3.0,133.01,11.5,6549.0,2547.05,3254.0,0.0
1.0,1.0,1.0,0.0,8.0,0.0,493.0,0.0,3.0,0.01,20.0,6550.0,2548.05,3255.0,0.0
2.0,2.0,2.0,0.419921,91.0,3.0,214.5,1.0,5.0,30.9,23.0,6551.0,2548.63,6608.0,0.0
2.0,2.0,2.0,0.419921,91.0,3.0,214.5,1.0,5.0,30.9,23.0,6552.0,2549.62,6610.0,0.0
2.0,2.0,2.0,0.419921,91.0,3.0,172.0,1.0,4.0,90.11,20.5,6553.0,2550.62,6612.0,0.0
1.0,2.0,2.0,0.996792,11.0,4.0,174.0,1.0,2.0,194.15,1.5,562.0,349.57,351.0,0.0
1.0,2.0,2.0,0.996792,11.0,4.0,174.0,1.0,2.0,194.15,1.5,563.0,350.57,352.0,0.0
1.0,1.0,2.0,1.0,2.0,2.0,59.5,0.0,1.0,614.58,1.5,6554.0,2548.78,3259.0,0.0
1.0,1.0,2.0,1.0,2.0,2.0,59.5,0.0,1.0,614.61,1.5,6555.0,2549.69,3260.0,0.0
1.0,1.0,1.0,0.0,1.0,1.0,151.0,0.0,3.0,44.98,16.0,6557.0,2551.68,3356.0,0.0
0.0,0.0,0.0,0.0,0.0,0.0,0.0,0.0,0.0,0.0,0.0,6558.0,2552.11,0.0,0.0
1.0,2.0,3.0,1.37255,17.0,12.0,1136.0,0.0,15.0,0.01,134.67,6560.0,2554.08,3262.0,0.0
1.0,1.0,1.0,0.0,2.0,2.0,68.0,0.0,1.0,15.38,1.0,6561.0,2554.72,3357.0,0.0
1.0,3.0,6.0,1.90644,244.0,4.0,110.67,0.0,6.0,186.73,3.5,3270.0,1126.91,2030.0,0.0
1.0,1.0,1.0,0.0,16.0,5.0,99.0,0.0,4.0,461.99,9.0,3271.0,1127.03,2031.0,0.0
2.0,2.0,2.0,0.650022,6.0,6.0,1439.5,0.0,26.0,13.23,399.0,6562.0,2549.74,3719.0,0.0
1.0,1.0,1.0,0.0,16.0,5.0,99.0,0.0,4.0,462.31,9.0,3272.0,1127.58,2032.0,0.0
1.0,1.0,1.0,0.0,16.0,5.0,99.0,0.0,4.0,462.34,9.0,3273.0,1128.54,2033.0,0.0
1.0,1.0,1.0,0.0,12.0,0.0,394.0,0.0,5.0,31.05,28.0,3274.0,1129.5,726.0,0.0
1.0,1.0,1.0,0.0,12.0,0.0,394.0,0.0,5.0,31.07,28.0,3275.0,1130.47,727.0,0.0
1.0,1.0,1.0,0.0,12.0,0.0,386.0,0.0,5.0,31.08,24.0,3276.0,1131.46,728.0,0.0
2.0,3.0,3.0,1.06204,130.0,11.0,879.67,0.0,26.0,10.16,258.67,32.0,20.54,30.0,0.0
1.0,1.0,1.0,0.0,14.0,0.0,85.0,0.0,1.0,272.64,1.0,3277.0,1131.66,2034.0,0.0
2.0,5.0,8.0,2.91953,29.0,25.0,139.0,0.0,8.0,341.89,5.75,335.0,247.9,320.0,0.0
4.0,12.0,12.0,3.06433,20.0,20.0,385.17,0.0,27.0,22.16,91.0,564.0,349.1,612.0,0.0
2.0,4.0,6.0,2.27021,269.0,0.0,51.67,0.0,11.0,86.16,5.67,13.0,12.24,10.0,0.0
1.0,2.0,2.0,0.91104,141.0,0.0,0.0,0.0,0.0,0.0,0.0,3280.0,1133.21,2035.0,0.0
1.0,2.0,2.0,0.8112779999999999,9.0,11.0,67.5,0.0,3.0,236.04,4.0,566.0,350.39,355.0,0.0
1.0,2.0,2.0,0.8112779999999999,9.0,11.0,67.5,0.0,3.0,236.05,4.0,567.0,351.39,356.0,0.0
1.0,1.0,1.0,0.0,1.0,1.0,44.0,0.0,3.0,238.48,20.0,568.0,352.28,357.0,0.0
1.0,2.0,3.0,1.37881,86.0,0.0,10.67,0.0,1.0,68.3,0.33,3281.0,1132.57,2036.0,0.0
1.0,1.0,1.0,0.0,10.0,0.0,558.0,0.0,5.0,67.71,25.0,3282.0,1133.57,2037.0,0.0
2.0,3.0,4.0,1.6645,7.0,7.0,670.5,0.0,26.0,1255.86,194.75,6563.0,2540.43,3721.0,0.0
1.0,1.0,1.0,0.0,1.0,1.0,105.0,1.0,5.0,0.0,16.0,34.0,22.42,20.0,0.0
1.0,1.0,3.0,1.48853,33.0,12.0,82.0,1.0,8.0,476.15,11.0,35.0,23.42,21.0,0.0
1.0,1.0,1.0,0.0,1.0,1.0,105.0,1.0,5.0,0.0,16.0,36.0,24.42,22.0,0.0
1.0,1.0,3.0,1.48853,33.0,12.0,82.0,1.0,8.0,476.15,11.0,37.0,25.42,23.0,0.0
3.0,6.0,9.0,3.0375400000000004,26.0,30.0,403.89,0.0,26.0,2.05,91.22,6565.0,2541.36,6987.0,0.0
2.0,2.0,2.0,0.721928,6.0,4.0,1328.5,0.0,26.0,26.3,396.0,6566.0,2539.75,3726.0,0.0
1.0,1.0,1.0,0.0,10.0,10.0,136.0,0.0,1.0,326.06,6.0,6567.0,2540.31,3264.0,0.0
1.0,1.0,1.0,0.0,2.0,3.0,50.0,0.0,2.0,1.84,3.0,6568.0,2541.28,3363.0,0.0
1.0,1.0,1.0,0.0,28.0,7.0,418.0,0.0,3.0,132.77,9.0,6569.0,2542.23,3364.0,0.0
1.0,1.0,1.0,0.0,4.0,5.0,90.0,1.0,4.0,17.01,7.0,6570.0,2543.22,3365.0,0.0
1.0,2.0,3.0,1.41821,199.0,21.0,18.0,0.0,1.0,206.97,1.33,6572.0,2545.04,3266.0,0.0
1.0,1.0,2.0,0.966619,18.0,10.0,43.5,0.0,1.0,0.0,0.5,22.0,20.48,22.0,0.0
1.0,1.0,1.0,0.0,15.0,1.0,53.0,0.0,1.0,1012.56,1.0,337.0,248.11,208.0,0.0
1.0,1.0,1.0,0.0,3.0,1.0,468.0,0.0,3.0,0.1,8.0,23.0,21.47,23.0,0.0
1.0,1.0,1.0,0.0,1.0,1.0,44.0,0.0,4.0,2.02,21.0,569.0,351.96,358.0,0.0
1.0,1.0,1.0,0.0,32.0,55.0,195.0,0.0,3.0,637.38,10.0,570.0,352.96,359.0,0.0
1.0,1.0,1.0,0.0,33.0,56.0,195.0,0.0,3.0,60.62,11.0,571.0,353.95,360.0,0.0
1.0,1.0,1.0,0.0,32.0,55.0,195.0,0.0,3.0,637.4,10.0,572.0,354.95,361.0,0.0
1.0,1.0,1.0,0.0,2.0,1.0,75.0,0.0,3.0,14.72,12.0,573.0,355.93,100.0,0.0
1.0,1.0,1.0,0.0,2.0,1.0,75.0,0.0,3.0,14.72,12.0,574.0,356.93,101.0,0.0
1.0,1.0,1.0,0.0,2.0,1.0,75.0,0.0,3.0,14.72,12.0,575.0,357.93,102.0,0.0
1.0,1.0,1.0,0.0,3.0,7.0,67.0,0.0,2.0,0.32,2.0,338.0,248.94,209.0,0.0
1.0,1.0,1.0,0.0,15.0,1.0,53.0,0.0,1.0,1012.89,1.0,339.0,249.94,210.0,0.0
1.0,1.0,1.0,0.0,15.0,1.0,53.0,0.0,1.0,1012.89,1.0,340.0,250.93,211.0,0.0
1.0,1.0,1.0,0.0,3.0,7.0,67.0,0.0,2.0,0.0,2.0,341.0,251.93,212.0,0.0
1.0,1.0,1.0,0.0,3.0,7.0,67.0,0.0,2.0,0.0,2.0,342.0,252.93,213.0,0.0
2.0,8.0,10.0,3.12799,3.0,15.0,210.6,0.0,13.0,13.17,14.1,343.0,253.93,329.0,0.0
1.0,1.0,1.0,0.0,1.0,1.0,568.0,0.0,5.0,1.89,26.0,344.0,254.92,215.0,0.0
1.0,3.0,3.0,1.05862,166.0,3.0,89.33,0.0,9.0,14.31,21.33,3283.0,1131.9,2038.0,0.0
1.0,1.0,1.0,0.0,0.0,49.0,49.0,0.0,2.0,0.73,4.0,6573.0,2543.79,3366.0,0.0
1.0,3.0,11.0,2.20769,65.0,136.0,112.09,0.0,7.0,210.33,2.91,6575.0,2545.72,3368.0,0.0
1.0,1.0,1.0,0.0,1.0,1.0,460.0,0.0,4.0,0.01,8.0,6576.0,2546.71,3369.0,0.0
1.0,1.0,1.0,0.0,0.0,50.0,50.0,0.0,2.0,2.59,3.0,6577.0,2547.71,3370.0,0.0
1.0,1.0,1.0,0.0,3.0,3.0,88.0,0.0,2.0,14.54,6.0,6578.0,2548.7,3267.0,0.0
1.0,4.0,4.0,1.43469,29.0,3.0,119.5,0.0,4.0,25.43,5.5,6579.0,2549.64,221.0,0.0
1.0,5.0,9.0,2.84096,87.0,145.0,45.33,0.0,4.0,41.92,1.11,6580.0,2550.59,343.0,0.0
1.0,1.0,1.0,0.0,16.0,51.0,172.0,0.0,4.0,0.43,12.0,6581.0,2551.55,3371.0,0.0
1.0,1.0,1.0,0.0,16.0,51.0,172.0,0.0,4.0,0.45,11.0,6582.0,2552.55,3372.0,0.0
1.0,1.0,1.0,0.0,16.0,51.0,172.0,0.0,4.0,0.43,11.0,6583.0,2553.55,3373.0,0.0
1.0,1.0,1.0,0.0,0.0,50.0,50.0,0.0,2.0,2.64,3.0,6584.0,2554.54,3374.0,0.0
1.0,1.0,5.0,2.07589,0.0,348.0,69.6,0.0,1.0,400.2,0.2,6587.0,2557.09,3375.0,0.0
1.0,1.0,1.0,0.0,28.0,7.0,418.0,0.0,3.0,133.7,9.0,6588.0,2558.07,3376.0,0.0
1.0,1.0,1.0,0.0,1.0,1.0,61.0,0.0,4.0,27.69,12.0,6589.0,2558.84,3377.0,0.0
1.0,3.0,7.0,1.45026,107.0,13.0,414.14,0.0,13.0,118.38,36.43,6590.0,2559.83,3270.0,0.0
1.0,1.0,1.0,0.0,3.0,3.0,2521.0,0.0,26.0,1.17,778.0,6591.0,2560.75,365.0,0.0
1.0,1.0,1.0,0.0,1.0,1.0,64.0,0.0,6.0,19.95,15.0,6592.0,2561.74,3378.0,0.0
1.0,1.0,1.0,0.0,1.0,1.0,1823.0,0.0,25.0,12.05,705.0,6593.0,2562.74,366.0,0.0
1.0,1.0,1.0,0.0,1.0,1.0,1823.0,0.0,25.0,0.0,706.0,6594.0,2563.73,367.0,0.0
3.0,6.0,7.0,1.94269,413.0,0.0,82.14,0.0,23.0,14.76,56.43,1353.0,261.21,1324.0,0.0
1.0,3.0,9.0,2.70095,258.0,20.0,421.22,0.0,13.0,82.25,29.0,6596.0,2565.55,3380.0,0.0
2.0,5.0,6.0,2.16419,176.0,0.0,107.83,0.0,7.0,371.71,9.33,1354.0,262.21,1270.0,0.0
1.0,1.0,2.0,0.99718,25.0,7.0,47.5,0.0,2.0,507.03,1.5,345.0,255.62,216.0,0.0
1.0,1.0,2.0,0.99718,25.0,7.0,47.5,0.0,2.0,507.03,1.5,346.0,256.62,217.0,0.0
1.0,1.0,2.0,0.99718,25.0,7.0,47.5,0.0,2.0,507.03,1.5,347.0,257.62,218.0,0.0
1.0,1.0,1.0,0.0,10.0,0.0,558.0,0.0,5.0,70.62,25.0,6597.0,2564.6,3381.0,0.0
1.0,1.0,1.0,0.0,1.0,1.0,568.0,0.0,5.0,0.0,26.0,6598.0,2565.6,3382.0,0.0
1.0,1.0,1.0,0.0,8.0,4.0,599.0,0.0,7.0,26.74,15.0,6599.0,2566.58,3383.0,0.0
1.0,1.0,1.0,0.0,7.0,5.0,603.0,0.0,7.0,0.02,16.0,350.0,260.35,221.0,0.0
1.0,2.0,3.0,0.8218129999999999,38.0,36.0,161.0,0.0,5.0,18.69,7.0,3286.0,1133.41,2041.0,0.0
1.0,2.0,2.0,1.0,2.0,2.0,325.0,0.0,8.0,8.46,16.5,3289.0,1136.37,2042.0,0.0
1.0,1.0,1.0,0.0,1.0,1.0,322.0,0.0,2.0,0.98,2.0,3290.0,1137.37,2043.0,0.0
1.0,1.0,1.0,0.0,5.0,0.0,157.0,0.0,1.0,360.86,1.0,6600.0,2567.31,3271.0,0.0
1.0,1.0,1.0,0.0,3.0,1.0,162.0,0.0,1.0,0.0,2.0,6601.0,2568.31,3272.0,0.0
1.0,1.0,1.0,0.0,5.0,0.0,157.0,0.0,1.0,360.86,1.0,6602.0,2569.3,3273.0,0.0
1.0,1.0,1.0,0.0,3.0,1.0,162.0,0.0,1.0,0.0,2.0,6603.0,2570.29,3274.0,0.0
1.0,3.0,3.0,1.39215,8.0,10.0,198.0,0.0,5.0,372.14,7.33,6604.0,2571.27,3275.0,0.0
1.0,3.0,3.0,1.39215,8.0,10.0,195.33,0.0,4.0,548.67,7.0,6605.0,2572.27,3276.0,0.0
1.0,1.0,1.0,0.0,26.0,0.0,0.0,0.0,0.0,0.0,0.0,6606.0,2573.21,3277.0,0.0
1.0,4.0,6.0,2.20434,38.0,1.0,229.5,1.0,14.0,191.14,26.0,3291.0,1138.3,2044.0,0.0
1.0,1.0,1.0,0.0,2.0,0.0,284.0,0.0,4.0,314.71,6.0,3292.0,1139.3,2045.0,0.0
1.0,1.0,1.0,0.0,7.0,5.0,164.0,0.0,1.0,0.07,3.0,6608.0,2575.06,3279.0,0.0
1.0,2.0,2.0,0.8812909999999999,7.0,3.0,179.5,1.0,2.0,82.82,6.5,3293.0,1140.23,2046.0,0.0
1.0,2.0,2.0,0.8812909999999999,7.0,3.0,179.5,1.0,2.0,82.9,6.5,3294.0,1141.11,2047.0,0.0
1.0,5.0,7.0,2.37801,40.0,1.0,235.57,1.0,13.0,212.86,22.0,3295.0,1142.1,2048.0,0.0
1.0,1.0,1.0,0.0,1.0,3.0,87.0,0.0,1.0,0.34,1.0,6610.0,2576.26,3281.0,0.0
1.0,2.0,4.0,1.42515,114.0,13.0,751.25,0.0,13.0,135.89,50.75,6611.0,2577.2,3282.0,0.0
1.0,3.0,7.0,2.65375,397.0,0.0,0.0,0.0,0.0,0.0,0.0,6612.0,2578.2,3283.0,0.0
1.0,2.0,2.0,0.07584199999999999,112.0,104.0,678.5,0.0,10.0,0.14,55.0,6613.0,2579.18,3284.0,0.0
1.0,5.0,7.0,2.37801,40.0,1.0,240.0,1.0,13.0,213.65,21.57,3296.0,1141.96,2049.0,0.0
1.0,2.0,2.0,0.566509,15.0,0.0,111.0,0.0,8.0,270.37,68.0,6615.0,2578.34,3385.0,0.0
1.0,3.0,3.0,1.12622,91.0,1.0,332.67,1.0,13.0,26.14,28.0,6616.0,2579.21,3386.0,0.0
1.0,3.0,3.0,1.12622,91.0,1.0,331.0,1.0,13.0,26.12,27.33,6617.0,2580.21,3387.0,0.0
1.0,3.0,3.0,1.12622,91.0,1.0,332.0,1.0,12.0,26.11,26.67,6618.0,2581.21,3388.0,0.0
1.0,1.0,1.0,0.0,72.0,0.0,0.0,0.0,0.0,0.0,0.0,6619.0,2579.25,3389.0,0.0
2.0,2.0,2.0,0.918296,2.0,1.0,1291.0,0.0,26.0,2.75,392.5,6620.0,2580.18,3758.0,0.0
1.0,1.0,1.0,0.0,11.0,3.0,2522.0,0.0,26.0,0.0,780.0,6621.0,2581.17,369.0,0.0
1.0,1.0,1.0,0.0,4.0,12.0,246.0,0.0,7.0,38.52,23.0,6624.0,2583.99,3287.0,0.0
1.0,2.0,2.0,0.391244,26.0,0.0,209.5,0.0,3.0,55.59,3.5,576.0,356.5,362.0,0.0
1.0,2.0,2.0,0.391244,26.0,0.0,210.0,0.0,2.0,66.37,3.0,577.0,357.5,363.0,0.0
1.0,2.0,2.0,0.391244,26.0,0.0,210.0,0.0,2.0,66.37,3.0,578.0,358.49,364.0,0.0
1.0,1.0,1.0,0.0,1.0,1.0,2530.0,0.0,26.0,0.43,781.0,351.0,259.96,26.0,0.0
1.0,2.0,3.0,1.43766,9.0,75.0,72.67,0.0,5.0,313.26,2.0,352.0,260.95,222.0,0.0
1.0,1.0,1.0,0.0,11.0,16.0,709.0,0.0,7.0,33.25,45.0,353.0,261.95,223.0,0.0
3.0,5.0,6.0,2.11471,5.0,17.0,239.67,0.0,8.0,3.11,5.83,354.0,262.93,346.0,0.0
0.0,0.0,0.0,0.0,0.0,0.0,0.0,0.0,0.0,0.0,0.0,355.0,263.92,0.0,0.0
1.0,1.0,1.0,0.0,1.0,1.0,287.0,1.0,7.0,0.01,31.0,16.0,14.94,4.0,0.0
1.0,1.0,1.0,0.0,11.0,1.0,277.0,1.0,6.0,297.21,30.0,17.0,15.94,5.0,0.0
2.0,3.0,3.0,0.537985,163.0,2.0,139.0,1.0,7.0,171.69,15.33,18.0,16.94,17.0,0.0
1.0,2.0,2.0,0.17466800000000002,152.0,1.0,70.0,1.0,4.0,76.84,8.5,19.0,17.94,12.0,0.0
1.0,1.0,1.0,0.0,2.0,7.0,170.0,0.0,3.0,495.4,8.0,357.0,265.29,117.0,0.0
1.0,1.0,1.0,0.0,2.0,7.0,170.0,1.0,3.0,495.41,8.0,359.0,267.29,119.0,0.0
1.0,1.0,1.0,0.0,2.0,1.0,2530.0,0.0,26.0,1.57,782.0,3297.0,1138.63,180.0,0.0
1.0,2.0,3.0,1.48756,105.0,0.0,0.0,0.0,0.0,0.0,0.0,3298.0,1139.63,2050.0,0.0
1.0,1.0,1.0,0.0,1.0,1.0,2531.0,0.0,26.0,0.03,783.0,6626.0,2579.03,370.0,0.0
1.0,2.0,2.0,0.624274,77.0,0.0,68.5,0.0,4.0,161.58,5.5,579.0,358.27,103.0,0.0
1.0,2.0,2.0,0.624274,77.0,0.0,68.5,0.0,4.0,161.58,5.5,580.0,359.26,104.0,0.0
1.0,2.0,2.0,0.624274,77.0,0.0,68.5,0.0,4.0,161.58,5.5,581.0,360.26,105.0,0.0
4.0,9.0,12.0,3.4377,38.0,36.0,343.0,0.0,26.0,10.95,74.75,6628.0,2580.38,7396.0,0.0
1.0,2.0,2.0,0.988699,8.0,8.0,552.5,0.0,7.0,11.44,15.5,360.0,267.82,225.0,0.0
1.0,2.0,2.0,0.954434,12.0,12.0,550.0,0.0,7.0,18.37,12.0,361.0,268.57,226.0,0.0
1.0,1.0,1.0,0.0,17.0,0.0,61.0,0.0,2.0,119.71,5.0,6630.0,2579.77,3393.0,0.0
1.0,2.0,3.0,1.27511,155.0,3.0,172.33,0.0,7.0,1.92,27.0,6631.0,2580.41,3394.0,0.0
1.0,2.0,3.0,1.27511,155.0,3.0,172.33,0.0,7.0,40.03,26.67,6632.0,2581.4,3395.0,0.0
2.0,5.0,9.0,2.00473,95.0,904.0,435.0,0.0,26.0,270.17,93.56,6633.0,2579.26,718.0,0.0
1.0,2.0,2.0,0.8631209999999999,9.0,5.0,49.0,0.0,4.0,184.77,6.0,6634.0,2580.13,222.0,0.0
1.0,2.0,3.0,1.09299,76.0,7.0,294.0,1.0,9.0,154.25,24.33,6636.0,2581.9,3397.0,0.0
1.0,1.0,1.0,0.0,1.0,1.0,2529.0,0.0,26.0,0.97,786.0,6637.0,2579.85,374.0,0.0
1.0,3.0,3.0,0.5748810000000001,119.0,5.0,204.0,1.0,11.0,242.75,59.33,3299.0,1136.43,732.0,0.0
1.0,2.0,2.0,0.918296,3.0,3.0,308.5,1.0,11.0,0.01,89.5,3300.0,1137.42,733.0,0.0
1.0,3.0,3.0,0.5748810000000001,119.0,5.0,204.0,1.0,11.0,242.76,59.33,3301.0,1138.41,734.0,0.0
2.0,2.0,2.0,0.413817,8.0,4.0,1713.5,0.0,27.0,11.46,487.0,6638.0,2580.63,535.0,0.0
2.0,2.0,2.0,0.918296,2.0,1.0,1715.5,0.0,27.0,0.25,487.5,6639.0,2580.77,537.0,0.0
2.0,2.0,2.0,0.918296,2.0,1.0,1358.0,0.0,27.0,12.71,445.0,6640.0,2581.76,539.0,0.0
1.0,1.0,1.0,0.0,7.0,12.0,115.0,0.0,2.0,515.88,5.0,6642.0,2581.04,3399.0,0.0
1.0,2.0,2.0,0.179256,13.0,24.0,78.5,0.0,1.0,0.03,0.5,3303.0,1138.94,2052.0,0.0
1.0,1.0,1.0,0.0,7.0,1.0,109.0,1.0,1.0,1.2,1.0,3304.0,1139.74,735.0,0.0
1.0,1.0,1.0,0.0,0.0,3.0,115.0,1.0,1.0,0.05,2.0,3305.0,1140.66,736.0,0.0
1.0,2.0,2.0,0.970951,2.0,8.0,62.0,0.0,3.0,241.91,3.5,6644.0,2582.2,3401.0,0.0
1.0,2.0,3.0,1.45915,4.0,2.0,45.33,0.0,4.0,209.26,2.67,6645.0,2583.2,3402.0,0.0
1.0,2.0,2.0,1.0,2.0,10.0,63.0,0.0,3.0,115.97,4.0,6646.0,2584.19,3403.0,0.0
1.0,2.0,3.0,1.45915,4.0,2.0,45.33,0.0,4.0,125.3,3.33,6647.0,2585.18,3404.0,0.0
1.0,1.0,1.0,0.0,80.0,0.0,0.0,0.0,0.0,0.0,0.0,6648.0,2585.92,3290.0,0.0
1.0,1.0,1.0,0.0,109.0,0.0,0.0,0.0,0.0,0.0,0.0,6649.0,2586.9,3291.0,0.0
1.0,1.0,1.0,0.0,12.0,1.0,106.0,0.0,5.0,29.71,14.0,6652.0,2587.54,3406.0,0.0
1.0,1.0,1.0,0.0,16.0,2.0,84.0,0.0,5.0,37.72,74.0,6653.0,2588.39,3407.0,0.0
1.0,1.0,1.0,0.0,16.0,2.0,87.0,0.0,6.0,29.76,77.0,6654.0,2589.39,3408.0,0.0
1.0,1.0,1.0,0.0,9.0,3.0,91.0,0.0,1.0,213.9,1.0,6655.0,2590.38,3409.0,0.0
1.0,1.0,1.0,0.0,9.0,3.0,91.0,0.0,1.0,213.9,1.0,6656.0,2591.38,3410.0,0.0
1.0,1.0,1.0,0.0,15.0,0.0,207.0,0.0,8.0,29.77,106.0,6658.0,2593.36,3412.0,0.0
2.0,3.0,3.0,1.37095,5.0,5.0,49.0,0.0,1.0,679.74,1.0,6660.0,2595.32,6707.0,0.0
1.0,3.0,3.0,0.91847,65.0,4.0,110.0,1.0,5.0,29.86,22.67,585.0,360.92,368.0,0.0
1.0,3.0,3.0,0.91847,65.0,4.0,110.67,1.0,6.0,27.13,23.67,586.0,361.92,369.0,0.0
1.0,3.0,3.0,0.91847,65.0,4.0,108.0,1.0,6.0,27.39,22.33,587.0,362.91,370.0,0.0
1.0,3.0,7.0,2.75402,137.0,6.0,74.0,0.0,6.0,168.83,3.0,588.0,363.91,371.0,0.0
1.0,3.0,7.0,2.75402,137.0,6.0,74.43,0.0,5.0,191.13,2.86,589.0,364.91,372.0,0.0
1.0,2.0,2.0,0.94566,9.0,2.0,254.5,0.0,5.0,9.13,7.0,6662.0,2597.24,3295.0,0.0
1.0,3.0,7.0,2.75402,137.0,6.0,74.43,0.0,5.0,191.13,2.86,590.0,365.9,373.0,0.0
1.0,2.0,2.0,0.94566,9.0,2.0,250.5,0.0,4.0,9.13,6.5,6663.0,2598.24,3296.0,0.0
1.0,2.0,2.0,0.94566,9.0,2.0,251.5,0.0,4.0,600.6,6.0,6664.0,2599.24,3297.0,0.0
1.0,1.0,1.0,0.0,1.0,1.0,67.0,0.0,2.0,631.73,4.0,6665.0,2600.23,3298.0,0.0
1.0,1.0,1.0,0.0,1.0,1.0,67.0,0.0,2.0,631.73,4.0,6666.0,2601.23,3299.0,0.0
1.0,2.0,2.0,0.8960379999999999,39.0,9.0,104.0,0.0,1.0,321.38,3.5,363.0,268.17,121.0,0.0
1.0,2.0,2.0,0.8960379999999999,39.0,9.0,104.0,0.0,1.0,321.38,3.5,364.0,269.17,122.0,0.0
1.0,3.0,4.0,1.6404599999999998,107.0,2.0,121.25,0.0,6.0,30.51,7.5,3306.0,1140.26,2053.0,0.0
1.0,1.0,2.0,0.834648,56.0,42.0,92.5,0.0,2.0,351.67,2.5,3308.0,1142.23,2055.0,0.0
1.0,3.0,4.0,1.6404599999999998,107.0,2.0,121.25,0.0,6.0,41.37,7.0,6667.0,2599.26,3416.0,0.0
1.0,2.0,2.0,0.8112779999999999,3.0,1.0,105.0,0.0,8.0,63.88,58.5,6668.0,2599.54,3417.0,0.0
2.0,3.0,3.0,0.496775,28.0,18.0,930.67,0.0,28.0,1.33,304.67,6669.0,2600.52,3797.0,0.0
1.0,2.0,2.0,0.8935709999999999,20.0,9.0,88.0,0.0,3.0,363.84,1.5,6671.0,2602.44,3420.0,0.0
1.0,1.0,2.0,0.9999,4.0,81.0,70.0,0.0,4.0,486.44,7.0,6672.0,2603.41,3421.0,0.0
1.0,1.0,1.0,0.0,3.0,7.0,98.0,0.0,2.0,703.52,4.0,6674.0,2605.39,3423.0,0.0
1.0,1.0,2.0,0.970951,8.0,2.0,88.5,0.0,3.0,178.9,4.5,6676.0,2607.36,3425.0,0.0
1.0,1.0,2.0,0.970951,8.0,2.0,88.5,0.0,3.0,178.91,4.5,6677.0,2608.35,3426.0,0.0
1.0,1.0,1.0,0.0,5.0,5.0,173.0,0.0,3.0,526.94,7.0,6678.0,2609.33,3300.0,0.0
1.0,1.0,2.0,0.961237,7.0,19.0,73.0,0.0,1.0,222.01,1.0,6681.0,2612.3,3428.0,0.0
1.0,1.0,1.0,0.0,18.0,13.0,155.0,0.0,2.0,1.1,7.0,365.0,269.55,123.0,0.0
1.0,1.0,1.0,0.0,18.0,13.0,155.0,0.0,2.0,1.1,7.0,366.0,270.55,124.0,0.0
1.0,6.0,7.0,2.13373,420.0,1.0,7.86,0.0,6.0,9.6,13.71,6682.0,2613.15,346.0,0.0
1.0,1.0,2.0,1.0,2.0,8.0,244.5,0.0,3.0,6.41,7.5,591.0,365.9,374.0,0.0
1.0,1.0,2.0,1.0,2.0,8.0,244.5,0.0,3.0,6.42,7.5,593.0,367.9,376.0,0.0
1.0,1.0,2.0,0.995727,9.0,4.0,91.5,0.0,3.0,0.78,5.0,6684.0,2612.55,3430.0,0.0
1.0,1.0,1.0,0.0,1.0,1.0,2537.0,0.0,26.0,0.83,792.0,6685.0,2613.54,380.0,0.0
1.0,1.0,1.0,0.0,3.0,3.0,65.0,0.0,1.0,0.77,2.0,6686.0,2614.54,3431.0,0.0
2.0,3.0,7.0,2.41919,30.0,25.0,65.57,0.0,3.0,571.03,4.57,6687.0,2615.46,6734.0,0.0
1.0,3.0,4.0,1.56166,142.0,66.0,79.5,0.0,6.0,78.35,2.75,6688.0,2616.46,3433.0,0.0
1.0,1.0,2.0,0.995727,9.0,4.0,91.5,0.0,3.0,0.81,5.0,6689.0,2617.46,3434.0,0.0
1.0,1.0,1.0,0.0,3.0,3.0,65.0,0.0,1.0,0.8,2.0,6690.0,2618.45,3435.0,0.0
2.0,3.0,7.0,2.41919,30.0,25.0,65.57,0.0,3.0,571.03,4.57,6691.0,2619.45,6739.0,0.0
1.0,4.0,4.0,1.20559,62.0,0.0,82.25,0.0,5.0,2.54,16.25,6692.0,2620.31,347.0,0.0
1.0,2.0,2.0,0.319337,68.0,1.0,17.0,0.0,1.0,314.4,2.0,6693.0,2621.28,3304.0,0.0
1.0,1.0,2.0,1.0,4.0,0.0,241.5,0.0,3.0,0.57,8.0,594.0,368.51,377.0,0.0
1.0,1.0,1.0,0.0,11.0,2.0,173.0,0.0,3.0,0.14,9.0,6694.0,2621.94,3305.0,0.0
1.0,1.0,1.0,0.0,11.0,2.0,173.0,0.0,3.0,0.14,9.0,6695.0,2622.94,3306.0,0.0
1.0,1.0,2.0,1.0,4.0,0.0,241.5,0.0,3.0,0.58,8.0,595.0,369.5,378.0,0.0
1.0,1.0,2.0,1.0,4.0,0.0,241.5,0.0,3.0,0.58,8.0,596.0,370.5,379.0,0.0
1.0,2.0,2.0,0.886541,14.0,9.0,107.0,0.0,4.0,418.97,9.5,6696.0,2623.92,3307.0,0.0
1.0,2.0,2.0,0.886541,14.0,9.0,107.0,0.0,4.0,418.97,9.5,6697.0,2624.91,3308.0,0.0
1.0,1.0,1.0,0.0,0.0,15.0,65.0,0.0,1.0,302.67,1.0,6698.0,2625.69,3437.0,0.0
1.0,1.0,1.0,0.0,0.0,15.0,65.0,0.0,1.0,302.67,1.0,6699.0,2626.69,3438.0,0.0
1.0,1.0,2.0,0.292322,214.0,0.0,0.0,0.0,0.0,0.0,0.0,3309.0,1140.42,2056.0,0.0
1.0,4.0,5.0,1.97396,192.0,0.0,4.8,0.0,1.0,0.65,0.2,3310.0,1141.42,2057.0,0.0
1.0,1.0,1.0,0.0,2.0,2.0,75.0,0.0,2.0,234.85,2.0,6701.0,2628.64,3440.0,0.0
1.0,1.0,1.0,0.0,3.0,1.0,62.0,0.0,3.0,575.08,5.0,6702.0,2629.2,3441.0,0.0
1.0,1.0,1.0,0.0,3.0,1.0,62.0,0.0,3.0,575.09,5.0,6703.0,2630.2,3442.0,0.0
1.0,2.0,2.0,0.8631209999999999,5.0,2.0,256.0,0.0,3.0,114.66,11.0,6705.0,2632.16,3310.0,0.0
1.0,1.0,2.0,1.0,4.0,4.0,94.0,0.0,3.0,0.97,5.5,6706.0,2631.04,3443.0,0.0
1.0,2.0,2.0,0.07584199999999999,103.0,113.0,91.5,0.0,5.0,32.11,8.0,6707.0,2632.01,3444.0,0.0
1.0,3.0,7.0,2.48628,64.0,214.0,202.29,0.0,3.0,22.34,1.86,6708.0,2632.89,3445.0,0.0
2.0,2.0,2.0,1.0,2.0,0.0,1306.5,0.0,26.0,6.91,412.0,6711.0,2635.69,461.0,0.0
1.0,1.0,1.0,0.0,5.0,11.0,147.0,0.0,8.0,10.96,136.0,6712.0,2636.68,3448.0,0.0
2.0,2.0,2.0,0.918296,2.0,1.0,956.0,0.0,25.0,18.78,369.0,6713.0,2637.67,463.0,0.0
1.0,1.0,1.0,0.0,5.0,0.0,61.0,0.0,1.0,242.03,1.0,6714.0,2638.66,3449.0,0.0
1.0,1.0,1.0,0.0,5.0,0.0,61.0,0.0,1.0,242.03,1.0,6715.0,2639.65,3450.0,0.0
1.0,2.0,8.0,2.51968,89.0,2.0,111.63,0.0,7.0,81.31,3.63,6716.0,2640.63,3451.0,0.0
1.0,2.0,8.0,2.51968,89.0,2.0,113.0,0.0,6.0,380.18,3.5,6717.0,2641.62,3452.0,0.0
1.0,1.0,1.0,0.0,1.0,1.0,53.0,0.0,7.0,32.84,98.0,6718.0,2642.34,349.0,0.0
1.0,2.0,2.0,1.0,0.0,182.0,91.0,0.0,1.0,539.53,1.5,6720.0,2644.3,3453.0,0.0
1.0,1.0,1.0,0.0,1.0,1.0,411.0,0.0,3.0,0.85,18.0,6722.0,2646.08,3312.0,0.0
1.0,1.0,1.0,0.0,3.0,2.0,151.0,0.0,5.0,0.38,11.0,6725.0,2648.22,3457.0,0.0
2.0,2.0,2.0,0.391244,1.0,12.0,1524.0,0.0,27.0,24.4,583.0,367.0,270.27,29.0,0.0
1.0,2.0,4.0,1.84488,14.0,9.0,197.0,1.0,4.0,4.85,6.0,597.0,370.56,380.0,0.0
1.0,2.0,4.0,1.84488,14.0,9.0,197.0,1.0,4.0,4.86,6.0,598.0,371.56,381.0,0.0
1.0,1.0,1.0,0.0,3.0,3.0,205.0,0.0,2.0,313.63,3.0,600.0,373.55,383.0,0.0
1.0,1.0,1.0,0.0,3.0,3.0,205.0,0.0,2.0,313.64,3.0,601.0,374.54,384.0,0.0
1.0,1.0,1.0,0.0,3.0,3.0,205.0,0.0,3.0,298.05,3.0,602.0,375.54,385.0,0.0
1.0,3.0,4.0,1.54003,54.0,1.0,110.25,0.0,5.0,362.79,7.25,603.0,376.29,106.0,0.0
1.0,3.0,4.0,1.54003,54.0,1.0,110.25,0.0,5.0,362.81,7.25,604.0,377.27,107.0,0.0
1.0,3.0,4.0,1.54003,54.0,1.0,110.25,0.0,5.0,362.83,7.25,605.0,378.26,108.0,0.0
1.0,1.0,1.0,0.0,17.0,2.0,176.0,0.0,1.0,0.62,1.0,6726.0,2647.3,3458.0,0.0
1.0,2.0,7.0,2.32977,387.0,24.0,93.86,0.0,7.0,0.4,5.0,6727.0,2648.09,3459.0,0.0
1.0,1.0,1.0,0.0,1.0,8.0,208.0,0.0,4.0,0.01,13.0,6728.0,2649.06,3460.0,0.0
1.0,1.0,1.0,0.0,3.0,3.0,48.0,0.0,3.0,320.21,5.0,6731.0,2651.53,351.0,0.0
1.0,1.0,1.0,0.0,23.0,67.0,286.0,0.0,3.0,238.17,11.0,6733.0,2653.33,3464.0,0.0
1.0,2.0,2.0,0.363847,21.0,51.0,91.5,0.0,2.0,92.12,2.0,6734.0,2654.05,3313.0,0.0
1.0,2.0,2.0,0.382958,20.0,47.0,90.0,0.0,2.0,92.74,1.0,6735.0,2655.04,3314.0,0.0
1.0,1.0,1.0,0.0,2.0,0.0,77.0,0.0,2.0,636.01,5.0,6736.0,2655.34,3465.0,0.0
1.0,1.0,1.0,0.0,2.0,0.0,77.0,0.0,2.0,636.01,5.0,6737.0,2656.33,3466.0,0.0
2.0,2.0,2.0,0.978449,19.0,10.0,101.5,0.0,4.0,287.85,5.5,6739.0,2658.27,3669.0,0.0
2.0,2.0,4.0,1.93626,8.0,3.0,110.25,0.0,7.0,272.93,8.5,3313.0,1140.69,2313.0,0.0
1.0,2.0,2.0,0.35335900000000003,10.0,5.0,301.0,1.0,11.0,437.18,88.0,3315.0,1142.6,737.0,0.0
1.0,1.0,1.0,0.0,109.0,0.0,0.0,0.0,0.0,0.0,0.0,3316.0,1143.6,738.0,0.0
1.0,3.0,4.0,1.64698,13.0,31.0,102.5,0.0,5.0,334.74,3.0,6740.0,2657.67,3317.0,0.0
1.0,3.0,4.0,1.64698,13.0,31.0,102.5,0.0,5.0,334.74,3.0,6741.0,2658.67,3318.0,0.0
2.0,2.0,2.0,0.995727,8.0,5.0,101.0,0.0,5.0,129.57,8.5,6742.0,2659.61,3821.0,0.0
2.0,2.0,2.0,0.995727,8.0,5.0,101.0,0.0,4.0,129.57,8.0,6743.0,2660.6,3823.0,0.0
1.0,1.0,1.0,0.0,10.0,8.0,425.0,0.0,8.0,255.93,26.0,6744.0,2661.16,3319.0,0.0
1.0,1.0,7.0,2.80735,0.0,35.0,134.14,0.0,7.0,2.14,4.29,6745.0,2661.75,3469.0,0.0
1.0,1.0,1.0,0.0,10.0,8.0,425.0,0.0,8.0,256.04,26.0,6746.0,2662.74,3320.0,0.0
1.0,1.0,7.0,2.80735,0.0,35.0,135.86,0.0,6.0,2.09,4.29,6747.0,2663.74,3470.0,0.0
1.0,1.0,1.0,0.0,1.0,0.0,60.0,0.0,4.0,0.85,15.0,607.0,379.22,387.0,0.0
1.0,1.0,1.0,0.0,3.0,2.0,55.0,0.0,1.0,5.5,1.0,18.0,12.64,12.0,0.0
2.0,4.0,6.0,2.1132,35.0,7.0,562.83,0.0,26.0,152.45,136.67,19.0,13.64,14.0,0.0
1.0,2.0,3.0,1.14012,29.0,10.0,705.0,0.0,12.0,48.4,62.33,6748.0,2662.05,3321.0,0.0
1.0,2.0,3.0,1.14012,29.0,10.0,705.33,0.0,11.0,49.81,61.67,6749.0,2662.97,3322.0,0.0
1.0,2.0,3.0,1.14012,29.0,10.0,705.33,0.0,11.0,49.8,61.33,6750.0,2663.95,3323.0,0.0
1.0,1.0,1.0,0.0,2.0,2.0,146.0,0.0,2.0,180.89,9.0,6752.0,2665.62,3324.0,0.0
1.0,1.0,1.0,0.0,2.0,2.0,146.0,0.0,2.0,180.89,9.0,6753.0,2666.62,3325.0,0.0
2.0,2.0,2.0,0.322757,19.0,15.0,144.5,0.0,3.0,2.22,3.5,3317.0,1142.81,2801.0,0.0
1.0,1.0,2.0,1.0,4.0,0.0,153.0,0.0,10.0,285.08,25.5,3318.0,1143.81,740.0,0.0
1.0,1.0,2.0,1.0,4.0,0.0,153.0,0.0,10.0,285.1,25.5,3319.0,1144.79,741.0,0.0
1.0,2.0,2.0,0.987844,0.0,108.0,54.0,0.0,2.0,776.39,3.0,6754.0,2667.01,3471.0,0.0
2.0,5.0,6.0,1.48295,118.0,0.0,78.67,0.0,10.0,38.36,11.0,3320.0,1145.71,2805.0,0.0
1.0,3.0,4.0,1.44755,93.0,19.0,70.0,0.0,2.0,289.28,1.0,20.0,14.61,14.0,0.0
1.0,1.0,1.0,0.0,55.0,0.0,0.0,0.0,0.0,0.0,0.0,3321.0,1145.71,743.0,0.0
1.0,3.0,13.0,3.11835,53.0,164.0,132.54,0.0,4.0,196.84,1.46,6756.0,2666.15,3473.0,0.0
1.0,3.0,12.0,2.92796,45.0,148.0,133.08,0.0,4.0,284.4,1.33,6757.0,2667.13,3474.0,0.0
1.0,5.0,14.0,2.74688,90.0,21.0,121.43,0.0,7.0,364.05,1.86,6758.0,2663.34,3475.0,0.0
1.0,5.0,14.0,2.74688,90.0,21.0,121.43,0.0,7.0,364.05,1.86,6759.0,2664.34,3476.0,0.0
1.0,1.0,1.0,0.0,2.0,3.0,143.0,0.0,1.0,347.24,3.0,6760.0,2665.32,3477.0,0.0
1.0,1.0,1.0,0.0,2.0,3.0,143.0,0.0,1.0,347.24,3.0,6761.0,2666.32,3478.0,0.0
1.0,5.0,14.0,2.74688,21.0,90.0,126.36,0.0,7.0,0.02,1.93,6762.0,2667.28,3479.0,0.0
2.0,4.0,5.0,1.97143,205.0,4.0,637.2,1.0,15.0,145.67,60.6,371.0,271.48,357.0,0.0
1.0,2.0,1.0,0.0,1.0,1.0,77.0,1.0,1.0,0.01,1.0,372.0,272.48,128.0,0.0
1.0,2.0,1.0,0.0,1.0,1.0,77.0,0.0,1.0,0.01,1.0,373.0,273.48,129.0,0.0
1.0,2.0,1.0,0.0,1.0,1.0,77.0,0.0,1.0,0.01,1.0,374.0,274.48,130.0,0.0
1.0,1.0,1.0,0.0,4.0,3.0,3180.0,0.0,16.0,0.49,302.0,375.0,275.2,131.0,0.0
1.0,1.0,1.0,0.0,2.0,1.0,34.0,0.0,1.0,635.65,4.0,376.0,276.19,132.0,0.0
1.0,6.0,10.0,3.03598,708.0,0.0,5.6,0.0,6.0,0.77,9.7,3322.0,1143.81,254.0,0.0
1.0,1.0,1.0,0.0,2.0,1.0,34.0,0.0,1.0,635.78,4.0,377.0,277.12,133.0,0.0
1.0,2.0,2.0,0.578795,58.0,0.0,46.0,0.0,2.0,40.59,3.5,6764.0,2666.28,3481.0,0.0
1.0,2.0,2.0,0.578795,58.0,0.0,39.0,0.0,2.0,221.5,3.0,6765.0,2667.28,3482.0,0.0
1.0,3.0,4.0,1.75538,72.0,15.0,207.25,0.0,7.0,330.29,14.0,378.0,278.0,231.0,0.0
1.0,3.0,4.0,1.75538,72.0,15.0,207.25,0.0,7.0,330.3,14.0,379.0,278.99,232.0,0.0
1.0,3.0,4.0,1.75538,72.0,15.0,207.5,1.0,7.0,328.71,13.75,380.0,279.99,233.0,0.0
1.0,1.0,1.0,0.0,1.0,1.0,2554.0,0.0,26.0,3.74,797.0,6767.0,2668.46,383.0,0.0
1.0,1.0,1.0,0.0,2.0,0.0,52.0,0.0,1.0,3.01,1.0,381.0,280.91,234.0,0.0
1.0,1.0,1.0,0.0,5.0,10.0,68.0,0.0,1.0,711.45,5.0,382.0,281.84,134.0,0.0
1.0,1.0,1.0,0.0,5.0,10.0,68.0,0.0,1.0,711.46,5.0,383.0,282.84,135.0,0.0
1.0,1.0,1.0,0.0,5.0,10.0,68.0,1.0,1.0,711.46,5.0,384.0,283.84,136.0,0.0
1.0,1.0,1.0,0.0,6.0,6.0,1122.0,0.0,9.0,80.55,63.0,385.0,284.83,137.0,0.0
2.0,2.0,2.0,0.721928,10.0,0.0,1727.5,0.0,27.0,6.14,492.5,3323.0,1143.49,370.0,0.0
1.0,4.0,5.0,2.25,8.0,8.0,64.6,0.0,1.0,8.99,0.4,3324.0,1144.49,2064.0,0.0
1.0,1.0,4.0,1.60389,36.0,13.0,194.25,0.0,7.0,162.19,3.75,6768.0,2666.62,3484.0,0.0
1.0,1.0,4.0,1.60389,36.0,13.0,197.25,0.0,6.0,193.92,3.5,6769.0,2667.61,3485.0,0.0
1.0,2.0,4.0,1.2349,123.0,9.0,110.75,0.0,6.0,129.96,7.5,6770.0,2668.2,3486.0,0.0
1.0,1.0,2.0,0.998052,154.0,0.0,0.0,0.0,0.0,0.0,0.0,6771.0,2666.36,3487.0,0.0
1.0,1.0,3.0,1.3093,5.0,6.0,75.33,0.0,3.0,324.2,4.67,6772.0,2667.33,357.0,0.0
1.0,1.0,3.0,1.3093,5.0,6.0,75.33,0.0,3.0,324.2,4.67,6773.0,2668.33,358.0,0.0
1.0,2.0,4.0,1.2349,123.0,9.0,110.75,0.0,6.0,130.55,7.5,6774.0,2669.22,3488.0,0.0
1.0,2.0,2.0,0.427659,102.0,1.0,393.5,1.0,7.0,83.98,26.5,3327.0,1145.67,2067.0,0.0
2.0,2.0,2.0,0.954434,11.0,5.0,890.5,0.0,11.0,36.91,60.0,6775.0,2669.47,6815.0,0.0
2.0,2.0,2.0,0.954434,11.0,5.0,844.0,0.0,10.0,159.93,55.0,6776.0,2670.46,6817.0,0.0
1.0,2.0,2.0,0.427659,102.0,1.0,393.5,1.0,7.0,83.99,26.5,3328.0,1146.64,2068.0,0.0
1.0,2.0,2.0,0.427659,102.0,1.0,379.0,1.0,7.0,152.85,23.0,3329.0,1147.62,2069.0,0.0
1.0,1.0,1.0,0.0,3.0,3.0,794.0,1.0,7.0,0.05,54.0,3330.0,1148.6,2070.0,0.0
1.0,1.0,1.0,0.0,3.0,3.0,794.0,1.0,7.0,0.04,54.0,3331.0,1149.59,2071.0,0.0
1.0,1.0,1.0,0.0,3.0,3.0,765.0,1.0,7.0,0.04,47.0,3332.0,1150.57,2072.0,0.0
2.0,8.0,8.0,3.0,8.0,8.0,99.63,0.0,9.0,292.95,5.88,387.0,285.67,265.0,0.0
1.0,3.0,3.0,0.767962,347.0,1.0,76.33,0.0,9.0,84.42,20.33,608.0,375.85,109.0,0.0
1.0,3.0,3.0,0.767962,347.0,1.0,76.33,0.0,9.0,84.42,20.33,609.0,376.85,110.0,0.0
1.0,3.0,3.0,0.767962,347.0,1.0,77.0,0.0,9.0,103.24,19.67,610.0,377.85,111.0,0.0
1.0,1.0,1.0,0.0,16.0,6.0,99.0,0.0,1.0,1.95,2.0,3333.0,1150.71,2073.0,0.0
1.0,3.0,5.0,2.2006,358.0,10.0,16.0,0.0,4.0,128.68,1.8,3335.0,1152.68,2075.0,0.0
1.0,1.0,1.0,0.0,1.0,1.0,52.0,0.0,3.0,76.1,5.0,6781.0,2672.24,3329.0,0.0
1.0,1.0,2.0,1.0,4.0,0.0,191.5,0.0,6.0,0.0,15.0,6784.0,2675.21,3493.0,0.0
1.0,1.0,2.0,1.0,4.0,0.0,191.5,0.0,6.0,0.0,15.0,6785.0,2676.21,3494.0,0.0
1.0,3.0,6.0,2.43081,58.0,17.0,105.67,0.0,6.0,234.03,5.67,6786.0,2676.99,3495.0,0.0
1.0,3.0,6.0,2.43081,58.0,17.0,105.67,0.0,6.0,233.9,5.67,6787.0,2677.98,3496.0,0.0
1.0,2.0,6.0,1.44528,23.0,7.0,209.5,0.0,4.0,13.11,4.83,611.0,378.24,388.0,0.0
1.0,2.0,6.0,1.44528,23.0,7.0,209.67,0.0,3.0,13.1,4.67,612.0,379.24,389.0,0.0
1.0,1.0,1.0,0.0,5.0,2.0,104.0,0.0,4.0,7.52,12.0,388.0,286.05,31.0,0.0
1.0,1.0,1.0,0.0,1.0,1.0,909.0,0.0,19.0,2.66,294.0,614.0,381.14,64.0,0.0
1.0,1.0,1.0,0.0,3.0,2.0,214.0,1.0,5.0,150.7,23.0,6788.0,2675.84,3497.0,0.0
1.0,1.0,1.0,0.0,3.0,2.0,214.0,1.0,5.0,150.7,23.0,6789.0,2676.84,3498.0,0.0
1.0,1.0,1.0,0.0,3.0,2.0,212.0,1.0,4.0,43.46,22.0,6790.0,2677.84,3499.0,0.0
2.0,5.0,5.0,2.28104,9.0,9.0,704.2,0.0,12.0,85.72,40.6,391.0,288.09,377.0,0.0
1.0,2.0,2.0,1.0,8.0,0.0,279.0,0.0,10.0,1.52,33.0,615.0,380.88,112.0,0.0
1.0,1.0,1.0,0.0,8.0,0.0,513.0,0.0,10.0,0.0,66.0,616.0,381.88,113.0,0.0
1.0,2.0,2.0,0.94566,11.0,0.0,196.5,0.0,7.0,439.05,20.5,6791.0,2673.63,3330.0,0.0
2.0,6.0,6.0,2.1016,155.0,1.0,501.67,0.0,15.0,12.47,64.67,6792.0,2674.55,6831.0,0.0
2.0,8.0,8.0,2.63566,172.0,5.0,266.75,0.0,12.0,92.97,33.5,6793.0,2675.53,6833.0,0.0
1.0,2.0,2.0,0.94566,0.0,11.0,202.0,0.0,7.0,0.61,21.0,6794.0,2674.37,3333.0,0.0
1.0,1.0,1.0,0.0,69.0,0.0,0.0,1.0,0.0,0.0,0.0,6797.0,2677.16,3336.0,0.0
1.0,1.0,1.0,0.0,69.0,0.0,0.0,0.0,0.0,0.0,0.0,6798.0,2678.07,3337.0,0.0
1.0,4.0,8.0,2.28277,220.0,21.0,100.88,0.0,11.0,314.02,11.63,6800.0,2679.05,3339.0,0.0
1.0,6.0,7.0,2.29237,263.0,9.0,81.14,0.0,9.0,163.59,5.0,6801.0,2679.85,3340.0,0.0
1.0,1.0,15.0,3.89443,163.0,386.0,52.13,0.0,2.0,130.31,0.13,3336.0,1147.99,2076.0,0.0
1.0,3.0,5.0,2.2006,358.0,10.0,16.0,0.0,4.0,129.51,1.8,6802.0,2678.45,3502.0,0.0
1.0,1.0,1.0,0.0,1.0,1.0,274.0,0.0,3.0,93.69,5.0,3337.0,1147.72,2077.0,0.0
3.0,3.0,3.0,0.7641140000000001,45.0,5.0,1189.67,0.0,27.0,22.1,330.0,6803.0,2676.01,4050.0,0.0
1.0,1.0,1.0,0.0,1.0,1.0,274.0,0.0,3.0,93.92,5.0,3338.0,1148.4,2078.0,0.0
1.0,3.0,3.0,0.975069,179.0,0.0,255.0,0.0,7.0,1.92,16.0,3341.0,1151.31,2081.0,0.0
1.0,2.0,2.0,0.8112779999999999,1.0,3.0,344.5,0.0,6.0,580.72,7.0,561.0,307.81,14.0,0.0
0.0,0.0,0.0,0.0,0.0,0.0,0.0,0.0,0.0,0.0,0.0,563.0,309.81,0.0,0.0
1.0,2.0,2.0,0.8112779999999999,1.0,3.0,344.5,0.0,6.0,580.72,7.0,564.0,310.81,16.0,0.0
0.0,0.0,0.0,0.0,0.0,0.0,0.0,0.0,0.0,0.0,0.0,565.0,311.81,0.0,0.0
1.0,1.0,1.0,0.0,1.0,1.0,83.0,0.0,1.0,391.56,2.0,6804.0,2673.41,3341.0,0.0
1.0,1.0,1.0,0.0,1.0,1.0,83.0,0.0,1.0,391.56,2.0,6805.0,2674.41,3342.0,0.0
2.0,2.0,2.0,0.94566,9.0,2.0,348.5,0.0,12.0,52.63,107.0,6806.0,2675.28,6847.0,0.0
2.0,2.0,2.0,1.0,8.0,6.0,340.5,0.0,13.0,118.76,106.5,6807.0,2676.27,6849.0,0.0
1.0,1.0,1.0,0.0,14.0,9.0,2556.0,1.0,15.0,3.84,377.0,3342.0,1150.59,744.0,0.0
1.0,1.0,1.0,0.0,14.0,9.0,2511.0,1.0,15.0,61.33,366.0,6808.0,2675.94,3345.0,0.0
1.0,1.0,1.0,0.0,14.0,9.0,2461.0,1.0,15.0,61.33,348.0,6809.0,2676.93,3346.0,0.0
1.0,2.0,2.0,0.8739809999999999,110.0,9.0,97.0,1.0,2.0,106.59,2.0,6810.0,2677.86,3347.0,0.0
1.0,2.0,2.0,0.8739809999999999,110.0,9.0,97.0,1.0,2.0,106.59,2.0,6811.0,2678.86,3348.0,0.0
1.0,1.0,1.0,0.0,1.0,1.0,2516.0,1.0,15.0,0.06,367.0,6814.0,2681.7,3351.0,0.0
1.0,1.0,1.0,0.0,1.0,1.0,2466.0,1.0,15.0,0.06,349.0,6815.0,2682.7,3352.0,0.0
1.0,1.0,1.0,0.0,2.0,1.0,2554.0,0.0,26.0,1.5,800.0,6816.0,2683.45,385.0,0.0
1.0,2.0,2.0,0.650022,20.0,4.0,275.0,1.0,3.0,368.99,14.0,6817.0,2682.09,3353.0,0.0
2.0,3.0,3.0,1.37878,7.0,7.0,96.0,0.0,3.0,18.96,2.67,1114.0,428.32,1083.0,0.0
0.0,0.0,0.0,0.0,0.0,0.0,0.0,0.0,0.0,0.0,0.0,1116.0,430.3,0.0,0.0
2.0,4.0,4.0,1.75,8.0,8.0,218.5,0.0,8.0,25.43,9.75,1118.0,432.11,1089.0,0.0
1.0,1.0,1.0,0.0,2.0,2.0,2555.0,0.0,26.0,1.49,801.0,6820.0,2681.88,386.0,0.0
1.0,1.0,1.0,0.0,2.0,2.0,1825.0,0.0,25.0,16.92,710.0,6821.0,2682.87,387.0,0.0
1.0,1.0,1.0,0.0,8.0,0.0,1122.0,0.0,9.0,8.83,65.0,6822.0,2683.62,3356.0,0.0
1.0,1.0,1.0,0.0,8.0,0.0,1051.0,0.0,8.0,8.83,61.0,6823.0,2684.62,3357.0,0.0
1.0,1.0,1.0,0.0,8.0,0.0,1044.0,0.0,8.0,108.74,58.0,6824.0,2685.61,3358.0,0.0
1.0,1.0,2.0,0.976021,4.0,18.0,182.5,0.0,4.0,218.65,2.0,393.0,286.24,238.0,0.0
1.0,1.0,2.0,0.976021,4.0,18.0,182.5,0.0,4.0,218.66,2.0,394.0,287.24,239.0,0.0
3.0,23.0,47.0,4.52466,48.0,132.0,147.32,0.0,16.0,54.45,4.09,397.0,290.16,407.0,0.0
1.0,1.0,1.0,0.0,5.0,5.0,36.0,0.0,1.0,0.02,1.0,398.0,291.16,243.0,0.0
1.0,1.0,1.0,0.0,5.0,5.0,36.0,0.0,1.0,0.02,1.0,399.0,292.16,244.0,0.0
1.0,1.0,1.0,0.0,1.0,13.0,139.0,0.0,8.0,18.06,135.0,400.0,292.86,245.0,0.0
1.0,1.0,1.0,0.0,1.0,13.0,141.0,0.0,8.0,18.06,137.0,401.0,293.86,246.0,0.0
1.0,2.0,3.0,0.108215,250.0,140.0,434.0,0.0,9.0,435.64,22.67,6825.0,2682.12,3359.0,0.0
2.0,2.0,2.0,0.8112779999999999,4.0,4.0,1298.5,0.0,15.0,2.96,190.5,402.0,294.02,389.0,0.0
0.0,0.0,0.0,0.0,0.0,0.0,0.0,0.0,0.0,0.0,0.0,1120.0,432.48,0.0,0.0
1.0,2.0,2.0,0.222285,27.0,1.0,27.0,0.0,2.0,7.36,1.0,21.0,15.05,15.0,0.0
5.0,14.0,34.0,4.34302,3998.0,0.0,146.88,0.0,29.0,3.7,37.47,22.0,16.05,20.0,1.0
1.0,1.0,1.0,0.0,1.0,1.0,1620.0,0.0,2.0,47.82,26.0,23.0,17.05,3.0,0.0
1.0,2.0,2.0,1.0,17.0,1.0,247.0,0.0,12.0,185.98,38.5,617.0,375.74,391.0,0.0
1.0,2.0,2.0,1.0,17.0,1.0,246.0,0.0,11.0,290.12,37.0,618.0,376.74,392.0,0.0
1.0,1.0,1.0,0.0,5.0,1.0,127.0,0.0,2.0,0.02,3.0,3344.0,1143.0,2083.0,0.0
1.0,1.0,1.0,0.0,47.0,0.0,0.0,0.0,0.0,0.0,0.0,3345.0,1143.99,2084.0,0.0
1.0,2.0,2.0,0.94652,83.0,2.0,87.5,0.0,3.0,173.76,2.0,3346.0,1144.97,2085.0,0.0
1.0,1.0,1.0,0.0,65.0,0.0,0.0,0.0,0.0,0.0,0.0,3348.0,1145.74,2087.0,0.0
1.0,2.0,2.0,0.936667,17.0,17.0,147.0,0.0,9.0,42.37,31.5,3349.0,1146.74,2088.0,0.0
1.0,1.0,1.0,0.0,7.0,0.0,1007.0,0.0,4.0,367.56,26.0,404.0,293.23,144.0,0.0
1.0,1.0,1.0,0.0,7.0,0.0,1007.0,0.0,4.0,367.56,26.0,405.0,294.22,145.0,0.0
1.0,1.0,1.0,0.0,7.0,0.0,1007.0,0.0,4.0,367.56,26.0,406.0,295.22,146.0,0.0
2.0,2.0,2.0,0.918296,1.0,2.0,1737.0,0.0,27.0,0.96,496.0,498.0,138.65,54.0,0.0
1.0,1.0,1.0,0.0,1.0,1.0,1825.0,0.0,25.0,0.96,714.0,499.0,139.65,29.0,0.0
2.0,2.0,2.0,0.495969,90.0,2.0,440.0,1.0,14.0,140.28,48.0,3351.0,1146.16,1000.0,0.0
1.0,1.0,1.0,0.0,0.0,15.0,1095.0,0.0,12.0,0.0,129.0,3353.0,1148.15,2091.0,0.0
1.0,4.0,6.0,2.36323,59.0,56.0,144.17,0.0,9.0,321.34,27.5,408.0,296.66,35.0,0.0
1.0,4.0,6.0,2.41441,63.0,56.0,141.67,1.0,9.0,321.83,26.33,409.0,297.65,36.0,0.0
1.0,1.0,2.0,0.918296,2.0,1.0,149.0,0.0,3.0,0.37,2.5,412.0,300.42,39.0,0.0
1.0,1.0,2.0,0.933025,43.0,0.0,540.0,0.0,12.0,1.04,65.0,3354.0,1146.21,2092.0,0.0
1.0,1.0,1.0,0.0,33.0,0.0,82.0,0.0,7.0,327.14,12.0,3355.0,1147.21,2093.0,0.0
1.0,1.0,2.0,0.834648,56.0,42.0,92.5,0.0,2.0,381.37,2.5,3356.0,1148.04,2094.0,0.0
2.0,2.0,2.0,0.495969,90.0,2.0,440.0,1.0,14.0,141.38,48.0,3357.0,1149.03,1003.0,0.0
1.0,1.0,1.0,0.0,6.0,4.0,1235.0,0.0,9.0,8.8,67.0,6827.0,2651.85,3361.0,0.0
1.0,1.0,1.0,0.0,6.0,5.0,1168.0,0.0,8.0,8.76,63.0,6828.0,2652.82,3362.0,0.0
1.0,1.0,1.0,0.0,6.0,5.0,1052.0,0.0,8.0,10.01,59.0,6829.0,2653.8,3363.0,0.0
3.0,4.0,4.0,1.22663,123.0,1.0,580.75,0.0,26.0,6.34,215.5,6831.0,2655.28,4060.0,0.0
1.0,2.0,2.0,0.988699,8.0,8.0,170.0,0.0,7.0,60.23,13.0,6832.0,2655.57,3508.0,0.0
1.0,2.0,2.0,0.988699,8.0,8.0,170.0,0.0,7.0,59.78,13.0,6833.0,2656.57,3509.0,0.0
1.0,6.0,10.0,2.87969,35.0,27.0,143.4,0.0,6.0,383.62,1.6,413.0,300.14,249.0,0.0
1.0,6.0,10.0,2.87969,35.0,27.0,143.4,0.0,6.0,383.62,1.6,414.0,301.13,250.0,0.0
1.0,1.0,1.0,0.0,1.0,1.0,171.0,0.0,2.0,0.07,5.0,415.0,302.09,251.0,0.0
1.0,1.0,1.0,0.0,1.0,1.0,171.0,0.0,2.0,0.07,5.0,416.0,303.09,252.0,0.0
1.0,1.0,1.0,0.0,1.0,0.0,235.0,0.0,3.0,2.16,6.0,417.0,304.08,40.0,0.0
1.0,1.0,1.0,0.0,1.0,0.0,235.0,0.0,3.0,2.16,6.0,418.0,305.08,41.0,0.0
1.0,1.0,1.0,0.0,1.0,0.0,235.0,0.0,3.0,2.16,6.0,419.0,306.08,42.0,0.0
1.0,1.0,4.0,1.7195599999999998,72.0,0.0,29.75,0.0,1.0,331.27,0.5,3361.0,1151.63,749.0,0.0
1.0,1.0,1.0,0.0,8.0,4.0,171.0,0.0,2.0,0.52,6.0,420.0,306.76,253.0,0.0
1.0,1.0,1.0,0.0,8.0,4.0,171.0,0.0,2.0,0.52,6.0,421.0,307.75,254.0,0.0
1.0,1.0,2.0,0.380947,17.0,10.0,288.5,0.0,8.0,118.45,17.0,6834.0,2655.27,3510.0,0.0
1.0,1.0,2.0,0.380947,17.0,10.0,287.5,0.0,8.0,118.0,17.5,6835.0,2656.27,3511.0,0.0
1.0,1.0,2.0,0.996848,130.0,97.0,141.0,1.0,3.0,207.08,3.0,6836.0,2656.92,165.0,0.0
1.0,1.0,3.0,1.45915,7.0,5.0,148.67,1.0,7.0,64.26,3.67,6837.0,2657.91,166.0,0.0
1.0,1.0,3.0,1.46404,137.0,0.0,0.0,0.0,0.0,0.0,0.0,6838.0,2658.91,3364.0,0.0
1.0,1.0,3.0,1.45915,7.0,5.0,145.67,1.0,4.0,52.35,3.0,6839.0,2659.9,167.0,0.0
1.0,1.0,1.0,0.0,1.0,1.0,498.0,0.0,14.0,28.08,483.0,619.0,372.97,36.0,0.0
1.0,1.0,1.0,0.0,7.0,3.0,62.0,1.0,1.0,415.36,5.0,620.0,373.97,114.0,0.0
1.0,1.0,1.0,0.0,7.0,3.0,62.0,1.0,1.0,415.36,5.0,621.0,374.97,115.0,0.0
1.0,2.0,2.0,0.522559,10.0,7.0,311.5,1.0,9.0,318.76,23.5,3364.0,1153.33,752.0,1.0
1.0,2.0,2.0,0.650022,11.0,1.0,226.5,1.0,7.0,273.99,14.0,3365.0,1154.32,753.0,0.0
1.0,1.0,1.0,0.0,3.0,0.0,236.0,0.0,3.0,1.41,7.0,423.0,309.17,44.0,0.0
1.0,1.0,1.0,0.0,3.0,0.0,236.0,0.0,3.0,1.41,7.0,424.0,310.17,45.0,0.0
1.0,2.0,2.0,0.522559,10.0,7.0,311.5,1.0,9.0,318.88,23.5,3366.0,1155.16,754.0,1.0
1.0,1.0,2.0,0.977648,87.0,44.0,111.5,0.0,7.0,0.84,12.0,6841.0,2658.49,3513.0,0.0
1.0,2.0,2.0,0.650022,11.0,1.0,226.5,1.0,6.0,274.35,13.5,3367.0,1155.78,755.0,0.0
1.0,1.0,1.0,0.0,1.0,4.0,50.0,0.0,4.0,240.51,13.0,24.0,17.74,4.0,0.0
1.0,1.0,1.0,0.0,3.0,7.0,66.0,1.0,2.0,0.95,6.0,623.0,376.32,117.0,0.0
1.0,1.0,1.0,0.0,3.0,7.0,66.0,1.0,2.0,0.95,6.0,624.0,377.32,118.0,0.0
1.0,1.0,1.0,0.0,3.0,7.0,66.0,1.0,2.0,0.95,6.0,625.0,378.32,119.0,0.0
1.0,1.0,1.0,0.0,1.0,12.0,122.0,1.0,6.0,187.34,37.0,626.0,379.28,120.0,0.0
1.0,1.0,1.0,0.0,1.0,1.0,2559.0,0.0,26.0,2.99,806.0,3368.0,1155.42,183.0,0.0
1.0,1.0,1.0,0.0,1.0,1.0,1829.0,0.0,25.0,3.01,716.0,3370.0,1157.37,184.0,0.0
1.0,1.0,1.0,0.0,2.0,2.0,1749.0,0.0,22.0,13.87,589.0,3371.0,1158.35,185.0,0.0
1.0,1.0,1.0,0.0,1.0,1.0,128.0,0.0,5.0,56.02,14.0,3372.0,1159.35,44.0,0.0
1.0,1.0,1.0,0.0,1.0,1.0,128.0,0.0,4.0,55.99,14.0,3373.0,1160.33,45.0,0.0
1.0,1.0,1.0,0.0,1.0,1.0,105.0,0.0,2.0,307.59,3.0,3374.0,1161.32,46.0,0.0
1.0,1.0,1.0,0.0,2.0,1.0,1829.0,0.0,25.0,0.76,717.0,37.0,18.56,8.0,0.0
1.0,1.0,1.0,0.0,2.0,1.0,1749.0,0.0,22.0,0.75,590.0,38.0,19.56,9.0,0.0
1.0,1.0,1.0,0.0,1.0,1.0,2560.0,0.0,26.0,0.02,808.0,6842.0,2652.56,390.0,0.0
2.0,3.0,4.0,1.6645,7.0,7.0,498.25,0.0,25.0,1289.93,180.5,6843.0,2653.53,3905.0,0.0
2.0,3.0,4.0,1.6645,7.0,7.0,478.25,0.0,22.0,1289.93,148.75,6845.0,2655.52,3908.0,0.0
1.0,1.0,1.0,0.0,1.0,1.0,1750.0,0.0,22.0,0.0,592.0,6846.0,2656.52,394.0,0.0
2.0,2.0,2.0,0.238685,102.0,0.0,210.0,0.0,3.0,151.23,5.5,3375.0,1161.19,1014.0,0.0
2.0,2.0,2.0,0.238685,102.0,0.0,210.0,0.0,3.0,151.24,5.5,3376.0,1162.16,1016.0,0.0
2.0,2.0,2.0,0.238685,102.0,0.0,210.5,0.0,2.0,241.44,4.0,3377.0,1163.05,1018.0,0.0
1.0,2.0,2.0,0.721928,9.0,6.0,167.5,0.0,3.0,110.65,5.0,425.0,309.71,255.0,1.0
1.0,2.0,2.0,0.721928,9.0,6.0,167.5,0.0,3.0,110.66,5.0,426.0,310.71,256.0,1.0
1.0,1.0,1.0,0.0,3.0,3.0,177.0,0.0,2.0,0.04,8.0,427.0,311.68,257.0,0.0
1.0,1.0,1.0,0.0,3.0,3.0,177.0,0.0,2.0,0.04,8.0,428.0,312.68,258.0,0.0
1.0,1.0,1.0,0.0,7.0,3.0,62.0,1.0,2.0,1.87,7.0,628.0,380.03,122.0,0.0
1.0,1.0,1.0,0.0,3.0,7.0,66.0,1.0,2.0,0.15,8.0,629.0,380.92,123.0,0.0
1.0,1.0,1.0,0.0,3.0,7.0,66.0,1.0,2.0,0.16,8.0,630.0,381.92,124.0,0.0
1.0,1.0,1.0,0.0,1.0,12.0,120.0,1.0,6.0,296.23,36.0,632.0,383.91,126.0,0.0
1.0,1.0,3.0,1.5288,116.0,24.0,473.33,1.0,14.0,188.72,39.33,6848.0,2654.34,3517.0,0.0
1.0,1.0,3.0,1.5288,116.0,24.0,474.67,1.0,13.0,188.47,38.33,6849.0,2655.31,3518.0,0.0
1.0,1.0,2.0,0.925016,56.0,41.0,576.5,1.0,13.0,0.06,49.5,6851.0,2657.27,3519.0,0.0
1.0,1.0,2.0,0.999947,49.0,68.0,606.0,1.0,13.0,0.04,48.5,6852.0,2658.21,3520.0,0.0
1.0,1.0,2.0,0.999947,49.0,68.0,607.5,1.0,12.0,0.03,47.5,6853.0,2659.18,3521.0,0.0
1.0,1.0,1.0,0.0,2.0,1.0,177.0,1.0,2.0,1.93,9.0,430.0,313.42,260.0,0.0
1.0,7.0,10.0,2.06881,290.0,13.0,128.1,1.0,7.0,209.75,6.6,3378.0,1160.13,2098.0,0.0
1.0,1.0,1.0,0.0,1.0,1.0,2560.0,0.0,26.0,2.89,809.0,6854.0,2654.12,395.0,0.0
1.0,2.0,7.0,2.38511,34.0,34.0,157.0,0.0,8.0,168.42,15.0,6855.0,2655.02,3522.0,0.0
2.0,3.0,7.0,2.44725,116.0,38.0,304.29,1.0,12.0,109.56,38.0,6856.0,2655.72,6889.0,0.0
2.0,3.0,7.0,2.44506,115.0,37.0,299.71,1.0,12.0,191.55,37.71,6857.0,2656.7,6891.0,0.0
2.0,3.0,7.0,2.44506,115.0,37.0,298.29,1.0,11.0,271.53,36.29,6858.0,2657.7,6893.0,0.0
1.0,2.0,2.0,0.787127,16.0,1.0,110.5,1.0,4.0,115.94,10.5,6859.0,2658.62,3369.0,0.0
1.0,2.0,2.0,0.787127,16.0,1.0,110.5,1.0,4.0,115.94,10.5,6860.0,2659.62,3370.0,0.0
1.0,8.0,20.0,3.16037,635.0,72.0,125.55,0.0,8.0,701.57,3.4,6862.0,2661.45,3526.0,0.0
1.0,2.0,3.0,1.24017,69.0,0.0,270.0,0.0,8.0,39.36,13.0,6863.0,2661.76,3527.0,0.0
1.0,2.0,3.0,1.24017,69.0,0.0,270.0,0.0,9.0,29.87,13.0,6864.0,2662.75,3528.0,0.0
1.0,2.0,3.0,1.24017,69.0,0.0,251.67,0.0,8.0,103.25,10.33,6865.0,2663.74,3529.0,0.0
1.0,1.0,1.0,0.0,1.0,1.0,238.0,0.0,5.0,0.0,20.0,6867.0,2665.73,3531.0,0.0
1.0,1.0,1.0,0.0,1.0,1.0,236.0,0.0,5.0,0.0,17.0,6868.0,2666.73,3532.0,0.0
1.0,10.0,15.0,3.72346,25.0,24.0,459.53,1.0,15.0,271.36,33.33,20.0,17.03,7.0,0.0
1.0,10.0,15.0,3.72346,25.0,24.0,437.87,1.0,15.0,312.46,32.27,22.0,19.03,9.0,0.0
2.0,4.0,4.0,1.27071,105.0,2.0,94.0,1.0,9.0,121.59,11.5,3380.0,1160.54,2361.0,0.0
1.0,1.0,1.0,0.0,16.0,13.0,90.0,1.0,3.0,239.71,7.0,3381.0,1161.53,2101.0,0.0
1.0,1.0,1.0,0.0,16.0,0.0,50.0,0.0,1.0,0.02,1.0,3382.0,1162.5,262.0,0.0
1.0,1.0,2.0,0.834648,42.0,56.0,99.5,0.0,3.0,8.01,3.0,3383.0,1163.48,2102.0,0.0
2.0,4.0,4.0,1.23432,121.0,2.0,94.0,1.0,9.0,121.61,11.5,3384.0,1164.48,2366.0,0.0
1.0,1.0,1.0,0.0,16.0,13.0,90.0,1.0,3.0,239.76,7.0,3385.0,1165.45,2104.0,0.0
2.0,4.0,4.0,1.23432,121.0,2.0,94.0,1.0,9.0,120.71,11.5,3386.0,1166.43,2369.0,0.0
1.0,1.0,1.0,0.0,16.0,13.0,90.0,1.0,3.0,239.17,7.0,3387.0,1167.42,2106.0,0.0
1.0,2.0,2.0,1.0,6.0,12.0,30.0,0.0,3.0,599.08,3.0,566.0,302.55,17.0,0.0
1.0,1.0,1.0,0.0,0.0,1.0,115.0,0.0,7.0,8.68,13.0,567.0,303.54,279.0,0.0
1.0,1.0,1.0,0.0,0.0,2.0,125.0,0.0,4.0,876.55,10.0,568.0,304.54,280.0,0.0
1.0,1.0,1.0,0.0,0.0,1.0,869.0,0.0,6.0,1.52,81.0,569.0,305.54,130.0,0.0
1.0,1.0,1.0,0.0,2.0,1.0,232.0,1.0,5.0,117.25,16.0,570.0,306.54,281.0,0.0
1.0,3.0,3.0,0.801619,32.0,5.0,487.0,1.0,12.0,117.31,48.0,571.0,307.54,282.0,0.0
1.0,2.0,2.0,1.0,6.0,12.0,30.0,0.0,3.0,599.11,3.0,572.0,308.53,18.0,0.0
1.0,1.0,1.0,0.0,0.0,1.0,857.0,0.0,6.0,1.52,80.0,573.0,309.53,131.0,0.0
1.0,1.0,1.0,0.0,2.0,1.0,232.0,1.0,5.0,117.25,16.0,574.0,310.53,283.0,0.0
1.0,3.0,3.0,0.801619,32.0,5.0,474.0,1.0,12.0,156.16,46.67,575.0,311.53,284.0,0.0
0.0,0.0,0.0,0.0,0.0,0.0,0.0,0.0,0.0,0.0,0.0,576.0,312.53,0.0,0.0
0.0,0.0,0.0,0.0,0.0,0.0,0.0,0.0,0.0,0.0,0.0,577.0,313.53,0.0,0.0
1.0,3.0,3.0,0.801619,32.0,5.0,468.67,1.0,12.0,152.73,45.67,581.0,317.53,286.0,0.0
0.0,0.0,0.0,0.0,0.0,0.0,0.0,0.0,0.0,0.0,0.0,582.0,318.53,0.0,0.0
0.0,0.0,0.0,0.0,0.0,0.0,0.0,0.0,0.0,0.0,0.0,583.0,319.53,0.0,0.0
1.0,1.0,1.0,0.0,2.0,3.0,592.0,0.0,4.0,24.11,39.0,584.0,320.52,287.0,0.0
2.0,2.0,2.0,0.742488,18.0,1.0,175.5,0.0,8.0,0.82,21.0,3388.0,1167.32,2372.0,0.0
1.0,1.0,1.0,0.0,89.0,0.0,0.0,0.0,0.0,0.0,0.0,3389.0,1168.2,759.0,0.0
1.0,1.0,1.0,0.0,1.0,1.0,2560.0,0.0,26.0,2.12,810.0,6869.0,2661.41,396.0,0.0
1.0,1.0,1.0,0.0,1.0,1.0,1830.0,0.0,25.0,5.0,720.0,6870.0,2662.4,397.0,0.0
1.0,2.0,4.0,1.89565,105.0,7.0,324.5,0.0,9.0,2.9,13.0,6871.0,2663.26,3533.0,1.0
1.0,2.0,4.0,1.89565,105.0,7.0,324.0,0.0,9.0,2.9,13.0,6872.0,2664.25,3534.0,1.0
1.0,1.0,1.0,0.0,3.0,2.0,487.0,1.0,7.0,0.28,33.0,6873.0,2664.23,3535.0,0.0
1.0,1.0,1.0,0.0,3.0,2.0,485.0,1.0,7.0,0.28,34.0,6874.0,2665.23,3536.0,0.0
1.0,1.0,2.0,1.0,2.0,2.0,103.0,0.0,1.0,0.43,0.5,3391.0,1168.95,2109.0,0.0
2.0,4.0,4.0,1.57495,80.0,10.0,723.5,0.0,27.0,53.63,219.75,3394.0,1171.61,2297.0,0.0
1.0,2.0,2.0,0.30540100000000003,29.0,26.0,85.5,0.0,1.0,59.73,0.5,3395.0,1172.61,47.0,0.0
1.0,1.0,1.0,0.0,40.0,0.0,0.0,0.0,0.0,0.0,0.0,6876.0,2664.71,3538.0,0.0
1.0,2.0,2.0,0.907166,15.0,16.0,333.5,1.0,7.0,37.79,19.0,6877.0,2665.6,3539.0,0.0
1.0,2.0,2.0,0.907166,15.0,16.0,332.5,1.0,7.0,37.79,19.5,6878.0,2666.59,3540.0,0.0
1.0,2.0,4.0,1.7644799999999998,181.0,27.0,273.25,0.0,9.0,0.27,13.25,6879.0,2667.48,3541.0,0.0
1.0,2.0,4.0,1.7644799999999998,181.0,27.0,272.75,0.0,9.0,0.27,13.5,6880.0,2668.48,3542.0,0.0
1.0,1.0,1.0,0.0,3.0,2.0,848.0,0.0,7.0,103.93,76.0,431.0,311.82,261.0,1.0
1.0,1.0,1.0,0.0,3.0,2.0,848.0,0.0,7.0,103.93,76.0,432.0,312.81,262.0,1.0
1.0,1.0,6.0,2.14465,49.0,83.0,105.5,0.0,7.0,348.92,3.17,6881.0,2665.56,3543.0,0.0
1.0,1.0,2.0,1.0,14.0,34.0,90.5,0.0,7.0,360.0,5.5,6882.0,2666.54,3544.0,0.0
1.0,2.0,2.0,0.39302,15.0,140.0,408.0,1.0,5.0,0.44,20.5,3397.0,1172.77,762.0,1.0
1.0,2.0,2.0,0.970951,4.0,1.0,1359.5,1.0,15.0,179.93,190.0,6883.0,2667.39,3372.0,0.0
1.0,2.0,2.0,0.970951,4.0,1.0,1337.0,1.0,15.0,179.93,184.5,6884.0,2668.39,3373.0,0.0
2.0,2.0,2.0,0.325552,42.0,42.0,91.5,1.0,6.0,1148.97,8.0,433.0,312.99,410.0,0.0
2.0,2.0,2.0,0.325552,42.0,42.0,91.5,1.0,6.0,1148.97,8.0,434.0,313.99,412.0,0.0
2.0,3.0,4.0,1.7838599999999998,8.0,9.0,190.75,0.0,13.0,86.52,26.25,435.0,314.98,414.0,0.0
1.0,1.0,1.0,0.0,7.0,0.0,67.0,0.0,1.0,5.0,2.0,437.0,316.61,151.0,0.0
1.0,1.0,1.0,0.0,7.0,0.0,67.0,0.0,1.0,5.01,2.0,439.0,318.61,153.0,0.0
2.0,4.0,7.0,1.74583,300.0,1.0,686.86,1.0,18.0,77.74,58.57,6886.0,2666.49,6921.0,0.0
1.0,1.0,1.0,0.0,94.0,0.0,0.0,0.0,0.0,0.0,0.0,6887.0,2667.47,3547.0,0.0
1.0,1.0,1.0,0.0,1.0,42.0,216.0,0.0,11.0,18.26,111.0,6888.0,2668.16,95.0,0.0
1.0,1.0,1.0,0.0,1.0,1.0,2565.0,0.0,26.0,2.59,812.0,6889.0,2668.64,398.0,0.0
2.0,2.0,2.0,0.977418,5.0,12.0,1338.0,0.0,26.0,1.3,418.5,6890.0,2669.6,3947.0,0.0
1.0,2.0,2.0,0.764205,2.0,7.0,144.0,0.0,11.0,3.04,68.0,6891.0,2668.98,3549.0,0.0
1.0,1.0,1.0,0.0,1.0,1.0,152.0,1.0,7.0,1.55,17.0,440.0,318.96,154.0,0.0
1.0,1.0,1.0,0.0,1.0,1.0,152.0,1.0,7.0,1.55,17.0,441.0,319.96,155.0,0.0
1.0,2.0,3.0,0.423121,91.0,4.0,331.33,1.0,4.0,128.17,6.33,3400.0,1171.23,2113.0,0.0
1.0,1.0,1.0,0.0,6.0,0.0,131.0,0.0,2.0,0.01,2.0,6893.0,2659.95,3551.0,0.0
1.0,2.0,2.0,0.918296,2.0,1.0,53.5,0.0,3.0,362.5,10.5,6894.0,2660.92,3552.0,0.0
1.0,1.0,1.0,0.0,7.0,1.0,928.0,0.0,13.0,10.86,87.0,6895.0,2661.9,3553.0,0.0
2.0,15.0,34.0,4.46592,2334.0,84.0,164.44,0.0,28.0,43.15,31.91,6896.0,2658.75,3954.0,0.0
1.0,3.0,3.0,1.02344,88.0,2.0,55.33,0.0,1.0,0.0,0.33,6897.0,2659.72,3555.0,0.0
1.0,3.0,4.0,0.222126,8.0,346.0,276.75,0.0,7.0,0.01,15.5,6898.0,2660.7,3556.0,0.0
1.0,5.0,10.0,2.83365,167.0,58.0,66.2,0.0,1.0,0.02,0.2,6899.0,2661.66,3557.0,0.0
1.0,1.0,1.0,0.0,1.0,1.0,2566.0,0.0,26.0,0.05,817.0,633.0,376.13,99.0,0.0
1.0,1.0,1.0,0.0,1.0,1.0,61.0,0.0,4.0,42.37,16.0,3403.0,1169.06,2115.0,0.0
1.0,2.0,2.0,0.918296,6.0,0.0,61.0,0.0,1.0,0.82,1.0,6903.0,2662.71,3559.0,0.0
1.0,1.0,1.0,0.0,1.0,1.0,61.0,0.0,5.0,0.33,17.0,3405.0,1170.58,2117.0,0.0
1.0,17.0,37.0,3.93029,1019.0,90.0,98.73,0.0,16.0,54.84,6.24,6904.0,2663.41,3560.0,0.0
1.0,1.0,1.0,0.0,1.0,1.0,64.0,0.0,6.0,0.33,19.0,3406.0,1171.57,2118.0,0.0
1.0,2.0,2.0,0.672295,34.0,0.0,227.5,0.0,5.0,86.99,5.0,6905.0,2664.37,3561.0,0.0
1.0,1.0,1.0,0.0,7.0,1.0,130.0,0.0,5.0,137.11,20.0,6906.0,2665.36,3562.0,0.0
2.0,2.0,2.0,0.195909,10.0,23.0,1349.0,0.0,26.0,43.22,417.5,6907.0,2666.24,3966.0,0.0
1.0,1.0,1.0,0.0,0.0,2.0,222.0,0.0,1.0,0.06,4.0,6908.0,2667.2,3564.0,0.0
1.0,1.0,1.0,0.0,1.0,1.0,2564.0,0.0,26.0,0.02,820.0,6909.0,2668.18,404.0,0.0
1.0,2.0,2.0,1.0,4.0,0.0,128.0,0.0,1.0,0.51,2.5,6910.0,2669.14,3565.0,0.0
1.0,1.0,1.0,0.0,3.0,0.0,2.0,0.0,1.0,1.0,1.0,6911.0,2670.11,3566.0,0.0
1.0,1.0,1.0,0.0,31.0,0.0,210.0,0.0,4.0,100.66,20.0,6912.0,2667.81,3376.0,0.0
1.0,1.0,1.0,0.0,2.0,2.0,82.0,1.0,6.0,612.05,15.0,6914.0,2669.74,3568.0,0.0
1.0,1.0,1.0,0.0,2.0,2.0,82.0,1.0,6.0,612.06,15.0,6915.0,2670.74,3569.0,0.0
1.0,1.0,1.0,0.0,3.0,3.0,862.0,0.0,10.0,69.73,177.0,6916.0,2668.03,3570.0,0.0
1.0,5.0,10.0,2.84038,595.0,0.0,19.3,0.0,22.0,0.38,25.8,6917.0,2665.69,3571.0,0.0
1.0,2.0,3.0,0.622085,222.0,7.0,69.0,0.0,1.0,0.02,0.33,6919.0,2667.49,3572.0,0.0
2.0,3.0,3.0,1.36096,10.0,0.0,1160.0,0.0,27.0,2.57,318.67,6920.0,2668.45,503.0,0.0
1.0,2.0,8.0,2.82724,22.0,18.0,84.0,0.0,1.0,0.0,0.13,639.0,379.59,59.0,0.0
1.0,1.0,1.0,0.0,1.0,1.0,55.0,0.0,1.0,0.57,1.0,640.0,380.58,60.0,0.0
1.0,2.0,2.0,0.918296,2.0,4.0,60.5,0.0,1.0,0.56,0.5,641.0,381.58,61.0,0.0
1.0,3.0,3.0,0.107404,1.0,140.0,77.67,0.0,8.0,147.09,11.67,3407.0,1167.94,2119.0,0.0
1.0,1.0,1.0,0.0,7.0,0.0,84.0,0.0,5.0,86.73,68.0,6921.0,2663.1,3573.0,0.0
1.0,2.0,2.0,0.918296,53.0,7.0,259.0,1.0,6.0,73.74,31.5,6922.0,2664.02,3377.0,0.0
1.0,2.0,2.0,0.80147,49.0,33.0,274.5,1.0,6.0,175.82,30.5,6923.0,2665.0,3378.0,0.0
2.0,2.0,2.0,0.479832,15.0,14.0,1332.0,0.0,26.0,46.35,425.5,6924.0,2665.7,3981.0,0.0
2.0,5.0,11.0,2.65447,17.0,245.0,336.55,0.0,26.0,81.82,76.09,6925.0,2666.23,3983.0,0.0
1.0,1.0,2.0,0.918296,2.0,1.0,95.5,0.0,3.0,221.41,4.5,6926.0,2667.17,223.0,0.0
1.0,1.0,1.0,0.0,2.0,2.0,2569.0,0.0,26.0,0.02,826.0,6928.0,2669.05,410.0,0.0
2.0,4.0,6.0,2.4422200000000003,26.0,22.0,471.17,0.0,26.0,626.79,141.83,6929.0,2670.01,3988.0,0.0
1.0,1.0,1.0,0.0,1.0,1.0,2569.0,0.0,26.0,0.01,828.0,6930.0,2670.99,412.0,0.0
1.0,1.0,1.0,0.0,1.0,1.0,256.0,1.0,5.0,14.75,18.0,442.0,314.28,267.0,0.0
1.0,1.0,1.0,0.0,1.0,1.0,256.0,1.0,5.0,14.74,18.0,443.0,315.28,268.0,0.0
1.0,1.0,1.0,0.0,5.0,0.0,75.0,0.0,3.0,354.62,17.0,444.0,316.28,269.0,0.0
2.0,2.0,2.0,0.985228,5.0,2.0,1741.5,0.0,27.0,12.94,508.5,6931.0,2671.78,581.0,0.0
3.0,22.0,36.0,4.5743800000000014,82.0,151.0,185.42,0.0,15.0,90.66,8.17,446.0,318.26,473.0,1.0
3.0,5.0,5.0,2.09801,20.0,27.0,748.0,0.0,27.0,17.52,203.6,6932.0,2672.69,4161.0,0.0
1.0,3.0,3.0,1.52193,5.0,5.0,341.67,0.0,7.0,3.48,9.0,447.0,319.24,272.0,0.0
1.0,1.0,7.0,2.65479,40.0,51.0,88.14,0.0,1.0,2.73,0.14,448.0,320.24,47.0,0.0
1.0,1.0,7.0,2.65479,40.0,51.0,87.86,1.0,1.0,2.64,0.29,449.0,321.24,48.0,0.0
1.0,1.0,1.0,0.0,4.0,6.0,124.0,0.0,2.0,0.04,2.0,450.0,322.24,49.0,0.0
1.0,1.0,1.0,0.0,4.0,6.0,124.0,0.0,2.0,0.01,2.0,451.0,323.24,50.0,0.0
1.0,1.0,1.0,0.0,4.0,6.0,124.0,0.0,2.0,0.01,2.0,452.0,324.23,51.0,0.0
2.0,2.0,2.0,0.281194,37.0,4.0,1747.0,0.0,27.0,0.05,509.5,6933.0,2673.5,585.0,0.0
1.0,1.0,1.0,0.0,2.0,5.0,2573.0,0.0,26.0,0.15,832.0,455.0,327.12,28.0,0.0
1.0,1.0,1.0,0.0,3.0,1.0,2570.0,0.0,26.0,0.37,833.0,456.0,327.87,29.0,0.0
1.0,4.0,6.0,2.20721,199.0,23.0,54.83,0.0,1.0,1.0,0.5,6935.0,2672.93,3580.0,0.0
1.0,4.0,5.0,2.25018,202.0,0.0,50.8,0.0,1.0,0.0,0.8,6936.0,2673.88,3581.0,0.0
1.0,3.0,4.0,1.84046,239.0,67.0,70.5,0.0,1.0,0.0,1.25,6937.0,2674.81,3582.0,0.0
1.0,3.0,8.0,2.76804,288.0,45.0,45.13,0.0,1.0,0.39,0.75,6938.0,2675.78,3583.0,0.0
1.0,4.0,6.0,2.16797,210.0,12.0,63.33,0.0,1.0,0.05,1.17,6939.0,2676.44,3584.0,0.0
1.0,3.0,3.0,1.58075,167.0,4.0,124.67,0.0,1.0,0.01,2.67,6940.0,2677.38,3585.0,0.0
3.0,8.0,11.0,2.68228,500.0,0.0,288.73,0.0,26.0,10.77,82.09,6941.0,2678.02,4226.0,0.0
1.0,1.0,1.0,0.0,2.0,0.0,0.0,0.0,0.0,0.0,0.0,457.0,328.56,275.0,0.0
1.0,1.0,1.0,0.0,1.0,1.0,77.0,0.0,2.0,1154.55,6.0,6942.0,2678.94,3379.0,0.0
1.0,1.0,1.0,0.0,1.0,1.0,77.0,0.0,2.0,1154.56,6.0,6943.0,2679.89,3380.0,0.0
1.0,2.0,5.0,1.05616,2.0,709.0,172.6,0.0,9.0,274.23,9.6,3408.0,1163.71,2120.0,0.0
1.0,1.0,1.0,0.0,1.0,1.0,2577.0,0.0,26.0,0.68,835.0,6945.0,2679.53,417.0,0.0
2.0,13.0,11.0,2.01822,19.0,19.0,297.27,0.0,26.0,10.83,81.82,6946.0,2680.43,643.0,0.0
2.0,4.0,10.0,3.27761,11.0,11.0,94.8,0.0,1.0,1.12,1.2,6948.0,2682.37,3814.0,0.0
3.0,6.0,6.0,2.4404,26.0,8.0,651.17,0.0,27.0,56.51,181.83,6950.0,2684.07,4179.0,0.0
1.0,1.0,1.0,0.0,1.0,1.0,2577.0,0.0,26.0,0.01,838.0,6951.0,2685.02,420.0,0.0
1.0,1.0,1.0,0.0,2.0,3.0,435.0,0.0,1.0,0.15,11.0,6952.0,2685.82,3590.0,0.0
1.0,5.0,14.0,3.51839,104.0,82.0,57.64,0.0,6.0,585.96,2.5,642.0,379.83,393.0,0.0
1.0,5.0,14.0,3.51839,104.0,82.0,57.64,0.0,6.0,585.97,2.5,643.0,380.83,394.0,0.0
1.0,5.0,14.0,3.5803800000000003,110.0,90.0,57.79,0.0,6.0,614.42,2.36,644.0,381.82,395.0,0.0
1.0,1.0,1.0,0.0,1.0,1.0,2577.0,0.0,26.0,0.15,839.0,646.0,383.78,101.0,0.0
1.0,1.0,1.0,0.0,1.0,1.0,290.0,0.0,18.0,25.08,305.0,647.0,384.77,65.0,0.0
1.0,1.0,1.0,0.0,1.0,1.0,301.0,0.0,16.0,35.94,281.0,648.0,385.77,66.0,0.0
1.0,2.0,2.0,0.4971680000000001,104.0,6.0,34.5,1.0,1.0,196.4,0.5,6953.0,2684.03,3382.0,0.0
1.0,2.0,2.0,0.4971680000000001,104.0,6.0,34.5,1.0,1.0,196.4,0.5,6954.0,2685.02,3383.0,0.0
1.0,2.0,2.0,0.4971680000000001,104.0,6.0,34.5,1.0,1.0,196.4,0.5,6955.0,2686.02,3384.0,0.0
1.0,1.0,1.0,0.0,1.0,0.0,132.0,0.0,5.0,52.99,16.0,6956.0,2687.01,3591.0,0.0
1.0,2.0,4.0,1.77723,157.0,0.0,25.0,0.0,2.0,11.71,2.25,6957.0,2687.28,3592.0,0.0
1.0,2.0,4.0,1.77723,157.0,0.0,21.5,0.0,2.0,11.76,1.75,6958.0,2688.28,3593.0,0.0
1.0,3.0,5.0,1.21471,90.0,0.0,94.8,0.0,7.0,50.8,13.4,6959.0,2689.13,3594.0,0.0
1.0,3.0,5.0,1.21471,90.0,0.0,94.2,0.0,6.0,98.89,12.6,6960.0,2690.13,3595.0,0.0
1.0,2.0,3.0,1.5,8.0,8.0,159.0,0.0,7.0,0.01,22.67,6961.0,2691.11,3596.0,0.0
1.0,2.0,3.0,1.5,8.0,8.0,158.0,0.0,6.0,0.01,21.33,6962.0,2692.11,3597.0,0.0
2.0,3.0,3.0,1.28067,5.0,7.0,906.33,0.0,26.0,39.66,290.0,3410.0,1163.73,2310.0,0.0
3.0,4.0,4.0,1.88792,6.0,6.0,914.75,0.0,27.0,0.29,264.75,3411.0,1164.73,2501.0,0.0
1.0,2.0,9.0,2.6674,32.0,12.0,59.67,0.0,2.0,0.38,0.33,650.0,387.06,63.0,0.0
1.0,1.0,2.0,0.650022,21.0,3.0,84.0,0.0,2.0,337.94,2.5,3412.0,1164.8,2124.0,0.0
1.0,4.0,4.0,1.92193,25.0,0.0,55.75,0.0,10.0,128.76,11.25,3413.0,1165.69,2125.0,0.0
1.0,1.0,1.0,0.0,46.0,36.0,2583.0,0.0,26.0,0.75,844.0,6964.0,2691.13,422.0,0.0
1.0,1.0,1.0,0.0,11.0,12.0,2594.0,0.0,26.0,0.05,846.0,6966.0,2692.82,424.0,0.0
1.0,1.0,1.0,0.0,0.0,1.0,2593.0,0.0,26.0,0.03,847.0,651.0,387.5,102.0,0.0
1.0,1.0,1.0,0.0,13.0,13.0,129.0,0.0,1.0,0.84,2.0,652.0,388.5,64.0,0.0
1.0,1.0,1.0,0.0,1.0,1.0,2592.0,0.0,26.0,0.03,848.0,653.0,389.48,103.0,0.0
1.0,4.0,4.0,1.94946,42.0,2.0,52.0,0.0,9.0,216.94,11.0,3414.0,1166.4,2126.0,0.0
1.0,4.0,4.0,1.95915,22.0,2.0,51.5,0.0,9.0,216.94,11.0,3415.0,1167.39,2127.0,0.0
1.0,1.0,2.0,1.0,16.0,0.0,175.5,0.0,5.0,36.62,3.0,459.0,328.61,277.0,0.0
1.0,1.0,2.0,1.0,4.0,4.0,183.5,1.0,5.0,0.01,3.5,460.0,329.6,278.0,0.0
1.0,1.0,2.0,1.0,4.0,4.0,183.5,1.0,5.0,0.01,3.5,461.0,330.6,279.0,0.0
1.0,1.0,1.0,0.0,1.0,1.0,2592.0,0.0,26.0,0.1,849.0,462.0,331.59,30.0,0.0
1.0,8.0,55.0,5.33945,223.0,148.0,67.51,0.0,7.0,83.35,1.93,6967.0,2692.95,3598.0,0.0
1.0,1.0,1.0,0.0,1.0,1.0,201.0,0.0,4.0,53.95,14.0,3416.0,1167.23,2128.0,0.0
1.0,1.0,1.0,0.0,1.0,1.0,356.0,0.0,14.0,77.58,181.0,3418.0,1169.23,2130.0,0.0
1.0,1.0,1.0,0.0,1.0,1.0,100.0,0.0,4.0,689.5,11.0,3419.0,1170.22,2131.0,0.0
1.0,1.0,1.0,0.0,1.0,1.0,2592.0,0.0,26.0,0.85,850.0,6968.0,2691.12,425.0,0.0
1.0,1.0,1.0,0.0,1.0,1.0,64.0,0.0,7.0,7.61,99.0,6969.0,2691.85,362.0,0.0
1.0,1.0,1.0,0.0,0.0,1.0,290.0,0.0,18.0,3.65,306.0,654.0,389.24,67.0,0.0
1.0,1.0,1.0,0.0,0.0,1.0,301.0,0.0,16.0,3.65,282.0,655.0,390.24,68.0,0.0
1.0,4.0,22.0,3.99752,32.0,50.0,42.23,0.0,4.0,221.72,0.27,6972.0,2691.67,3600.0,0.0
1.0,5.0,9.0,1.944,318.0,268.0,81.56,0.0,7.0,79.0,4.0,6973.0,2692.64,3601.0,0.0
1.0,1.0,1.0,0.0,3.0,3.0,342.0,0.0,7.0,0.18,23.0,6974.0,2693.33,84.0,0.0
1.0,1.0,1.0,0.0,2.0,2.0,2592.0,0.0,26.0,1.31,851.0,585.0,310.99,79.0,0.0
1.0,1.0,1.0,0.0,2.0,2.0,1830.0,0.0,25.0,20.43,721.0,586.0,311.99,80.0,0.0
1.0,2.0,2.0,0.836641,13.0,2.0,249.5,0.0,9.0,168.25,29.5,6975.0,2691.23,3385.0,0.0
1.0,2.0,2.0,0.836641,13.0,2.0,249.5,0.0,9.0,168.25,29.5,6976.0,2692.23,3386.0,0.0
1.0,2.0,2.0,0.836641,13.0,2.0,248.5,0.0,8.0,168.25,28.5,6977.0,2693.22,3387.0,0.0
1.0,2.0,2.0,0.477071,35.0,4.0,112.0,1.0,3.0,910.14,7.0,3423.0,1170.98,2135.0,0.0
1.0,2.0,2.0,0.477071,35.0,4.0,112.0,1.0,3.0,910.16,7.0,3424.0,1171.94,2136.0,0.0
1.0,1.0,2.0,1.0,2.0,2.0,150.5,0.0,3.0,27.05,4.0,6979.0,2691.2,3603.0,0.0
1.0,1.0,1.0,0.0,0.0,21.0,251.0,0.0,3.0,54.1,5.0,6980.0,2692.19,3604.0,0.0
1.0,2.0,2.0,0.995727,26.0,0.0,1615.0,0.0,17.0,9.97,158.0,6981.0,2693.15,3388.0,0.0
1.0,2.0,2.0,0.995727,26.0,0.0,1644.5,0.0,17.0,9.97,157.0,6982.0,2694.15,3389.0,0.0
1.0,2.0,2.0,0.995727,26.0,0.0,1619.5,0.0,16.0,26.66,152.5,6983.0,2695.15,3390.0,0.0
1.0,1.0,1.0,0.0,1.0,1.0,2592.0,0.0,26.0,1.69,852.0,6984.0,2696.13,426.0,0.0
1.0,1.0,2.0,0.964957,23.0,18.0,61.5,0.0,2.0,894.83,5.5,6985.0,2697.1,3391.0,0.0
1.0,1.0,2.0,0.964957,23.0,18.0,61.5,0.0,2.0,894.83,5.5,6986.0,2698.1,3392.0,0.0
1.0,1.0,1.0,0.0,14.0,6.0,101.0,0.0,3.0,47.58,14.0,6987.0,2699.09,3605.0,0.0
1.0,1.0,1.0,0.0,14.0,6.0,101.0,0.0,2.0,1127.17,13.0,6988.0,2700.08,3606.0,0.0
1.0,2.0,2.0,0.764205,4.0,5.0,100.0,1.0,4.0,267.9,7.0,6989.0,2700.85,3607.0,0.0
1.0,2.0,2.0,0.764205,4.0,5.0,100.0,1.0,4.0,267.9,7.0,6990.0,2701.85,3608.0,0.0
1.0,2.0,2.0,0.8112779999999999,84.0,0.0,0.0,0.0,0.0,0.0,0.0,6992.0,2703.77,3610.0,0.0
1.0,1.0,1.0,0.0,10.0,1.0,65.0,0.0,1.0,52.24,1.0,3425.0,1171.5,266.0,0.0
1.0,2.0,2.0,0.966133,274.0,4.0,918.5,1.0,12.0,111.44,77.0,463.0,329.71,157.0,0.0
1.0,2.0,2.0,0.966133,274.0,4.0,918.5,1.0,11.0,186.09,76.5,464.0,330.71,158.0,0.0
1.0,2.0,2.0,0.966133,274.0,4.0,918.5,1.0,11.0,186.08,76.0,465.0,331.71,159.0,0.0
1.0,1.0,1.0,0.0,3.0,44.0,1574.0,1.0,12.0,0.02,154.0,466.0,332.7,160.0,0.0
1.0,1.0,1.0,0.0,3.0,44.0,1574.0,1.0,12.0,0.02,153.0,467.0,333.7,161.0,0.0
1.0,1.0,1.0,0.0,3.0,44.0,1574.0,1.0,12.0,0.02,152.0,468.0,334.7,162.0,0.0
1.0,1.0,1.0,0.0,2.0,10.0,1533.0,1.0,12.0,0.01,155.0,469.0,335.69,163.0,0.0
1.0,1.0,1.0,0.0,2.0,10.0,1533.0,1.0,12.0,0.01,154.0,470.0,336.69,164.0,0.0
1.0,1.0,1.0,0.0,2.0,10.0,1533.0,1.0,12.0,0.01,153.0,471.0,337.69,165.0,0.0
1.0,2.0,2.0,0.926819,0.0,38.0,1029.0,1.0,12.0,0.06,78.0,473.0,339.66,167.0,0.0
1.0,2.0,2.0,0.926819,0.0,38.0,1029.0,1.0,12.0,0.06,77.5,474.0,340.66,168.0,0.0
1.0,1.0,1.0,0.0,2.0,3.0,2592.0,0.0,26.0,0.59,853.0,39.0,19.7,10.0,0.0
1.0,1.0,1.0,0.0,9.0,2.0,430.0,0.0,8.0,414.37,34.0,3426.0,1171.83,2137.0,0.0
1.0,1.0,1.0,0.0,2.0,3.0,1830.0,0.0,25.0,2.27,722.0,40.0,20.7,11.0,0.0
1.0,1.0,1.0,0.0,2.0,3.0,1750.0,0.0,22.0,27.72,593.0,41.0,21.7,12.0,0.0
1.0,1.0,2.0,1.0,2.0,0.0,63.0,0.0,2.0,390.95,4.0,3427.0,1172.78,2138.0,0.0
1.0,1.0,1.0,0.0,6.0,1.0,63.0,1.0,1.0,794.17,1.0,3428.0,1173.78,2139.0,0.0
1.0,1.0,1.0,0.0,9.0,2.0,430.0,0.0,8.0,414.42,34.0,3431.0,1176.75,2142.0,0.0
1.0,1.0,2.0,1.0,2.0,0.0,60.5,0.0,2.0,703.33,3.5,3432.0,1177.75,2143.0,0.0
1.0,1.0,1.0,0.0,6.0,1.0,63.0,1.0,1.0,794.21,1.0,3434.0,1179.73,2145.0,0.0
1.0,2.0,3.0,1.09611,22.0,12.0,147.33,1.0,4.0,237.79,6.67,3435.0,1180.61,2146.0,0.0
1.0,2.0,3.0,1.09611,22.0,12.0,147.33,1.0,4.0,237.81,7.0,3436.0,1181.57,2147.0,0.0
1.0,1.0,1.0,0.0,0.0,1.0,241.0,0.0,3.0,0.0,5.0,3438.0,1183.57,2149.0,0.0
1.0,2.0,3.0,1.04147,21.0,12.0,139.33,1.0,4.0,565.18,5.0,3439.0,1184.56,2150.0,0.0
1.0,1.0,1.0,0.0,1.0,1.0,437.0,0.0,8.0,0.29,35.0,3440.0,1185.41,2151.0,0.0
1.0,2.0,2.0,0.840359,25.0,1.0,89.0,0.0,3.0,446.8,4.0,3441.0,1186.41,2152.0,0.0
1.0,1.0,1.0,0.0,1.0,1.0,437.0,0.0,8.0,0.25,35.0,3442.0,1187.38,2153.0,0.0
1.0,1.0,1.0,0.0,5.0,0.0,120.0,0.0,4.0,197.48,69.0,127.0,54.42,75.0,0.0
1.0,1.0,1.0,0.0,1.0,1.0,437.0,0.0,8.0,0.45,35.0,3443.0,1188.08,2154.0,0.0
1.0,1.0,1.0,0.0,12.0,0.0,70.0,0.0,4.0,233.5,7.0,3444.0,1188.1,2155.0,0.0
1.0,3.0,5.0,1.79831,187.0,0.0,319.8,0.0,13.0,38.64,44.2,6994.0,2698.64,3394.0,0.0
1.0,3.0,6.0,1.79653,97.0,15.0,187.5,0.0,8.0,340.74,11.5,656.0,388.29,397.0,0.0
1.0,3.0,6.0,1.79653,97.0,15.0,187.5,0.0,8.0,340.75,11.5,657.0,389.28,398.0,0.0
1.0,3.0,4.0,1.40835,58.0,22.0,81.75,1.0,6.0,295.27,4.5,6995.0,2699.3,3395.0,0.0
1.0,3.0,6.0,1.79653,97.0,15.0,187.0,0.0,7.0,376.94,11.33,658.0,390.17,399.0,0.0
1.0,1.0,1.0,0.0,1.0,1.0,2591.0,0.0,26.0,2.49,854.0,659.0,390.58,104.0,0.0
1.0,1.0,1.0,0.0,1.0,1.0,1829.0,0.0,25.0,2.49,723.0,660.0,391.58,105.0,0.0
1.0,6.0,7.0,2.4274400000000003,188.0,24.0,68.43,0.0,5.0,74.37,2.71,6998.0,2698.52,3398.0,0.0
1.0,1.0,1.0,0.0,4.0,5.0,110.0,0.0,2.0,0.0,8.0,7000.0,2700.51,3400.0,0.0
2.0,2.0,2.0,0.8112779999999999,3.0,1.0,1773.0,0.0,27.0,4.06,521.5,661.0,392.51,175.0,0.0
1.0,1.0,1.0,0.0,0.0,5.0,2592.0,0.0,26.0,0.0,856.0,662.0,393.51,107.0,0.0
1.0,1.0,1.0,0.0,1.0,1.0,2587.0,0.0,26.0,0.01,857.0,663.0,394.51,108.0,0.0
2.0,2.0,2.0,0.721928,3.0,2.0,1771.5,0.0,27.0,0.02,523.0,664.0,395.5,179.0,0.0
2.0,3.0,4.0,1.8496,8.0,8.0,775.5,0.0,26.0,83.27,217.75,665.0,396.48,510.0,0.0
1.0,1.0,1.0,0.0,1.0,1.0,2587.0,0.0,26.0,0.03,860.0,666.0,397.46,111.0,0.0
1.0,1.0,1.0,0.0,1.0,1.0,1829.0,0.0,25.0,0.18,724.0,667.0,398.45,112.0,0.0
1.0,1.0,1.0,0.0,1.0,1.0,1749.0,0.0,22.0,2.67,594.0,668.0,399.44,113.0,0.0
1.0,1.0,1.0,0.0,1.0,0.0,2587.0,0.0,26.0,0.19,861.0,669.0,400.32,114.0,0.0
1.0,1.0,1.0,0.0,7.0,0.0,2588.0,0.0,26.0,0.03,862.0,670.0,401.3,115.0,0.0
1.0,1.0,1.0,0.0,1.0,0.0,2595.0,0.0,26.0,0.01,863.0,671.0,402.29,116.0,0.0
1.0,1.0,1.0,0.0,4.0,3.0,350.0,0.0,5.0,124.2,10.0,672.0,403.28,65.0,0.0
1.0,1.0,1.0,0.0,1.0,1.0,2596.0,0.0,26.0,0.01,864.0,673.0,404.28,117.0,0.0
1.0,4.0,7.0,2.65588,320.0,0.0,25.29,0.0,7.0,14.68,7.0,3445.0,1186.0,2156.0,0.0
1.0,4.0,4.0,1.81985,29.0,0.0,81.75,0.0,6.0,592.5,5.75,3448.0,1188.93,2158.0,0.0
1.0,1.0,1.0,0.0,2.0,0.0,93.0,0.0,2.0,9.82,8.0,7001.0,2695.27,3611.0,0.0
1.0,1.0,1.0,0.0,7.0,3.0,140.0,1.0,3.0,220.17,4.0,7003.0,2695.93,3613.0,0.0
1.0,3.0,7.0,2.66824,259.0,0.0,15.14,0.0,4.0,14.88,9.43,7004.0,2696.93,3614.0,0.0
1.0,3.0,4.0,1.57079,164.0,0.0,40.0,0.0,5.0,16.07,11.75,7005.0,2697.92,364.0,0.0
1.0,1.0,1.0,0.0,7.0,3.0,140.0,1.0,3.0,220.17,4.0,7006.0,2698.92,3615.0,0.0
1.0,3.0,7.0,2.67937,259.0,1.0,15.71,0.0,4.0,6.24,10.14,7007.0,2699.91,3616.0,0.0
1.0,1.0,1.0,0.0,6.0,2.0,225.0,1.0,5.0,6.0,23.0,25.0,20.7,15.0,0.0
1.0,1.0,1.0,0.0,6.0,2.0,225.0,1.0,5.0,6.0,23.0,26.0,21.7,16.0,0.0
1.0,1.0,1.0,0.0,16.0,7.0,64.0,0.0,1.0,54.5,4.0,28.0,23.7,18.0,0.0
1.0,1.0,1.0,0.0,1.0,1.0,2596.0,0.0,26.0,2.39,865.0,7008.0,2698.54,427.0,0.0
1.0,1.0,1.0,0.0,1.0,1.0,1829.0,0.0,25.0,2.62,725.0,7009.0,2699.53,428.0,0.0
1.0,2.0,3.0,1.34596,73.0,26.0,157.33,1.0,3.0,143.17,1.67,7010.0,2700.21,3617.0,0.0
1.0,2.0,3.0,1.37168,75.0,26.0,107.67,1.0,3.0,304.38,1.33,7011.0,2701.2,3618.0,0.0
1.0,2.0,3.0,1.37168,75.0,26.0,108.33,1.0,2.0,405.08,1.0,7012.0,2702.19,3619.0,0.0
1.0,1.0,1.0,0.0,1.0,1.0,2596.0,0.0,26.0,0.29,866.0,7013.0,2702.46,429.0,0.0
1.0,2.0,3.0,1.57929,51.0,7.0,109.67,0.0,1.0,0.01,0.33,7016.0,2702.43,3622.0,0.0
1.0,3.0,6.0,1.82266,82.0,87.0,95.5,0.0,4.0,116.75,2.17,7017.0,2703.14,3623.0,0.0
1.0,2.0,8.0,2.30097,237.0,1.0,83.38,0.0,6.0,0.02,2.25,7018.0,2704.08,3624.0,0.0
1.0,1.0,1.0,0.0,0.0,2.0,148.0,0.0,6.0,0.02,14.0,7019.0,2705.03,3625.0,0.0
1.0,4.0,6.0,1.89499,434.0,49.0,85.5,0.0,2.0,243.68,2.17,7020.0,2705.92,3626.0,0.0
1.0,2.0,3.0,1.1707299999999998,72.0,9.0,63.0,0.0,5.0,614.81,5.0,3449.0,1184.33,2159.0,0.0
1.0,2.0,2.0,1.0,0.0,2.0,103.5,0.0,5.0,0.28,8.0,3450.0,1184.91,2160.0,0.0
1.0,6.0,10.0,2.75691,574.0,0.0,17.8,0.0,10.0,1.4,14.3,7021.0,2704.08,228.0,0.0
3.0,4.0,4.0,1.44016,41.0,4.0,857.0,0.0,27.0,4.91,246.5,7022.0,2705.05,757.0,0.0
1.0,3.0,3.0,1.23644,21.0,3.0,53.0,0.0,1.0,0.04,0.67,7023.0,2705.91,230.0,0.0
1.0,1.0,1.0,0.0,1.0,1.0,72.0,0.0,1.0,0.01,2.0,7024.0,2706.89,231.0,0.0
1.0,2.0,2.0,0.985228,7.0,0.0,48.5,0.0,1.0,0.04,1.5,7025.0,2707.85,232.0,0.0
1.0,2.0,2.0,1.0,1.0,1.0,57.0,0.0,1.0,0.07,1.5,7026.0,2708.68,233.0,0.0
1.0,2.0,3.0,1.23665,29.0,12.0,83.33,0.0,5.0,0.24,5.67,3451.0,1185.68,2161.0,0.0
1.0,2.0,7.0,1.7608099999999998,166.0,16.0,109.14,0.0,6.0,0.82,2.86,7027.0,2709.55,3627.0,0.0
1.0,2.0,3.0,0.681589,68.0,4.0,361.33,1.0,7.0,56.44,27.67,7028.0,2710.03,3401.0,0.0
1.0,2.0,3.0,0.681589,68.0,4.0,361.33,1.0,7.0,60.17,27.33,7029.0,2711.03,3402.0,0.0
1.0,2.0,3.0,0.681589,68.0,4.0,343.0,1.0,7.0,60.17,26.0,7030.0,2712.03,3403.0,0.0
1.0,1.0,1.0,0.0,1.0,1.0,2601.0,0.0,26.0,0.28,868.0,7031.0,2713.01,431.0,0.0
1.0,1.0,1.0,0.0,0.0,5.0,70.0,0.0,1.0,76.22,2.0,7032.0,2713.99,3404.0,0.0
2.0,2.0,2.0,0.640944,22.0,21.0,1779.0,0.0,27.0,2.52,528.5,7033.0,2714.96,604.0,0.0
1.0,3.0,4.0,1.16574,23.0,86.0,207.0,0.0,8.0,94.88,26.75,7034.0,2715.78,3405.0,0.0
1.0,1.0,1.0,0.0,2.0,2.0,68.0,1.0,2.0,8.17,2.0,3452.0,1185.55,2162.0,0.0
1.0,1.0,1.0,0.0,2.0,2.0,68.0,1.0,2.0,8.16,2.0,3453.0,1186.54,2163.0,0.0
1.0,1.0,1.0,0.0,5.0,6.0,263.0,0.0,2.0,130.3,3.0,7035.0,2714.42,3628.0,0.0
1.0,1.0,1.0,0.0,0.0,1.0,262.0,0.0,2.0,0.0,4.0,7036.0,2715.41,3629.0,0.0
1.0,2.0,2.0,0.928362,61.0,3.0,73.5,0.0,3.0,30.01,3.0,7037.0,2716.06,3630.0,0.0
1.0,1.0,2.0,0.986233,30.0,28.0,229.5,1.0,7.0,78.67,17.5,7039.0,2717.31,3407.0,0.0
1.0,1.0,1.0,0.0,18.0,15.0,238.0,1.0,6.0,77.26,25.0,7040.0,2718.3,3408.0,0.0
1.0,1.0,1.0,0.0,18.0,15.0,238.0,1.0,7.0,77.26,24.0,7041.0,2719.29,3409.0,0.0
1.0,2.0,2.0,0.991583,123.0,155.0,331.0,0.0,9.0,208.07,18.0,476.0,336.48,170.0,0.0
0.0,0.0,0.0,0.0,0.0,0.0,0.0,0.0,0.0,0.0,0.0,477.0,337.13,0.0,0.0
2.0,10.0,11.0,2.79596,26.0,6.0,207.73,0.0,12.0,426.75,8.27,478.0,338.11,451.0,0.0
2.0,10.0,11.0,2.79596,26.0,6.0,208.0,0.0,12.0,426.9,8.18,479.0,339.1,453.0,0.0
1.0,1.0,1.0,0.0,7.0,16.0,73.0,0.0,2.0,4.45,5.0,29.0,24.44,19.0,0.0
1.0,1.0,1.0,0.0,7.0,16.0,73.0,0.0,2.0,4.47,5.0,30.0,25.44,20.0,0.0
3.0,20.0,35.0,4.74812,53.0,14.0,128.66,0.0,16.0,510.33,6.23,480.0,339.97,507.0,0.0
1.0,1.0,1.0,0.0,14.0,7.0,70.0,0.0,1.0,18.77,5.0,3455.0,1185.51,2165.0,0.0
1.0,3.0,4.0,1.80164,34.0,2.0,111.5,0.0,2.0,57.1,3.5,3456.0,1186.51,2166.0,0.0
2.0,3.0,5.0,1.7423099999999998,56.0,70.0,224.4,1.0,12.0,487.25,25.8,7043.0,2714.89,7042.0,0.0
2.0,3.0,5.0,1.7423099999999998,56.0,70.0,218.6,1.0,12.0,487.26,25.2,7044.0,2715.88,7044.0,0.0
2.0,3.0,5.0,1.7423099999999998,56.0,70.0,218.4,1.0,11.0,487.25,24.8,7045.0,2716.88,7046.0,0.0
1.0,1.0,1.0,0.0,18.0,0.0,66.0,0.0,1.0,219.23,2.0,7046.0,2717.48,3414.0,0.0
1.0,1.0,1.0,0.0,18.0,0.0,66.0,0.0,1.0,219.24,2.0,7047.0,2718.46,3415.0,0.0
1.0,1.0,1.0,0.0,1.0,1.0,1829.0,0.0,25.0,5.22,726.0,7048.0,2719.26,433.0,0.0
1.0,3.0,3.0,1.26275,28.0,23.0,202.0,0.0,9.0,433.65,17.67,482.0,341.29,175.0,0.0
1.0,3.0,3.0,1.26275,28.0,23.0,202.0,0.0,9.0,433.65,17.67,483.0,342.29,176.0,0.0
1.0,1.0,1.0,0.0,1.0,1.0,133.0,0.0,6.0,0.01,14.0,484.0,343.28,177.0,0.0
1.0,1.0,1.0,0.0,1.0,1.0,133.0,0.0,6.0,0.01,14.0,485.0,344.28,178.0,0.0
1.0,2.0,2.0,0.8112779999999999,13.0,11.0,125.0,0.0,6.0,0.03,11.0,486.0,345.26,179.0,0.0
1.0,2.0,2.0,0.8112779999999999,13.0,11.0,125.0,0.0,6.0,0.03,11.0,487.0,346.26,180.0,0.0
1.0,1.0,5.0,2.2987,76.0,133.0,49.8,1.0,4.0,154.59,1.2,153.0,64.55,9.0,0.0
1.0,1.0,1.0,0.0,9.0,1.0,55.0,1.0,1.0,0.0,1.0,154.0,65.55,10.0,0.0
1.0,2.0,2.0,0.380947,15.0,12.0,116.5,0.0,5.0,351.97,9.5,488.0,347.25,181.0,0.0
1.0,2.0,2.0,0.380947,15.0,12.0,116.5,0.0,5.0,351.97,9.5,489.0,348.25,182.0,0.0
1.0,1.0,1.0,0.0,12.0,7.0,168.0,1.0,4.0,374.9,5.0,7049.0,2719.93,3634.0,0.0
1.0,1.0,1.0,0.0,12.0,7.0,168.0,1.0,4.0,374.91,5.0,7050.0,2720.93,3635.0,0.0
1.0,1.0,1.0,0.0,12.0,7.0,168.0,1.0,3.0,703.8,4.0,7051.0,2721.93,3636.0,0.0
1.0,1.0,5.0,2.26821,77.0,112.0,45.6,1.0,2.0,329.1,0.6,155.0,66.55,11.0,0.0
1.0,2.0,2.0,0.998636,11.0,12.0,99.0,0.0,6.0,868.16,11.5,490.0,349.22,183.0,0.0
1.0,2.0,2.0,0.998636,11.0,12.0,99.0,0.0,6.0,868.17,11.5,491.0,350.22,184.0,0.0
1.0,1.0,1.0,0.0,5.0,4.0,103.0,0.0,6.0,0.02,14.0,492.0,351.21,185.0,0.0
1.0,4.0,5.0,2.17247,51.0,68.0,127.4,0.0,12.0,455.24,7.4,494.0,353.11,284.0,0.0
1.0,3.0,4.0,1.93889,30.0,45.0,104.75,0.0,11.0,556.08,8.0,495.0,354.11,285.0,0.0
1.0,1.0,1.0,0.0,12.0,4.0,152.0,0.0,4.0,0.02,6.0,496.0,355.1,286.0,0.0
1.0,1.0,1.0,0.0,12.0,4.0,152.0,0.0,4.0,0.02,6.0,497.0,356.1,287.0,0.0
1.0,1.0,1.0,0.0,16.0,4.0,1512.0,0.0,12.0,10.96,157.0,498.0,357.09,187.0,0.0
1.0,1.0,1.0,0.0,10.0,8.0,69.0,0.0,2.0,0.41,12.0,499.0,357.81,288.0,0.0
1.0,1.0,1.0,0.0,10.0,8.0,69.0,0.0,2.0,0.41,12.0,500.0,358.81,289.0,0.0
1.0,1.0,1.0,0.0,1.0,1.0,2602.0,0.0,26.0,3.68,870.0,7052.0,2720.33,434.0,0.0
1.0,1.0,1.0,0.0,1.0,1.0,2602.0,0.0,26.0,0.12,871.0,7053.0,2720.87,435.0,0.0
1.0,1.0,1.0,0.0,3.0,0.0,142.0,0.0,3.0,577.65,4.0,7055.0,2722.63,3638.0,0.0
1.0,1.0,1.0,0.0,3.0,0.0,142.0,0.0,3.0,577.65,4.0,7056.0,2723.63,3639.0,0.0
1.0,1.0,2.0,1.0,8.0,0.0,196.0,0.0,7.0,35.1,32.5,7057.0,2724.5,3640.0,0.0
1.0,1.0,2.0,1.0,8.0,0.0,195.5,0.0,7.0,36.24,32.0,7058.0,2725.5,3641.0,0.0
1.0,1.0,2.0,1.0,8.0,0.0,194.5,0.0,7.0,36.24,31.5,7059.0,2726.49,3642.0,0.0
1.0,1.0,2.0,1.0,6.0,2.0,824.0,0.0,7.0,33.54,50.0,7060.0,2727.42,3643.0,0.0
1.0,1.0,2.0,1.0,6.0,2.0,820.5,0.0,7.0,92.99,49.0,7061.0,2728.42,3644.0,0.0
1.0,11.0,40.0,5.12366,211.0,118.0,50.77,0.0,9.0,609.67,2.58,501.0,359.39,290.0,0.0
1.0,11.0,40.0,5.12366,211.0,118.0,50.77,0.0,8.0,626.51,2.55,502.0,360.38,291.0,0.0
4.0,21.0,42.0,4.92545,106.0,151.0,109.69,0.0,13.0,458.03,3.33,503.0,361.37,559.0,0.0
1.0,1.0,2.0,0.33729000000000003,16.0,16.0,191.5,0.0,5.0,0.0,4.5,504.0,362.37,293.0,0.0
4.0,21.0,42.0,4.92545,106.0,151.0,109.76,0.0,12.0,534.72,3.24,505.0,363.36,564.0,0.0
1.0,1.0,1.0,0.0,3.0,3.0,173.0,0.0,4.0,1.24,6.0,674.0,398.82,401.0,0.0
1.0,1.0,1.0,0.0,3.0,3.0,173.0,0.0,4.0,1.24,6.0,675.0,399.82,402.0,0.0
1.0,1.0,1.0,0.0,1.0,1.0,1749.0,0.0,22.0,9.16,595.0,676.0,400.82,118.0,0.0
1.0,1.0,1.0,0.0,3.0,3.0,173.0,0.0,3.0,1.24,5.0,677.0,401.82,403.0,0.0
1.0,1.0,1.0,0.0,4.0,1.0,3245.0,0.0,17.0,12.86,313.0,7064.0,2728.76,3417.0,0.0
1.0,1.0,1.0,0.0,4.0,1.0,3195.0,0.0,16.0,12.86,304.0,7065.0,2729.76,3418.0,0.0
1.0,1.0,1.0,0.0,60.0,0.0,0.0,0.0,0.0,0.0,0.0,3457.0,1183.09,765.0,0.0
2.0,3.0,3.0,1.5512,29.0,3.0,424.0,1.0,10.0,425.09,42.33,3458.0,1183.62,2933.0,0.0
2.0,3.0,3.0,1.5512,29.0,3.0,424.0,1.0,10.0,430.11,42.0,3459.0,1184.6,2935.0,0.0
2.0,3.0,3.0,1.5512,29.0,3.0,420.0,1.0,10.0,430.11,40.0,3460.0,1185.59,2937.0,0.0
1.0,1.0,2.0,1.0,52.0,12.0,121.5,0.0,5.0,73.27,7.0,7067.0,2726.71,3647.0,0.0
1.0,1.0,2.0,1.0,52.0,12.0,121.5,0.0,6.0,73.27,7.0,7068.0,2727.69,3648.0,0.0
1.0,3.0,3.0,1.26718,37.0,31.0,96.33,0.0,7.0,417.3,6.67,7070.0,2729.51,3650.0,0.0
1.0,1.0,1.0,0.0,1.0,1.0,34.0,0.0,2.0,636.1,5.0,679.0,402.41,49.0,0.0
1.0,1.0,1.0,0.0,1.0,1.0,34.0,0.0,2.0,636.1,5.0,680.0,403.41,50.0,0.0
1.0,1.0,1.0,0.0,5.0,3.0,121.0,0.0,2.0,2.0,2.0,681.0,404.38,404.0,0.0
1.0,6.0,16.0,3.98645,15.0,16.0,118.31,0.0,11.0,328.71,5.94,3461.0,1185.61,2170.0,0.0
1.0,11.0,11.0,3.45943,11.0,11.0,77.55,0.0,8.0,315.91,4.82,3464.0,1188.59,256.0,0.0
1.0,13.0,27.0,4.7548900000000005,27.0,27.0,88.19,0.0,6.0,171.43,1.89,3465.0,1189.59,270.0,0.0
1.0,2.0,2.0,0.941595,83.0,9.0,42.5,0.0,4.0,239.21,4.0,7073.0,2730.4,3420.0,0.0
1.0,2.0,2.0,0.941595,83.0,9.0,42.5,0.0,4.0,239.21,4.0,7074.0,2731.4,3421.0,0.0
1.0,2.0,2.0,0.941595,83.0,9.0,42.5,0.0,4.0,239.21,4.0,7075.0,2732.39,3422.0,0.0
1.0,2.0,2.0,0.921468,103.0,1.0,28.5,1.0,5.0,353.74,5.5,7076.0,2733.26,3653.0,0.0
1.0,1.0,1.0,0.0,1.0,1.0,2600.0,0.0,26.0,0.51,874.0,7079.0,2736.2,438.0,0.0
1.0,1.0,1.0,0.0,3.0,2.0,779.0,0.0,6.0,2.75,72.0,7080.0,2737.17,3656.0,0.0
1.0,1.0,1.0,0.0,40.0,9.0,398.0,1.0,7.0,116.41,54.0,3467.0,1191.2,2173.0,0.0
1.0,3.0,3.0,1.56083,146.0,16.0,271.0,1.0,7.0,74.12,23.33,3468.0,1192.15,2174.0,0.0
2.0,2.0,2.0,0.235193,11.0,41.0,1352.5,0.0,26.0,57.3,450.5,509.0,365.14,329.0,0.0
1.0,1.0,1.0,0.0,12.0,40.0,107.0,0.0,8.0,57.11,101.0,511.0,367.13,300.0,0.0
1.0,1.0,1.0,0.0,1.0,1.0,498.0,0.0,14.0,45.44,484.0,512.0,367.73,3.0,0.0
1.0,8.0,12.0,3.55541,0.0,29.0,62.08,0.0,6.0,344.82,3.83,7081.0,2734.14,234.0,0.0
1.0,1.0,2.0,0.461216,33.0,8.0,242.5,1.0,8.0,156.09,16.5,7082.0,2734.97,3657.0,0.0
1.0,2.0,5.0,2.01537,129.0,4.0,319.8,0.0,9.0,17.33,29.2,7084.0,2736.76,3423.0,0.0
1.0,3.0,6.0,2.58246,461.0,0.0,0.0,0.0,0.0,0.0,0.0,7085.0,2737.19,3659.0,0.0
1.0,2.0,5.0,2.23892,9.0,19.0,188.4,0.0,7.0,242.08,5.4,682.0,403.18,405.0,0.0
1.0,2.0,5.0,2.23892,9.0,19.0,182.6,0.0,7.0,242.0,4.8,683.0,404.18,406.0,0.0
1.0,1.0,2.0,0.8904920000000001,13.0,0.0,101.0,0.0,7.0,174.93,11.5,7088.0,2732.99,3661.0,0.0
1.0,1.0,1.0,0.0,7.0,10.0,145.0,0.0,5.0,0.03,19.0,7089.0,2733.89,3662.0,0.0
1.0,1.0,1.0,0.0,7.0,10.0,145.0,0.0,5.0,0.03,19.0,7090.0,2734.89,3663.0,0.0
2.0,2.0,5.0,2.06346,9.0,6.0,78.0,0.0,2.0,647.08,2.2,513.0,366.98,357.0,0.0
1.0,1.0,1.0,0.0,7.0,4.0,70.0,0.0,5.0,0.06,10.0,7091.0,2735.79,3664.0,0.0
1.0,1.0,1.0,0.0,7.0,4.0,70.0,0.0,5.0,0.05,9.0,7092.0,2736.79,3665.0,0.0
1.0,1.0,1.0,0.0,1.0,1.0,2598.0,0.0,26.0,2.87,876.0,7093.0,2737.73,439.0,0.0
2.0,2.0,2.0,0.8631209999999999,6.0,1.0,1480.5,0.0,26.0,45.53,452.0,7094.0,2738.71,4106.0,0.0
1.0,2.0,8.0,2.51205,20.0,26.0,124.13,0.0,3.0,486.91,1.25,685.0,405.53,408.0,0.0
1.0,1.0,1.0,0.0,1.0,0.0,11.0,0.0,5.0,145.37,6.0,1122.0,405.3,189.0,0.0
1.0,2.0,8.0,2.56161,19.0,19.0,132.5,0.0,7.0,217.92,2.88,687.0,407.51,410.0,0.0
1.0,1.0,1.0,0.0,26.0,15.0,104.0,0.0,2.0,293.29,2.0,515.0,368.81,190.0,0.0
1.0,1.0,1.0,0.0,26.0,15.0,104.0,0.0,2.0,293.29,2.0,516.0,369.81,191.0,0.0
2.0,5.0,6.0,2.32696,25.0,45.0,92.67,0.0,7.0,339.27,3.67,688.0,408.5,462.0,0.0
1.0,1.0,1.0,0.0,26.0,15.0,104.0,1.0,2.0,293.25,2.0,517.0,370.8,192.0,0.0
1.0,2.0,5.0,2.27152,90.0,26.0,89.8,0.0,3.0,441.73,1.8,518.0,371.47,193.0,0.0
1.0,2.0,5.0,2.27152,90.0,26.0,89.8,1.0,3.0,441.74,1.8,520.0,373.47,195.0,0.0
1.0,1.0,1.0,0.0,1.0,1.0,2604.0,0.0,26.0,0.71,879.0,7096.0,2738.03,442.0,0.0
1.0,2.0,3.0,1.19042,49.0,9.0,411.33,0.0,13.0,301.39,36.33,3470.0,1188.28,2176.0,0.0
1.0,1.0,1.0,0.0,0.0,1.0,62.0,0.0,3.0,3.19,7.0,521.0,374.24,28.0,0.0
4.0,11.0,12.0,1.60056,439.0,3.0,440.33,0.0,29.0,19.37,115.08,7097.0,2737.98,4384.0,0.0
1.0,1.0,1.0,0.0,1.0,1.0,2611.0,0.0,26.0,0.0,881.0,7098.0,2738.96,444.0,0.0
1.0,2.0,7.0,1.79555,269.0,87.0,92.86,0.0,4.0,170.27,2.0,7100.0,2740.56,3669.0,0.0
2.0,5.0,5.0,2.24042,129.0,7.0,58.4,1.0,3.0,112.28,0.8,3471.0,1188.39,1041.0,0.0
1.0,1.0,1.0,0.0,1.0,9.0,205.0,1.0,3.0,4.94,7.0,3472.0,1189.21,771.0,0.0
1.0,1.0,1.0,0.0,22.0,19.0,545.0,1.0,9.0,49.03,40.0,3473.0,1190.21,772.0,0.0
1.0,1.0,1.0,0.0,22.0,19.0,545.0,1.0,9.0,49.02,40.0,3474.0,1191.2,773.0,0.0
1.0,5.0,6.0,1.94024,114.0,8.0,18.0,1.0,2.0,76.18,1.33,7101.0,2739.25,3670.0,0.0
1.0,2.0,2.0,0.925225,42.0,5.0,118.5,1.0,8.0,192.17,13.0,7104.0,2741.96,3673.0,0.0
1.0,1.0,1.0,0.0,2.0,0.0,126.0,0.0,2.0,1.02,6.0,522.0,374.31,303.0,0.0
2.0,29.0,32.0,4.16342,613.0,59.0,28.44,0.0,9.0,255.39,2.97,7106.0,2740.47,7099.0,0.0
2.0,7.0,7.0,1.88889,112.0,7.0,30.71,0.0,5.0,158.1,2.86,7107.0,2741.39,7101.0,0.0
1.0,2.0,2.0,0.77935,49.0,3.0,32.0,0.0,2.0,225.94,2.0,7108.0,2742.16,3427.0,0.0
3.0,4.0,5.0,2.2724900000000003,12.0,13.0,761.4,0.0,27.0,565.78,214.4,7109.0,2743.06,4297.0,0.0
1.0,1.0,1.0,0.0,1.0,1.0,2611.0,0.0,26.0,0.0,884.0,7110.0,2744.05,447.0,0.0
1.0,1.0,1.0,0.0,2.0,2.0,2611.0,0.0,26.0,0.0,886.0,7112.0,2745.95,449.0,0.0
1.0,1.0,1.0,0.0,1.0,1.0,2611.0,0.0,26.0,0.0,888.0,7114.0,2747.92,451.0,0.0
2.0,2.0,2.0,0.684038,6.0,5.0,1363.0,0.0,26.0,77.53,445.5,7116.0,2749.84,4130.0,0.0
1.0,1.0,1.0,0.0,3.0,2.0,2612.0,0.0,26.0,0.01,891.0,7117.0,2750.79,454.0,0.0
3.0,3.0,3.0,0.8470059999999999,51.0,0.0,1192.33,0.0,27.0,0.02,360.0,7118.0,2751.74,1000.0,0.0
1.0,1.0,1.0,0.0,2.0,1.0,2614.0,0.0,26.0,0.01,895.0,7121.0,2754.67,458.0,0.0
3.0,3.0,3.0,1.58496,2.0,4.0,1250.33,0.0,27.0,40.07,361.67,7122.0,2755.62,4317.0,0.0
1.0,1.0,1.0,0.0,36.0,30.0,971.0,0.0,19.0,0.02,315.0,7123.0,2756.56,181.0,0.0
1.0,1.0,1.0,0.0,127.0,127.0,977.0,0.0,19.0,0.02,316.0,7124.0,2757.48,182.0,0.0
1.0,1.0,1.0,0.0,51.0,30.0,977.0,0.0,19.0,0.01,317.0,7125.0,2758.45,183.0,0.0
0.0,0.0,0.0,0.0,0.0,0.0,0.0,0.0,0.0,0.0,0.0,523.0,374.5,0.0,0.0
1.0,1.0,1.0,0.0,4.0,4.0,117.0,0.0,3.0,2.99,4.0,3475.0,1189.09,774.0,0.0
1.0,4.0,5.0,1.95577,102.0,11.0,103.8,0.0,2.0,50.14,3.0,3476.0,1190.09,2177.0,0.0
2.0,2.0,2.0,1.0,2.0,2.0,1806.5,0.0,27.0,0.55,544.5,7126.0,2757.04,644.0,0.0
2.0,3.0,4.0,1.75272,9.0,9.0,117.5,0.0,4.0,3.53,3.75,525.0,376.14,501.0,0.0
1.0,1.0,1.0,0.0,4.0,4.0,117.0,0.0,3.0,3.02,4.0,526.0,377.14,197.0,0.0
1.0,1.0,1.0,0.0,4.0,4.0,2615.0,0.0,26.0,0.01,899.0,7127.0,2758.0,461.0,0.0
2.0,2.0,2.0,0.836641,11.0,4.0,1806.5,0.0,27.0,0.02,545.5,7128.0,2758.93,647.0,0.0
1.0,1.0,1.0,0.0,2.0,2.0,169.0,1.0,5.0,1.89,21.0,7129.0,2759.84,3679.0,0.0
1.0,2.0,2.0,0.77935,7.0,6.0,135.5,0.0,5.0,24.18,3.5,529.0,380.07,307.0,0.0
1.0,3.0,8.0,1.63393,160.0,316.0,193.63,1.0,6.0,75.2,2.38,7130.0,2760.57,3680.0,0.0
1.0,3.0,8.0,1.63393,160.0,316.0,193.63,1.0,6.0,74.95,2.5,7131.0,2761.56,3681.0,0.0
1.0,2.0,3.0,1.09756,39.0,2.0,209.67,1.0,5.0,205.02,4.0,7132.0,2762.53,3682.0,0.0
1.0,2.0,3.0,1.09756,39.0,2.0,209.67,1.0,5.0,205.02,4.33,7133.0,2763.53,3683.0,0.0
1.0,1.0,1.0,0.0,22.0,19.0,545.0,1.0,9.0,51.3,40.0,3477.0,1190.62,775.0,0.0
1.0,1.0,1.0,0.0,2.0,1.0,94.0,0.0,4.0,123.1,11.0,7134.0,2763.75,3684.0,0.0
1.0,1.0,1.0,0.0,2.0,1.0,96.0,0.0,4.0,164.3,10.0,7135.0,2764.74,3685.0,0.0
2.0,7.0,7.0,1.80627,98.0,19.0,434.14,1.0,17.0,98.32,48.0,7136.0,2765.71,7114.0,0.0
2.0,7.0,7.0,1.80627,98.0,19.0,430.57,1.0,17.0,337.88,47.14,7137.0,2766.7,7116.0,0.0
1.0,5.0,6.0,2.17308,142.0,1.0,809.17,0.0,14.0,19.64,50.33,7138.0,2764.9,3430.0,0.0
1.0,2.0,2.0,0.543564,31.0,1.0,1050.5,0.0,12.0,0.02,62.0,7139.0,2765.81,3431.0,0.0
2.0,16.0,42.0,5.020969999999998,229.0,434.0,105.14,0.0,20.0,918.91,9.95,7140.0,2766.41,3874.0,0.0
1.0,1.0,1.0,0.0,62.0,0.0,0.0,0.0,0.0,0.0,0.0,689.0,405.98,127.0,0.0
1.0,1.0,1.0,0.0,17.0,2.0,2561.0,0.0,15.0,10.12,382.0,7141.0,2766.64,3432.0,0.0
2.0,4.0,5.0,1.57813,110.0,3.0,113.0,1.0,3.0,211.91,8.8,7142.0,2765.33,7122.0,0.0
1.0,1.0,2.0,0.887976,26.0,10.0,441.0,1.0,9.0,258.79,46.5,7145.0,2768.16,3692.0,0.0
2.0,2.0,2.0,0.4305520000000001,34.0,0.0,1361.0,0.0,27.0,35.74,454.5,7146.0,2768.96,650.0,0.0
1.0,1.0,1.0,0.0,7.0,0.0,112.0,0.0,5.0,147.83,65.0,530.0,379.47,29.0,0.0
1.0,1.0,1.0,0.0,1.0,1.0,119.0,0.0,6.0,0.02,66.0,531.0,380.46,30.0,0.0
2.0,2.0,2.0,1.0,2.0,0.0,1248.5,0.0,23.0,78.16,377.5,7147.0,2769.84,652.0,0.0
1.0,2.0,2.0,0.468996,40.0,0.0,129.0,0.0,2.0,241.38,5.5,7148.0,2770.81,3435.0,0.0
1.0,2.0,2.0,0.56919,66.0,1.0,1594.5,1.0,17.0,6.01,158.0,7149.0,2768.62,3436.0,0.0
1.0,2.0,2.0,0.56919,66.0,1.0,1624.0,1.0,17.0,6.01,157.0,7150.0,2769.62,3437.0,0.0
1.0,1.0,1.0,0.0,1.0,1.0,49.0,0.0,2.0,327.6,3.0,7151.0,2770.05,3693.0,0.0
1.0,1.0,1.0,0.0,1.0,1.0,49.0,0.0,2.0,327.6,3.0,7152.0,2771.04,3694.0,0.0
1.0,1.0,1.0,0.0,44.0,0.0,968.0,0.0,6.0,399.76,8.0,532.0,380.67,4.0,0.0
1.0,2.0,2.0,0.8997440000000001,5.0,14.0,189.5,0.0,9.0,196.49,18.5,7153.0,2771.86,3695.0,0.0
1.0,4.0,5.0,1.6509599999999998,74.0,12.0,328.2,0.0,12.0,150.51,39.4,7154.0,2772.62,3438.0,0.0
1.0,2.0,2.0,0.8997440000000001,5.0,14.0,189.5,0.0,9.0,196.55,18.5,7155.0,2773.61,3696.0,0.0
1.0,1.0,1.0,0.0,1.0,1.0,2617.0,0.0,26.0,3.4,901.0,587.0,300.3,81.0,0.0
1.0,1.0,1.0,0.0,1.0,1.0,1832.0,0.0,25.0,1.35,728.0,588.0,301.28,82.0,0.0
1.0,1.0,1.0,0.0,2.0,3.0,66.0,0.0,10.0,128.35,93.0,533.0,381.35,7.0,0.0
1.0,1.0,1.0,0.0,1.0,1.0,140.0,0.0,2.0,718.32,7.0,3478.0,1186.47,272.0,0.0
1.0,2.0,2.0,0.286397,100.0,0.0,169.5,0.0,4.0,6.35,22.0,7156.0,2771.81,3439.0,0.0
1.0,2.0,2.0,0.286397,100.0,0.0,169.5,0.0,4.0,185.99,21.5,7157.0,2772.81,3440.0,0.0
1.0,1.0,1.0,0.0,6.0,1.0,62.0,1.0,1.0,282.9,2.0,7159.0,2774.12,3697.0,0.0
1.0,1.0,1.0,0.0,6.0,1.0,62.0,1.0,1.0,282.9,2.0,7160.0,2775.12,3698.0,0.0
1.0,2.0,3.0,0.805858,28.0,0.0,607.67,0.0,13.0,1.92,57.67,33.0,27.44,23.0,0.0
1.0,2.0,3.0,1.56926,105.0,7.0,182.0,0.0,8.0,114.58,11.33,3479.0,1185.21,776.0,0.0
1.0,1.0,1.0,0.0,73.0,0.0,0.0,0.0,0.0,0.0,0.0,3480.0,1185.21,777.0,0.0
1.0,2.0,3.0,1.18208,258.0,0.0,89.0,0.0,6.0,17.39,12.33,3481.0,1186.12,2178.0,1.0
1.0,3.0,3.0,1.00427,156.0,0.0,118.67,0.0,14.0,10.34,60.67,3482.0,1187.11,2179.0,0.0
1.0,1.0,1.0,0.0,12.0,13.0,653.0,1.0,12.0,338.83,69.0,7162.0,2769.13,3700.0,0.0
1.0,1.0,1.0,0.0,12.0,13.0,652.0,1.0,11.0,344.03,66.0,7164.0,2771.12,3702.0,0.0
2.0,3.0,3.0,0.481497,82.0,3.0,363.67,1.0,9.0,32.77,39.33,7165.0,2772.06,7145.0,0.0
2.0,3.0,3.0,0.481497,82.0,3.0,352.67,1.0,9.0,73.22,38.33,7166.0,2773.06,7147.0,0.0
2.0,3.0,3.0,0.481497,82.0,3.0,329.0,1.0,9.0,114.01,36.67,7167.0,2774.06,7149.0,0.0
1.0,4.0,8.0,2.6745400000000004,82.0,82.0,476.13,0.0,11.0,230.42,11.38,536.0,382.16,9.0,0.0
1.0,3.0,3.0,1.15618,35.0,0.0,181.0,0.0,1.0,205.37,0.67,7169.0,2775.61,3707.0,0.0
1.0,3.0,3.0,1.15618,35.0,0.0,181.0,0.0,1.0,205.37,0.67,7170.0,2776.61,3708.0,0.0
1.0,2.0,2.0,0.702467,41.0,1.0,814.5,0.0,12.0,198.67,80.5,7171.0,2777.54,3445.0,0.0
1.0,2.0,2.0,0.702467,41.0,1.0,805.5,0.0,12.0,209.92,79.0,7172.0,2778.54,3446.0,0.0
1.0,3.0,13.0,2.84,120.0,72.0,79.38,0.0,1.0,32.0,1.0,7174.0,2780.47,3709.0,0.0
1.0,1.0,1.0,0.0,1.0,1.0,59.0,0.0,1.0,34.39,4.0,7175.0,2781.46,236.0,0.0
1.0,3.0,5.0,2.32193,5.0,5.0,472.2,0.0,10.0,0.22,11.2,538.0,383.98,10.0,0.0
1.0,1.0,1.0,0.0,2.0,2.0,98.0,0.0,2.0,0.01,4.0,539.0,384.98,11.0,0.0
1.0,1.0,1.0,0.0,1.0,1.0,98.0,0.0,2.0,0.0,5.0,540.0,385.98,12.0,0.0
1.0,1.0,2.0,1.0,4.0,4.0,124.5,1.0,1.0,0.77,0.5,3483.0,1186.98,2180.0,0.0
1.0,2.0,2.0,0.993357,144.0,2.0,505.5,0.0,9.0,7.83,53.5,3484.0,1187.72,778.0,0.0
1.0,1.0,1.0,0.0,1.0,1.0,2617.0,0.0,26.0,3.62,902.0,7176.0,2780.15,465.0,0.0
1.0,1.0,1.0,0.0,1.0,1.0,1832.0,0.0,25.0,3.57,729.0,7177.0,2781.15,466.0,0.0
1.0,3.0,4.0,1.95134,164.0,0.0,35.0,0.0,6.0,22.47,5.25,7178.0,2781.92,3710.0,0.0
1.0,3.0,4.0,1.95134,164.0,0.0,35.0,0.0,5.0,22.28,5.25,7179.0,2782.91,3711.0,0.0
2.0,6.0,6.0,2.25886,171.0,2.0,486.83,0.0,26.0,15.84,156.33,7180.0,2783.76,4179.0,0.0
2.0,6.0,6.0,2.25886,171.0,2.0,356.33,0.0,25.0,11.27,127.33,7181.0,2784.76,4181.0,0.0
1.0,1.0,1.0,0.0,4.0,0.0,203.0,0.0,5.0,0.05,23.0,7182.0,2785.57,3714.0,0.0
1.0,1.0,3.0,1.58496,3.0,3.0,174.67,0.0,2.0,0.65,4.67,541.0,386.47,309.0,0.0
1.0,1.0,2.0,1.0,4.0,0.0,45.5,0.0,1.0,0.12,1.0,7183.0,2786.38,3715.0,0.0
1.0,4.0,5.0,1.86515,137.0,6.0,51.6,0.0,6.0,0.08,4.6,7184.0,2787.28,3716.0,0.0
1.0,4.0,5.0,1.86515,137.0,6.0,52.4,0.0,5.0,0.07,4.8,7185.0,2788.27,3717.0,0.0
1.0,1.0,2.0,0.292322,214.0,0.0,0.0,0.0,0.0,0.0,0.0,7186.0,2789.17,3718.0,0.0
1.0,1.0,2.0,0.292322,214.0,0.0,0.0,0.0,0.0,0.0,0.0,7187.0,2790.11,368.0,0.0
1.0,1.0,1.0,0.0,1.0,1.0,79.0,0.0,8.0,14.04,102.0,1123.0,401.13,637.0,0.0
1.0,1.0,1.0,0.0,1.0,1.0,378.0,0.0,12.0,0.95,206.0,7188.0,2787.79,3448.0,0.0
2.0,2.0,2.0,0.918296,1.0,8.0,1379.0,0.0,27.0,24.57,481.0,7189.0,2788.78,4188.0,0.0
1.0,1.0,1.0,0.0,2.0,1.0,2620.0,0.0,26.0,0.07,906.0,7190.0,2789.5,470.0,0.0
1.0,1.0,1.0,0.0,2.0,1.0,1833.0,0.0,25.0,1.11,731.0,7191.0,2790.49,471.0,0.0
1.0,1.0,1.0,0.0,2.0,1.0,1750.0,0.0,22.0,4.78,598.0,7192.0,2791.49,472.0,0.0
1.0,2.0,3.0,1.33827,3.0,12.0,293.0,0.0,1.0,67.48,0.33,25.0,16.64,17.0,0.0
1.0,1.0,1.0,0.0,1.0,1.0,40.0,0.0,1.0,9.62,1.0,7193.0,2790.0,369.0,0.0
1.0,3.0,4.0,1.68901,112.0,2.0,25.5,0.0,4.0,4.52,3.0,7194.0,2789.26,3720.0,0.0
1.0,7.0,11.0,2.95148,729.0,0.0,17.73,0.0,22.0,1.15,23.64,7195.0,2787.86,3721.0,0.0
4.0,5.0,5.0,1.23992,62.0,0.0,910.4,0.0,28.0,7.15,246.4,7196.0,2788.84,1132.0,0.0
1.0,2.0,2.0,0.591673,6.0,1.0,105.5,0.0,5.0,425.92,16.5,7197.0,2789.48,371.0,0.0
1.0,4.0,4.0,1.72725,17.0,9.0,77.5,0.0,10.0,2.94,30.0,7198.0,2790.12,3722.0,0.0
1.0,1.0,1.0,0.0,1.0,1.0,2626.0,0.0,26.0,0.31,908.0,7199.0,2790.64,474.0,0.0
1.0,1.0,1.0,0.0,1.0,1.0,271.0,0.0,1.0,4.59,1.0,7200.0,2788.97,3723.0,0.0
1.0,1.0,1.0,0.0,5.0,1.0,1006.0,0.0,19.0,1.02,322.0,7201.0,2789.92,190.0,0.0
1.0,5.0,5.0,1.81919,33.0,4.0,306.0,1.0,6.0,156.43,22.2,7203.0,2791.87,3449.0,0.0
1.0,5.0,5.0,1.81919,33.0,4.0,302.2,1.0,6.0,180.16,21.0,7204.0,2792.87,3450.0,0.0
1.0,1.0,1.0,0.0,3.0,2.0,169.0,1.0,5.0,12.87,21.0,7205.0,2793.84,3724.0,0.0
1.0,1.0,1.0,0.0,3.0,2.0,169.0,1.0,5.0,10.98,22.0,7206.0,2794.84,3725.0,0.0
1.0,1.0,1.0,0.0,3.0,2.0,138.0,1.0,4.0,116.56,14.0,7207.0,2795.82,3726.0,0.0
1.0,2.0,2.0,0.684038,9.0,2.0,148.5,1.0,3.0,672.42,16.0,7210.0,2798.8,3453.0,0.0
1.0,2.0,2.0,0.918296,46.0,5.0,57.5,0.0,7.0,44.31,9.0,7211.0,2799.78,3727.0,0.0
1.0,3.0,5.0,1.76315,78.0,1.0,58.4,0.0,4.0,286.39,2.6,7212.0,2800.71,3728.0,0.0
1.0,1.0,1.0,0.0,84.0,0.0,0.0,0.0,0.0,0.0,0.0,7213.0,2801.58,3454.0,0.0
1.0,3.0,5.0,1.76315,78.0,1.0,58.4,0.0,4.0,286.1,2.8,7214.0,2802.2,3729.0,0.0
1.0,2.0,2.0,0.281194,82.0,0.0,153.5,0.0,2.0,4.05,3.5,35.0,28.98,10.0,0.0
1.0,2.0,2.0,0.281194,82.0,0.0,151.5,0.0,2.0,190.12,3.0,36.0,29.98,11.0,0.0
1.0,2.0,2.0,0.281194,82.0,0.0,151.5,0.0,3.0,184.32,3.0,37.0,30.98,12.0,0.0
1.0,1.0,1.0,0.0,1.0,1.0,2626.0,0.0,26.0,1.09,909.0,40.0,23.51,14.0,0.0
6.0,17.0,17.0,3.69458,151.0,63.0,334.12,0.0,29.0,85.69,74.0,7216.0,2801.28,5001.0,0.0
1.0,2.0,2.0,0.503258,2.0,16.0,36.5,0.0,5.0,488.11,5.5,7217.0,2802.28,239.0,0.0
1.0,2.0,2.0,0.503258,2.0,16.0,36.5,0.0,5.0,487.73,5.5,7218.0,2803.27,240.0,0.0
1.0,2.0,2.0,0.529361,19.0,31.0,67.5,0.0,2.0,133.6,1.0,38.0,31.9,13.0,0.0
1.0,2.0,2.0,0.529361,19.0,31.0,67.5,0.0,2.0,133.6,1.0,40.0,33.9,15.0,0.0
1.0,1.0,1.0,0.0,8.0,2.0,207.0,0.0,6.0,5.85,24.0,7220.0,2800.71,3732.0,0.0
1.0,1.0,1.0,0.0,8.0,2.0,211.0,0.0,5.0,5.85,25.0,7221.0,2801.71,3733.0,0.0
1.0,1.0,1.0,0.0,2.0,1.0,821.0,0.0,9.0,21.85,89.0,7222.0,2802.61,3455.0,0.0
1.0,1.0,1.0,0.0,2.0,2.0,1010.0,0.0,19.0,2.3,323.0,7223.0,2803.02,192.0,0.0
1.0,1.0,1.0,0.0,1.0,2.0,2641.0,0.0,26.0,1.36,911.0,7224.0,2804.02,476.0,0.0
2.0,2.0,2.0,0.970951,1.0,4.0,1381.0,0.0,27.0,3.67,457.5,7225.0,2805.01,670.0,0.0
2.0,2.0,2.0,0.970951,1.0,4.0,1250.0,0.0,23.0,8.1,379.0,7226.0,2806.01,672.0,0.0
1.0,3.0,3.0,1.33757,78.0,5.0,367.0,0.0,8.0,6.25,8.0,7227.0,2803.6,3734.0,0.0
2.0,5.0,7.0,1.72161,184.0,3.0,155.43,0.0,12.0,117.06,14.0,7228.0,2804.23,7191.0,0.0
1.0,1.0,1.0,0.0,6.0,3.0,56.0,1.0,5.0,59.64,7.0,7229.0,2805.18,3457.0,0.0
1.0,1.0,1.0,0.0,6.0,3.0,56.0,1.0,5.0,59.65,7.0,7230.0,2806.18,3458.0,0.0
1.0,4.0,9.0,2.89066,645.0,61.0,208.67,0.0,11.0,65.91,17.33,7231.0,2806.93,3459.0,0.0
1.0,3.0,3.0,1.1248200000000002,110.0,1.0,157.33,0.0,5.0,77.4,11.33,3485.0,1176.95,779.0,0.0
1.0,2.0,4.0,1.84752,18.0,5.0,231.75,1.0,6.0,221.88,17.0,7232.0,2805.22,3460.0,0.0
1.0,2.0,4.0,1.84752,18.0,5.0,215.25,1.0,6.0,379.7,16.0,7233.0,2806.22,3461.0,0.0
2.0,13.0,16.0,2.73121,672.0,4.0,112.44,0.0,23.0,27.26,24.56,7235.0,2808.13,7199.0,0.0
5.0,6.0,6.0,1.71193,96.0,0.0,765.0,0.0,28.0,1.98,206.5,7236.0,2809.04,4886.0,0.0
1.0,1.0,1.0,0.0,1.0,1.0,2645.0,0.0,26.0,0.06,913.0,7238.0,2810.79,480.0,0.0
1.0,1.0,1.0,0.0,1.0,2.0,88.0,0.0,6.0,111.86,100.0,7239.0,2811.68,3738.0,0.0
1.0,1.0,1.0,0.0,1.0,1.0,2645.0,0.0,26.0,0.05,914.0,7240.0,2812.59,481.0,0.0
1.0,2.0,2.0,0.942683,46.0,4.0,221.0,0.0,8.0,367.55,22.0,3486.0,1176.51,2181.0,0.0
1.0,1.0,1.0,0.0,1.0,2.0,65.0,0.0,1.0,94.12,1.0,26.0,17.39,18.0,0.0
1.0,4.0,4.0,1.56267,167.0,2.0,160.0,1.0,14.0,46.86,59.5,3488.0,1177.03,2183.0,0.0
2.0,4.0,6.0,2.1132,35.0,7.0,445.83,0.0,25.0,192.96,126.33,27.0,18.36,22.0,0.0
1.0,4.0,4.0,1.56267,167.0,2.0,161.5,1.0,13.0,47.74,58.25,3489.0,1177.87,2184.0,0.0
1.0,1.0,5.0,2.29771,76.0,123.0,47.8,1.0,3.0,196.95,1.0,157.0,66.2,13.0,0.0
1.0,3.0,4.0,1.7112599999999998,92.0,18.0,56.5,0.0,1.0,3.02,0.25,7241.0,2805.2,3465.0,0.0
1.0,2.0,2.0,0.8112779999999999,3.0,1.0,607.5,0.0,19.0,23.28,243.5,1124.0,397.35,137.0,0.0
2.0,2.0,2.0,0.629249,11.0,8.0,554.0,0.0,19.0,0.01,163.0,7243.0,2804.63,3937.0,0.0
1.0,2.0,3.0,1.44803,202.0,39.0,154.33,0.0,7.0,46.41,9.67,7244.0,2803.96,3466.0,0.0
1.0,2.0,2.0,0.368115,85.0,0.0,46.0,0.0,3.0,19.86,4.0,7245.0,2804.93,3741.0,0.0
2.0,2.0,5.0,2.19987,17.0,18.0,87.2,0.0,4.0,1.92,2.6,1125.0,397.94,596.0,0.0
0.0,0.0,0.0,0.0,0.0,0.0,0.0,0.0,0.0,0.0,0.0,1127.0,399.81,0.0,0.0
2.0,5.0,15.0,3.35997,588.0,9.0,181.07,0.0,9.0,174.55,11.87,32.0,15.55,33.0,0.0
1.0,1.0,1.0,0.0,4.0,0.0,137.0,0.0,3.0,403.87,7.0,33.0,16.54,9.0,0.0
2.0,3.0,5.0,1.4252,145.0,6.0,60.4,1.0,4.0,194.18,2.2,3490.0,1175.07,2458.0,0.0
1.0,1.0,3.0,1.58496,6.0,6.0,100.67,1.0,4.0,323.53,3.67,3492.0,1177.04,2187.0,0.0
1.0,2.0,2.0,0.8812909999999999,9.0,1.0,196.5,0.0,10.0,14.87,34.5,3493.0,1177.97,2188.0,0.0
1.0,1.0,1.0,0.0,5.0,0.0,439.0,0.0,3.0,113.94,10.0,34.0,17.53,26.0,0.0
1.0,1.0,1.0,0.0,8.0,1.0,364.0,0.0,3.0,23.8,8.0,3494.0,1176.92,2189.0,0.0
1.0,1.0,1.0,0.0,1.0,1.0,2651.0,0.0,26.0,3.3,916.0,7246.0,2794.97,483.0,0.0
1.0,2.0,3.0,0.567191,141.0,1.0,38.67,0.0,2.0,327.94,3.0,3495.0,1173.8,2190.0,0.0
1.0,1.0,1.0,0.0,2.0,3.0,1138.0,0.0,11.0,20.37,122.0,3496.0,1173.54,2191.0,0.0
1.0,1.0,1.0,0.0,29.0,2.0,44.0,0.0,4.0,951.36,7.0,7247.0,2781.04,3742.0,0.0
1.0,2.0,2.0,0.5746359999999999,32.0,12.0,56.5,0.0,6.0,396.93,9.5,7248.0,2782.03,3467.0,0.0
1.0,2.0,2.0,0.5746359999999999,32.0,12.0,56.5,0.0,6.0,396.93,9.5,7249.0,2783.02,3468.0,0.0
1.0,1.0,1.0,0.0,0.0,1.0,1127.0,0.0,13.0,161.8,176.0,7250.0,2781.12,3469.0,0.0
1.0,2.0,4.0,1.6513799999999998,109.0,68.0,305.75,0.0,9.0,194.72,30.25,7251.0,2781.91,3470.0,0.0
1.0,1.0,1.0,0.0,6.0,3.0,1118.0,0.0,7.0,11.8,85.0,7252.0,2782.59,3471.0,0.0
1.0,1.0,1.0,0.0,9.0,1.0,55.0,1.0,1.0,8.89,1.0,158.0,66.47,14.0,0.0
1.0,5.0,11.0,2.91919,372.0,179.0,41.36,0.0,8.0,334.02,10.09,690.0,389.39,412.0,0.0
1.0,5.0,11.0,2.91919,372.0,179.0,41.36,0.0,7.0,332.95,10.64,691.0,390.39,413.0,0.0
1.0,5.0,11.0,2.91919,372.0,179.0,41.36,0.0,7.0,340.41,10.55,692.0,391.39,414.0,0.0
1.0,1.0,1.0,0.0,1.0,2.0,416.0,0.0,7.0,8.42,22.0,7253.0,2780.79,3472.0,0.0
2.0,3.0,6.0,2.0649900000000003,144.0,1.0,97.33,1.0,11.0,189.26,9.5,7254.0,2781.59,7216.0,0.0
1.0,3.0,3.0,1.09038,71.0,0.0,14.33,0.0,2.0,9.66,2.67,7255.0,2782.17,3744.0,0.0
1.0,3.0,3.0,1.09038,71.0,0.0,14.33,0.0,2.0,9.63,2.67,7256.0,2783.16,3745.0,0.0
1.0,2.0,2.0,0.543564,8.0,0.0,101.5,0.0,6.0,9.99,16.0,7257.0,2784.02,3746.0,0.0
1.0,1.0,1.0,0.0,7.0,1.0,1121.0,1.0,7.0,1.91,86.0,7259.0,2782.37,3474.0,0.0
1.0,1.0,1.0,0.0,7.0,1.0,972.0,1.0,7.0,41.73,79.0,7261.0,2784.37,3476.0,0.0
1.0,1.0,1.0,0.0,10.0,0.0,216.0,0.0,5.0,436.01,16.0,3497.0,1168.93,780.0,0.0
2.0,6.0,6.0,2.22119,127.0,8.0,327.33,0.0,14.0,306.36,40.67,32.0,16.19,37.0,0.0
1.0,2.0,3.0,0.912815,36.0,4.0,36.0,0.0,6.0,249.76,6.33,7263.0,2779.18,3477.0,0.0
1.0,2.0,3.0,0.912815,36.0,4.0,36.0,0.0,6.0,249.76,6.33,7264.0,2780.17,3478.0,0.0
1.0,1.0,2.0,1.0,2.0,2.0,54.5,0.0,1.0,0.0,0.5,1356.0,243.24,623.0,0.0
1.0,2.0,4.0,1.55572,141.0,0.0,32.0,0.0,1.0,0.02,0.5,1357.0,244.24,624.0,0.0
1.0,3.0,3.0,1.48993,142.0,2.0,36.33,0.0,1.0,0.02,1.0,1358.0,245.23,625.0,0.0
2.0,3.0,3.0,1.36096,10.0,0.0,1200.33,0.0,27.0,9.21,350.67,7265.0,2777.21,589.0,0.0
3.0,6.0,6.0,2.41286,23.0,12.0,660.33,0.0,27.0,42.95,201.0,7267.0,2778.37,4433.0,0.0
1.0,1.0,2.0,0.947435,35.0,6.0,75.0,0.0,5.0,309.68,3.0,33.0,17.15,25.0,0.0
1.0,1.0,1.0,0.0,1.0,1.0,752.0,1.0,7.0,335.52,43.0,7270.0,2780.96,3751.0,0.0
1.0,1.0,1.0,0.0,2.0,2.0,79.0,0.0,8.0,38.13,102.0,1131.0,398.05,641.0,0.0
1.0,1.0,1.0,0.0,0.0,1.0,978.0,0.0,7.0,3.69,80.0,1132.0,398.99,462.0,0.0
0.0,0.0,0.0,0.0,0.0,0.0,0.0,0.0,0.0,0.0,0.0,1134.0,400.98,0.0,0.0
1.0,1.0,1.0,0.0,7.0,2.0,298.0,1.0,8.0,76.21,42.0,3500.0,1167.63,2193.0,0.0
1.0,1.0,1.0,0.0,7.0,2.0,285.0,1.0,8.0,77.03,41.0,3501.0,1168.59,2194.0,0.0
2.0,4.0,4.0,1.83393,7.0,6.0,726.0,0.0,26.0,174.79,235.0,7272.0,2780.44,4241.0,0.0
1.0,1.0,1.0,0.0,1.0,1.0,303.0,1.0,8.0,0.04,43.0,3502.0,1169.58,2195.0,0.0
2.0,2.0,2.0,0.8631209999999999,4.0,3.0,579.0,0.0,19.0,36.8,166.5,7273.0,2781.37,3954.0,0.0
1.0,1.0,1.0,0.0,22.0,0.0,155.0,0.0,6.0,420.43,21.0,3504.0,1170.62,2197.0,0.0
1.0,2.0,2.0,1.0,8.0,4.0,492.0,0.0,15.0,66.42,53.5,3506.0,1172.29,783.0,0.0
2.0,2.0,2.0,0.8112779999999999,3.0,1.0,1345.0,0.0,26.0,54.46,462.0,7274.0,2778.29,4244.0,0.0
1.0,1.0,2.0,0.640944,32.0,11.0,122.0,0.0,5.0,26.96,14.5,7275.0,2779.01,3756.0,0.0
1.0,1.0,1.0,0.0,2.0,1.0,532.0,0.0,13.0,2.02,166.0,7276.0,2779.93,375.0,0.0
1.0,1.0,1.0,0.0,1.0,5.0,135.0,0.0,2.0,284.88,4.0,7277.0,2780.81,376.0,0.0
1.0,1.0,1.0,0.0,5.0,1.0,533.0,0.0,13.0,0.06,167.0,7278.0,2781.72,377.0,0.0
1.0,2.0,2.0,0.8812909999999999,63.0,7.0,43.5,1.0,4.0,203.21,3.0,3508.0,1172.76,785.0,0.0
1.0,2.0,2.0,0.8812909999999999,63.0,7.0,44.0,1.0,3.0,300.43,2.5,3509.0,1173.75,786.0,0.0
1.0,3.0,4.0,1.11369,146.0,57.0,375.25,1.0,10.0,73.7,24.25,7281.0,2781.54,3479.0,0.0
1.0,1.0,1.0,0.0,1.0,1.0,49.0,0.0,1.0,0.15,1.0,3510.0,1174.54,787.0,0.0
1.0,1.0,1.0,0.0,1.0,1.0,49.0,0.0,1.0,0.15,1.0,3511.0,1175.53,788.0,0.0
1.0,2.0,2.0,0.210842,30.0,0.0,82.0,0.0,1.0,111.73,1.5,3512.0,1176.5,2198.0,0.0
1.0,1.0,1.0,0.0,3.0,1.0,83.0,0.0,3.0,26.98,5.0,3513.0,1177.48,2199.0,0.0
1.0,3.0,4.0,1.11369,146.0,57.0,330.75,1.0,10.0,447.44,22.0,7282.0,2782.15,3480.0,0.0
1.0,1.0,1.0,0.0,4.0,0.0,194.0,0.0,6.0,319.2,28.0,7285.0,2785.1,3483.0,0.0
1.0,1.0,1.0,0.0,4.0,0.0,194.0,0.0,6.0,319.2,28.0,7286.0,2786.1,3484.0,0.0
1.0,2.0,10.0,2.81023,143.0,51.0,169.1,0.0,7.0,163.57,5.3,7287.0,2787.05,3758.0,0.0
1.0,2.0,10.0,2.81023,143.0,51.0,169.4,0.0,7.0,162.39,6.0,7288.0,2788.05,3759.0,0.0
1.0,1.0,2.0,0.868534,69.0,69.0,547.5,1.0,10.0,0.33,44.5,7289.0,2788.3,3485.0,0.0
1.0,1.0,2.0,0.868534,69.0,69.0,491.5,1.0,10.0,0.22,40.5,7290.0,2789.3,3486.0,0.0
1.0,2.0,3.0,1.04961,67.0,1.0,194.0,0.0,3.0,88.4,8.0,695.0,389.16,417.0,0.0
2.0,5.0,9.0,3.01763,277.0,4.0,216.11,0.0,7.0,176.06,7.33,7291.0,2788.28,7247.0,0.0
2.0,5.0,9.0,3.01439,275.0,5.0,186.0,0.0,7.0,360.64,7.0,7292.0,2789.19,7249.0,0.0
1.0,1.0,1.0,0.0,1.0,1.0,2660.0,0.0,26.0,1.0,925.0,7293.0,2790.15,491.0,0.0
2.0,3.0,3.0,1.54618,11.0,5.0,948.33,0.0,26.0,18.53,310.0,7294.0,2791.1,4254.0,0.0
1.0,1.0,1.0,0.0,4.0,3.0,110.0,0.0,4.0,403.71,6.0,7295.0,2791.85,3489.0,0.0
1.0,1.0,1.0,0.0,4.0,3.0,110.0,0.0,4.0,403.71,6.0,7296.0,2792.85,3490.0,0.0
1.0,1.0,1.0,0.0,1.0,3.0,320.0,0.0,7.0,416.14,54.0,7297.0,2793.43,3491.0,0.0
2.0,8.0,18.0,3.301,1080.0,14.0,368.89,0.0,15.0,104.47,32.33,7298.0,2794.19,7255.0,0.0
1.0,1.0,1.0,0.0,13.0,9.0,72.0,0.0,1.0,313.0,1.0,1136.0,400.23,23.0,0.0
1.0,1.0,1.0,0.0,6.0,5.0,73.0,0.0,1.0,2.72,3.0,7300.0,2785.91,3494.0,0.0
1.0,2.0,2.0,0.349643,137.0,0.0,69.5,0.0,3.0,152.81,2.0,7302.0,2787.9,201.0,0.0
1.0,1.0,1.0,0.0,2.0,1.0,248.0,0.0,2.0,2.97,6.0,3514.0,1171.66,789.0,0.0
2.0,2.0,2.0,0.706274,24.0,2.0,1844.5,0.0,27.0,0.96,562.5,7304.0,2786.11,697.0,0.0
1.0,2.0,3.0,1.12812,80.0,5.0,138.0,1.0,9.0,131.25,11.67,3515.0,1172.66,2200.0,0.0
1.0,1.0,1.0,0.0,1.0,1.0,215.0,1.0,5.0,108.97,24.0,3516.0,1173.65,2201.0,0.0
1.0,1.0,1.0,0.0,1.0,1.0,213.0,1.0,4.0,108.99,23.0,3517.0,1174.62,2202.0,0.0
3.0,3.0,3.0,0.5834729999999999,42.0,3.0,1237.0,0.0,27.0,0.02,375.33,7305.0,2786.98,1078.0,0.0
2.0,9.0,14.0,2.94375,24.0,32.0,127.93,0.0,19.0,0.94,23.93,7306.0,2787.95,3970.0,0.0
1.0,1.0,1.0,0.0,2.0,2.0,2665.0,0.0,26.0,0.0,931.0,7308.0,2789.86,497.0,0.0
2.0,2.0,2.0,0.503258,7.0,2.0,1853.5,0.0,27.0,0.02,565.0,7309.0,2790.84,704.0,0.0
2.0,2.0,2.0,0.8112779999999999,3.0,5.0,1856.0,0.0,27.0,0.01,565.5,7310.0,2791.81,706.0,0.0
2.0,2.0,2.0,1.0,0.0,4.0,543.0,0.0,19.0,172.89,167.5,7311.0,2792.81,588.0,0.0
1.0,1.0,1.0,0.0,1.0,1.0,2666.0,0.0,26.0,0.08,934.0,7313.0,2794.5,500.0,0.0
1.0,1.0,1.0,0.0,1.0,1.0,227.0,0.0,2.0,170.02,9.0,7314.0,2794.49,3496.0,0.0
1.0,1.0,1.0,0.0,1.0,1.0,222.0,0.0,2.0,295.32,8.0,7315.0,2795.48,3497.0,0.0
1.0,5.0,10.0,2.46646,489.0,6.0,335.5,1.0,15.0,188.96,28.7,7317.0,2797.08,3499.0,0.0
1.0,2.0,2.0,0.342464,28.0,19.0,103.0,0.0,5.0,302.52,5.0,696.0,387.05,418.0,0.0
1.0,2.0,2.0,0.342464,28.0,19.0,103.0,0.0,5.0,302.53,5.0,697.0,388.05,419.0,0.0
1.0,2.0,2.0,0.990618,43.0,36.0,104.0,0.0,5.0,302.54,4.5,698.0,389.03,420.0,0.0
1.0,1.0,1.0,0.0,1.0,3.0,68.0,0.0,4.0,0.0,7.0,699.0,390.03,421.0,0.0
1.0,3.0,5.0,1.82035,264.0,0.0,0.0,0.0,0.0,0.0,0.0,3518.0,1174.21,790.0,0.0
1.0,1.0,1.0,0.0,15.0,3.0,431.0,0.0,11.0,74.87,79.0,3519.0,1175.2,2203.0,0.0
1.0,1.0,1.0,0.0,1.0,1.0,72.0,0.0,1.0,7.01,2.0,1360.0,245.78,627.0,0.0
3.0,3.0,3.0,1.29574,7.0,6.0,1260.0,0.0,27.0,0.39,379.33,7319.0,2796.97,4478.0,0.0
1.0,1.0,6.0,2.4022,93.0,60.0,182.83,0.0,4.0,70.9,2.33,7320.0,2797.44,3768.0,0.0
1.0,1.0,6.0,2.4022,93.0,60.0,183.33,0.0,4.0,71.12,2.17,7321.0,2798.44,3769.0,0.0
1.0,1.0,1.0,0.0,16.0,0.0,101.0,0.0,5.0,28.25,12.0,7324.0,2801.24,3770.0,0.0
1.0,1.0,1.0,0.0,2.0,1.0,110.0,0.0,1.0,341.95,1.0,7326.0,2803.16,3772.0,0.0
1.0,1.0,1.0,0.0,8.0,4.0,82.0,0.0,1.0,21.0,1.0,3520.0,1175.11,274.0,0.0
1.0,1.0,1.0,0.0,1.0,1.0,2667.0,0.0,26.0,0.87,937.0,7328.0,2802.65,503.0,0.0
1.0,1.0,1.0,0.0,65.0,0.0,0.0,0.0,0.0,0.0,0.0,7329.0,2803.18,3774.0,0.0
1.0,1.0,1.0,0.0,65.0,0.0,0.0,0.0,0.0,0.0,0.0,7330.0,2804.17,3775.0,0.0
1.0,1.0,3.0,0.735722,44.0,3.0,29.0,0.0,1.0,11.49,1.0,7332.0,2805.57,382.0,0.0
1.0,1.0,1.0,0.0,4.0,2.0,82.0,0.0,1.0,202.26,1.0,3522.0,1176.45,2205.0,0.0
1.0,1.0,1.0,0.0,1.0,0.0,84.0,0.0,1.0,0.0,2.0,3523.0,1177.44,2206.0,0.0
2.0,2.0,2.0,0.918296,3.0,0.0,1857.0,0.0,27.0,0.73,568.5,7333.0,2806.54,714.0,0.0
1.0,1.0,2.0,0.940286,26.0,2.0,846.5,0.0,8.0,22.01,51.0,7334.0,2807.42,3777.0,0.0
1.0,4.0,5.0,1.78584,251.0,1.0,73.6,0.0,1.0,3.48,0.4,7335.0,2808.29,3502.0,0.0
1.0,1.0,1.0,0.0,12.0,3.0,128.0,0.0,1.0,3.34,1.0,7336.0,2809.23,211.0,0.0
1.0,1.0,1.0,0.0,1.0,1.0,2668.0,0.0,26.0,0.08,939.0,7337.0,2810.22,505.0,0.0
1.0,1.0,1.0,0.0,5.0,1.0,109.0,0.0,2.0,60.08,9.0,7338.0,2811.05,3503.0,0.0
1.0,1.0,1.0,0.0,5.0,1.0,109.0,0.0,2.0,60.64,9.0,7339.0,2809.91,3504.0,0.0
1.0,1.0,3.0,1.40762,31.0,2.0,636.67,1.0,8.0,145.54,36.67,7340.0,2810.53,3778.0,0.0
1.0,2.0,4.0,1.36909,135.0,12.0,164.75,0.0,13.0,304.76,26.5,7343.0,2813.34,3781.0,0.0
1.0,1.0,1.0,0.0,6.0,2.0,881.0,1.0,7.0,35.92,84.0,7344.0,2813.85,3505.0,0.0
1.0,1.0,1.0,0.0,6.0,2.0,856.0,1.0,7.0,35.92,82.0,7345.0,2814.85,3506.0,0.0
1.0,1.0,1.0,0.0,2.0,0.0,205.0,0.0,2.0,31.29,15.0,7346.0,2815.48,3507.0,0.0
1.0,1.0,1.0,0.0,8.0,5.0,369.0,1.0,5.0,41.96,53.0,7347.0,2816.47,3508.0,0.0
1.0,1.0,2.0,0.388612,99.0,6.0,421.0,1.0,7.0,0.14,42.0,7348.0,2817.47,3782.0,0.0
1.0,1.0,1.0,0.0,2.0,0.0,205.0,0.0,2.0,31.29,15.0,7349.0,2818.46,3509.0,0.0
2.0,2.0,3.0,1.53062,8.0,6.0,221.33,1.0,7.0,24.76,25.67,7350.0,2816.93,7293.0,0.0
1.0,1.0,1.0,0.0,8.0,5.0,369.0,1.0,5.0,42.62,53.0,7351.0,2817.92,3511.0,0.0
1.0,1.0,2.0,0.388612,99.0,6.0,399.5,1.0,5.0,0.47,40.0,7352.0,2818.92,3784.0,0.0
2.0,2.0,3.0,1.53062,8.0,6.0,221.33,1.0,7.0,24.54,25.67,7353.0,2819.92,7297.0,0.0
1.0,1.0,1.0,0.0,12.0,0.0,98.0,0.0,2.0,36.49,6.0,1361.0,246.29,57.0,0.0
1.0,1.0,1.0,0.0,6.0,1.0,110.0,0.0,2.0,0.11,7.0,1362.0,247.27,58.0,0.0
1.0,3.0,3.0,1.54946,35.0,6.0,223.33,0.0,5.0,125.04,12.67,7354.0,2816.86,3513.0,0.0
1.0,3.0,4.0,1.60816,32.0,3.0,53.75,1.0,3.0,33.11,2.0,3525.0,1175.47,792.0,0.0
1.0,2.0,2.0,0.856115,71.0,11.0,566.5,1.0,7.0,7.1,44.0,7355.0,2817.64,3514.0,0.0
1.0,2.0,2.0,0.856115,71.0,11.0,516.5,1.0,7.0,8.01,42.0,7356.0,2818.64,3515.0,0.0
1.0,2.0,2.0,0.842936,162.0,52.0,327.0,0.0,2.0,123.49,4.5,702.0,390.0,424.0,0.0
3.0,4.0,4.0,1.75,11.0,5.0,662.0,0.0,26.0,43.57,223.0,42.0,20.49,36.0,0.0
1.0,1.0,1.0,0.0,32.0,1.0,97.0,0.0,5.0,580.32,13.0,7357.0,2815.27,3786.0,0.0
1.0,1.0,1.0,0.0,72.0,0.0,0.0,0.0,0.0,0.0,0.0,7358.0,2816.14,3787.0,0.0
1.0,3.0,3.0,1.58496,3.0,12.0,399.33,1.0,13.0,80.78,49.67,7359.0,2816.93,3788.0,0.0
1.0,3.0,3.0,1.58496,3.0,12.0,403.33,1.0,12.0,122.47,47.67,7360.0,2817.93,3789.0,0.0
1.0,1.0,1.0,0.0,72.0,0.0,0.0,0.0,0.0,0.0,0.0,7361.0,2818.74,3790.0,0.0
1.0,2.0,2.0,0.99901,10.0,17.0,184.5,1.0,6.0,0.04,19.0,7362.0,2819.67,3791.0,0.0
1.0,5.0,12.0,3.44805,51.0,46.0,153.17,0.0,5.0,216.11,3.33,703.0,390.18,425.0,0.0
1.0,4.0,10.0,3.16542,41.0,38.0,159.5,0.0,4.0,370.75,3.0,705.0,392.17,427.0,0.0
1.0,2.0,2.0,0.258019,9.0,14.0,59.0,0.0,2.0,307.3,5.0,7363.0,2817.88,3792.0,0.0
1.0,1.0,1.0,0.0,2.0,0.0,389.0,0.0,15.0,14.92,186.0,3527.0,1174.42,2208.0,0.0
1.0,2.0,2.0,0.167027,78.0,3.0,227.5,0.0,1.0,4.15,2.0,7365.0,2819.38,3517.0,0.0
1.0,5.0,6.0,2.24466,106.0,24.0,229.17,0.0,5.0,1.74,5.5,7366.0,2820.33,3518.0,0.0
3.0,4.0,4.0,1.2719,75.0,57.0,190.25,0.0,23.0,47.14,99.5,590.0,284.93,440.0,0.0
1.0,3.0,3.0,1.52193,5.0,5.0,257.67,0.0,15.0,18.12,71.33,591.0,285.92,289.0,0.0
1.0,2.0,6.0,2.44148,353.0,139.0,47.5,0.0,3.0,2.23,1.0,7367.0,2820.92,212.0,0.0
2.0,4.0,5.0,1.20537,45.0,18.0,140.8,0.0,1.0,0.11,1.2,7368.0,2821.76,3732.0,0.0
1.0,1.0,1.0,0.0,2.0,2.0,640.0,0.0,9.0,12.02,62.0,593.0,287.87,134.0,0.0
1.0,1.0,3.0,1.58496,0.0,3.0,53.33,0.0,6.0,503.78,7.0,594.0,288.87,291.0,0.0
1.0,2.0,2.0,1.0,8.0,452.0,272.0,0.0,1.0,81.79,1.0,595.0,289.87,292.0,0.0
1.0,2.0,3.0,1.45915,6.0,6.0,124.33,0.0,1.0,61.33,0.67,596.0,290.87,293.0,0.0
1.0,1.0,1.0,0.0,7.0,7.0,129.0,0.0,3.0,0.21,9.0,599.0,293.84,20.0,0.0
1.0,1.0,1.0,0.0,10.0,8.0,129.0,0.0,3.0,0.04,10.0,600.0,294.83,21.0,0.0
1.0,1.0,1.0,0.0,1.0,0.0,186.0,0.0,1.0,2.54,12.0,601.0,295.83,137.0,0.0
1.0,2.0,2.0,0.33729000000000003,9.0,7.0,109.0,1.0,3.0,2.78,4.5,3529.0,1175.51,794.0,0.0
1.0,1.0,1.0,0.0,8.0,7.0,205.0,1.0,3.0,2.1,5.0,3530.0,1176.48,795.0,0.0
1.0,2.0,2.0,0.63431,17.0,8.0,1866.0,0.0,15.0,11.79,215.0,7369.0,2820.23,3520.0,0.0
3.0,7.0,13.0,2.92892,570.0,0.0,278.54,0.0,27.0,2.32,85.08,7370.0,2820.82,854.0,0.0
1.0,1.0,1.0,0.0,1.0,1.0,18.0,0.0,1.0,0.01,1.0,7371.0,2821.8,243.0,0.0
1.0,2.0,2.0,0.918296,7.0,2.0,35.0,0.0,1.0,0.01,0.5,7372.0,2822.78,244.0,0.0
1.0,2.0,2.0,0.914019,73.0,6.0,82.5,0.0,8.0,108.75,15.5,7373.0,2823.5,3521.0,0.0
1.0,2.0,3.0,1.52623,9.0,4.0,38.33,0.0,1.0,0.12,0.67,7374.0,2824.36,245.0,0.0
1.0,2.0,2.0,0.179256,110.0,1.0,372.5,1.0,6.0,92.57,13.0,7375.0,2825.34,3793.0,0.0
1.0,2.0,2.0,0.179256,110.0,1.0,373.0,1.0,6.0,95.18,13.0,7376.0,2826.34,3794.0,0.0
1.0,1.0,1.0,0.0,11.0,0.0,97.0,0.0,1.0,5.02,1.0,7377.0,2827.18,3795.0,0.0
1.0,1.0,1.0,0.0,11.0,0.0,97.0,0.0,1.0,4.36,1.0,7378.0,2828.18,3796.0,0.0
1.0,1.0,1.0,0.0,1.0,1.0,2673.0,0.0,26.0,0.22,941.0,706.0,392.0,119.0,0.0
1.0,1.0,1.0,0.0,44.0,0.0,0.0,0.0,0.0,0.0,0.0,7380.0,2829.95,3522.0,0.0
1.0,1.0,1.0,0.0,44.0,0.0,0.0,0.0,0.0,0.0,0.0,7381.0,2830.94,3523.0,0.0
1.0,2.0,2.0,0.930586,25.0,1.0,75.5,0.0,1.0,275.37,0.5,0.0,0.0,0.0,0.0
1.0,1.0,1.0,0.0,1.0,1.0,2673.0,0.0,26.0,0.09,942.0,1.0,1.0,0.0,0.0
1.0,3.0,5.0,2.32193,80.0,0.0,14.0,0.0,1.0,37.76,0.6,3531.0,1176.05,796.0,0.0
1.0,2.0,2.0,1.0,37.0,1.0,512.0,1.0,7.0,218.61,30.0,3532.0,1177.05,2210.0,0.0
1.0,1.0,1.0,0.0,4.0,1.0,114.0,0.0,2.0,77.53,2.0,3533.0,1178.05,275.0,0.0
1.0,1.0,1.0,0.0,1.0,1.0,37.0,0.0,4.0,762.44,8.0,7383.0,2830.73,3799.0,0.0
1.0,1.0,1.0,0.0,0.0,53.0,53.0,0.0,4.0,1128.0,8.0,7384.0,2831.57,3524.0,0.0
1.0,1.0,1.0,0.0,0.0,53.0,53.0,0.0,5.0,193.72,9.0,7385.0,2832.57,3525.0,0.0
1.0,2.0,3.0,1.38253,177.0,11.0,34.33,1.0,5.0,20.97,6.0,7386.0,2833.42,3800.0,0.0
1.0,2.0,3.0,1.16163,106.0,7.0,245.33,1.0,12.0,174.24,24.0,7388.0,2835.23,3802.0,0.0
1.0,2.0,4.0,1.59192,240.0,12.0,64.25,0.0,7.0,15.5,7.25,7389.0,2836.11,3803.0,0.0
0.0,0.0,0.0,0.0,0.0,0.0,0.0,0.0,0.0,0.0,0.0,7390.0,2836.8,0.0,0.0
1.0,1.0,1.0,0.0,7.0,0.0,405.0,0.0,7.0,46.17,56.0,7392.0,2838.65,3805.0,0.0
1.0,2.0,7.0,1.83925,33.0,68.0,71.86,0.0,1.0,29.08,0.14,35.0,17.74,27.0,0.0
1.0,2.0,3.0,0.73453,88.0,10.0,155.33,1.0,7.0,56.03,11.67,42.0,33.15,26.0,0.0
1.0,1.0,1.0,0.0,1.0,0.0,61.0,0.0,1.0,763.5,5.0,707.0,391.93,428.0,0.0
1.0,1.0,1.0,0.0,1.0,0.0,61.0,0.0,1.0,763.5,5.0,708.0,392.93,429.0,0.0
1.0,1.0,1.0,0.0,5.0,5.0,100.0,0.0,3.0,193.71,7.0,710.0,394.92,431.0,0.0
1.0,1.0,1.0,0.0,5.0,0.0,97.0,0.0,2.0,280.44,5.0,711.0,395.92,432.0,0.0
1.0,1.0,1.0,0.0,5.0,0.0,98.0,0.0,1.0,280.28,4.0,712.0,396.92,433.0,0.0
1.0,1.0,1.0,0.0,1.0,1.0,101.0,0.0,2.0,1198.15,13.0,715.0,399.86,436.0,0.0
1.0,2.0,3.0,1.0479,133.0,0.0,450.67,0.0,11.0,117.42,44.33,7394.0,2837.21,3806.0,0.0
1.0,2.0,3.0,1.0479,133.0,0.0,450.67,0.0,11.0,116.41,44.33,7395.0,2838.2,3807.0,0.0
1.0,1.0,1.0,0.0,7.0,4.0,111.0,0.0,2.0,176.69,3.0,716.0,400.86,437.0,0.0
1.0,1.0,1.0,0.0,8.0,0.0,2594.0,0.0,15.0,2.2,385.0,7396.0,2838.69,3528.0,0.0
1.0,1.0,1.0,0.0,8.0,0.0,2516.0,0.0,15.0,91.03,370.0,7397.0,2839.69,3529.0,0.0
1.0,1.0,1.0,0.0,5.0,1.0,120.0,1.0,6.0,57.96,12.0,7398.0,2840.67,3808.0,0.0
1.0,1.0,1.0,0.0,5.0,1.0,96.0,1.0,5.0,301.03,10.0,7399.0,2841.67,3809.0,0.0
1.0,1.0,1.0,0.0,1.0,1.0,275.0,1.0,4.0,200.35,12.0,718.0,402.56,439.0,0.0
1.0,1.0,4.0,1.79902,28.0,10.0,90.5,0.0,2.0,48.73,1.25,7400.0,2839.77,3810.0,0.0
1.0,2.0,14.0,2.99522,36.0,107.0,58.64,0.0,3.0,354.31,0.36,722.0,405.96,443.0,0.0
1.0,3.0,3.0,1.5,4.0,4.0,163.0,0.0,8.0,53.45,28.0,3534.0,1174.81,2211.0,0.0
1.0,5.0,7.0,2.04252,388.0,1.0,27.0,0.0,7.0,113.53,15.86,3535.0,1175.81,2212.0,0.0
1.0,1.0,1.0,0.0,10.0,8.0,164.0,0.0,1.0,0.14,1.0,3537.0,1177.61,2214.0,0.0
1.0,2.0,1.0,0.0,1.0,1.0,51.0,0.0,1.0,74.87,2.0,3539.0,1179.61,2216.0,0.0
1.0,2.0,10.0,3.14658,332.0,41.0,34.5,0.0,2.0,84.5,0.3,2.0,1.98,1.0,1.0
1.0,1.0,1.0,0.0,17.0,0.0,12.0,0.0,1.0,666.45,1.0,3540.0,1179.43,798.0,0.0
1.0,3.0,3.0,1.4726,44.0,0.0,717.0,0.0,12.0,25.51,53.33,3542.0,1181.39,800.0,0.0
1.0,1.0,2.0,0.8997440000000001,17.0,2.0,106.5,0.0,4.0,428.52,10.5,7402.0,2833.22,3530.0,0.0
1.0,1.0,2.0,0.8997440000000001,17.0,2.0,106.5,0.0,4.0,424.53,10.5,7403.0,2834.22,3531.0,0.0
1.0,1.0,1.0,0.0,3.0,0.0,89.0,0.0,1.0,155.01,1.0,7404.0,2835.15,87.0,0.0
1.0,1.0,2.0,0.704577,47.0,0.0,21.0,0.0,4.0,38.96,4.0,3544.0,1182.71,2218.0,0.0
1.0,1.0,1.0,0.0,5.0,1.0,72.0,0.0,5.0,77.91,13.0,3545.0,1183.71,2219.0,0.0
1.0,1.0,1.0,0.0,1.0,4.0,37.0,1.0,1.0,1.37,1.0,7406.0,2836.83,3812.0,0.0
2.0,6.0,6.0,1.98257,384.0,38.0,169.5,0.0,12.0,105.93,21.33,7408.0,2838.82,7346.0,0.0
2.0,5.0,7.0,1.7314,190.0,23.0,113.29,0.0,1.0,5.17,1.29,7409.0,2839.55,3747.0,0.0
1.0,1.0,2.0,1.0,8.0,0.0,68.0,0.0,2.0,140.68,1.5,4.0,3.97,3.0,0.0
1.0,1.0,1.0,0.0,1.0,1.0,2673.0,0.0,27.0,5.02,943.0,602.0,294.28,84.0,0.0
1.0,1.0,2.0,0.979098,53.0,0.0,56.5,0.0,2.0,0.49,1.5,5.0,4.97,4.0,0.0
1.0,2.0,2.0,0.506992,10.0,79.0,65.0,0.0,5.0,39.71,10.5,3548.0,1185.62,2222.0,0.0
1.0,1.0,1.0,0.0,40.0,1.0,165.0,0.0,1.0,1.01,3.0,3549.0,1186.62,2223.0,0.0
1.0,2.0,2.0,1.0,20.0,0.0,165.0,0.0,7.0,1.62,52.5,3550.0,1187.62,2224.0,0.0
1.0,1.0,1.0,0.0,0.0,2.0,61.0,0.0,4.0,0.01,10.0,3551.0,1188.61,2225.0,0.0
1.0,1.0,1.0,0.0,2.0,2.0,134.0,0.0,7.0,0.81,105.0,3554.0,1190.44,2227.0,0.0
1.0,6.0,11.0,2.94512,435.0,2.0,29.27,0.0,6.0,41.63,2.36,724.0,405.47,445.0,0.0
1.0,1.0,1.0,0.0,1.0,1.0,353.0,0.0,1.0,1.71,7.0,7411.0,2834.93,3534.0,0.0
1.0,4.0,5.0,1.87862,155.0,14.0,291.2,0.0,13.0,161.03,40.0,7412.0,2835.86,3535.0,0.0
1.0,4.0,5.0,1.87862,155.0,14.0,290.2,0.0,12.0,162.68,39.8,7413.0,2836.84,3536.0,0.0
1.0,2.0,2.0,0.918296,15.0,0.0,130.5,0.0,3.0,296.73,3.0,725.0,406.34,446.0,0.0
1.0,2.0,2.0,1.0,10.0,2.0,138.0,0.0,3.0,0.07,3.5,726.0,407.29,447.0,0.0
1.0,2.0,2.0,0.918296,15.0,0.0,130.5,0.0,3.0,296.81,3.0,727.0,408.29,448.0,0.0
1.0,2.0,2.0,1.0,10.0,2.0,138.0,0.0,3.0,0.0,3.5,728.0,409.29,449.0,0.0
1.0,6.0,11.0,2.94512,435.0,2.0,29.36,0.0,6.0,51.73,2.27,729.0,410.29,450.0,0.0
1.0,2.0,2.0,0.918296,15.0,0.0,130.5,0.0,3.0,296.81,3.0,730.0,411.29,451.0,0.0
1.0,2.0,2.0,1.0,10.0,2.0,138.0,0.0,3.0,0.0,3.5,731.0,412.29,452.0,0.0
1.0,2.0,2.0,0.721928,8.0,2.0,756.0,0.0,14.0,9.13,148.0,7414.0,2837.0,3537.0,0.0
1.0,1.0,1.0,0.0,2.0,2.0,218.0,1.0,4.0,467.14,25.0,7415.0,2837.73,3538.0,0.0
1.0,1.0,1.0,0.0,2.0,2.0,218.0,1.0,4.0,467.14,25.0,7416.0,2838.73,3539.0,0.0
1.0,1.0,1.0,0.0,2.0,2.0,218.0,1.0,4.0,467.14,25.0,7417.0,2839.73,3540.0,0.0
1.0,2.0,3.0,1.29584,14.0,0.0,124.67,0.0,3.0,234.57,2.33,7419.0,2841.67,3816.0,0.0
1.0,1.0,2.0,1.0,2.0,4.0,58.5,0.0,2.0,1.51,2.5,7.0,6.93,6.0,0.0
1.0,2.0,2.0,0.70808,172.0,4.0,36.0,0.0,8.0,86.1,13.0,44.0,34.69,16.0,0.0
5.0,12.0,23.0,3.86876,0.0,1356.0,269.48,0.0,30.0,15.04,59.78,732.0,412.79,719.0,0.0
2.0,2.0,2.0,0.998712,34.0,37.0,1581.5,0.0,28.0,30.53,660.5,733.0,413.77,158.0,0.0
4.0,9.0,9.0,3.04223,129.0,0.0,84.22,0.0,14.0,103.06,54.89,734.0,414.75,560.0,0.0
2.0,2.0,2.0,1.0,14.0,14.0,1580.5,0.0,28.0,0.03,661.5,735.0,415.74,161.0,0.0
1.0,1.0,1.0,0.0,1.0,1.0,547.0,0.0,14.0,0.08,488.0,736.0,416.69,40.0,0.0
1.0,1.0,1.0,0.0,2.0,2.0,142.0,0.0,1.0,0.49,1.0,737.0,417.68,128.0,0.0
1.0,3.0,19.0,4.2352300000000005,20.0,39.0,57.79,0.0,1.0,22.71,0.26,739.0,419.66,456.0,0.0
1.0,1.0,2.0,1.0,8.0,2.0,33.0,0.0,1.0,8.05,0.5,740.0,420.66,53.0,0.0
1.0,2.0,3.0,0.627776,191.0,0.0,94.67,0.0,3.0,3.99,3.67,3556.0,1189.29,2229.0,0.0
1.0,1.0,1.0,0.0,1.0,1.0,2614.0,0.0,27.0,0.91,949.0,7420.0,2836.55,508.0,0.0
1.0,1.0,1.0,0.0,1.0,1.0,239.0,0.0,7.0,3.35,27.0,7421.0,2832.8,3817.0,0.0
1.0,1.0,1.0,0.0,40.0,11.0,217.0,0.0,5.0,44.11,26.0,7422.0,2833.78,3818.0,0.0
1.0,1.0,1.0,0.0,3.0,3.0,359.0,0.0,3.0,139.28,16.0,7423.0,2834.71,3819.0,0.0
1.0,1.0,2.0,0.918296,21.0,21.0,719.0,0.0,6.0,125.86,20.0,7424.0,2833.09,3541.0,0.0
1.0,1.0,2.0,0.918296,21.0,21.0,719.0,0.0,6.0,125.86,20.0,7425.0,2834.09,3542.0,0.0
1.0,3.0,5.0,2.22539,324.0,8.0,22.6,0.0,3.0,67.6,0.8,7426.0,2834.81,3820.0,0.0
1.0,1.0,1.0,0.0,1.0,1.0,2614.0,0.0,27.0,2.1,950.0,7427.0,2835.46,509.0,0.0
1.0,1.0,1.0,0.0,1.0,0.0,58.0,0.0,5.0,51.29,10.0,8.0,7.85,7.0,0.0
1.0,1.0,1.0,0.0,27.0,21.0,346.0,0.0,1.0,0.5,1.0,3557.0,1186.01,2230.0,0.0
1.0,2.0,2.0,0.522559,16.0,1.0,78.0,0.0,10.0,447.51,19.0,3558.0,1186.93,2231.0,0.0
1.0,1.0,1.0,0.0,1.0,1.0,2614.0,0.0,27.0,1.63,951.0,3559.0,1186.86,191.0,0.0
1.0,1.0,1.0,0.0,5.0,2.0,349.0,0.0,4.0,68.52,16.0,3560.0,1187.73,2232.0,0.0
1.0,4.0,4.0,1.23811,152.0,5.0,237.0,0.0,12.0,51.23,31.75,7430.0,2830.51,3545.0,0.0
1.0,1.0,1.0,0.0,18.0,0.0,110.0,0.0,2.0,459.22,7.0,7432.0,2832.28,386.0,0.0
1.0,1.0,5.0,2.27033,19.0,20.0,105.8,0.0,4.0,297.04,3.2,7433.0,2833.26,3821.0,0.0
1.0,5.0,5.0,1.45417,20.0,9.0,246.8,1.0,8.0,247.73,13.0,1138.0,391.91,645.0,0.0
1.0,1.0,1.0,0.0,0.0,1.0,1034.0,0.0,7.0,16.51,85.0,1139.0,392.89,465.0,0.0
1.0,2.0,4.0,1.50825,192.0,4.0,61.5,1.0,3.0,51.91,4.0,46.0,36.21,29.0,0.0
1.0,1.0,1.0,0.0,5.0,3.0,352.0,0.0,2.0,1.75,2.0,47.0,37.21,30.0,0.0
1.0,2.0,2.0,0.309543,16.0,2.0,130.5,1.0,9.0,222.6,17.5,3562.0,1188.2,802.0,0.0
1.0,2.0,4.0,1.50825,192.0,4.0,61.5,1.0,3.0,51.97,4.0,7435.0,2832.69,3823.0,0.0
1.0,1.0,2.0,1.0,2.0,2.0,153.0,0.0,2.0,197.74,3.5,7436.0,2833.09,3824.0,0.0
1.0,2.0,4.0,1.50036,17.0,17.0,215.0,0.0,11.0,389.29,49.25,7437.0,2834.06,3546.0,0.0
1.0,4.0,5.0,1.97874,180.0,2.0,142.2,0.0,9.0,86.78,37.6,7438.0,2834.54,3825.0,0.0
1.0,1.0,1.0,0.0,35.0,1.0,142.0,0.0,1.0,0.01,3.0,7439.0,2835.49,3826.0,0.0
1.0,4.0,5.0,1.97874,180.0,2.0,140.2,0.0,9.0,121.66,37.4,7440.0,2836.49,3827.0,0.0
1.0,1.0,1.0,0.0,35.0,1.0,142.0,0.0,1.0,0.01,3.0,7441.0,2837.46,3828.0,0.0
2.0,4.0,5.0,1.6482900000000005,603.0,1.0,38.4,0.0,3.0,7.71,1.4,7443.0,2838.61,3763.0,0.0
2.0,6.0,8.0,2.50979,71.0,5.0,647.63,0.0,19.0,219.84,53.5,7444.0,2837.29,3765.0,0.0
1.0,3.0,3.0,1.43537,4.0,7.0,1482.67,0.0,19.0,0.0,137.33,7445.0,2838.28,3550.0,0.0
2.0,5.0,8.0,2.76311,64.0,2.0,157.5,0.0,8.0,241.61,5.38,7446.0,2839.23,3768.0,0.0
2.0,5.0,7.0,2.61075,67.0,7.0,171.29,0.0,3.0,140.58,4.57,7447.0,2839.99,3770.0,0.0
1.0,1.0,3.0,0.928203,78.0,64.0,152.67,0.0,7.0,0.08,5.33,7449.0,2841.78,220.0,1.0
1.0,1.0,2.0,0.681291,79.0,65.0,90.0,0.0,3.0,35.86,4.0,7450.0,2842.55,221.0,1.0
2.0,5.0,5.0,2.24254,62.0,14.0,860.0,0.0,15.0,175.21,92.8,7451.0,2843.45,3776.0,0.0
1.0,1.0,1.0,0.0,19.0,0.0,134.0,0.0,7.0,8.59,106.0,542.0,348.12,310.0,0.0
1.0,1.0,1.0,0.0,2.0,2.0,384.0,0.0,7.0,2.64,40.0,543.0,349.09,311.0,0.0
1.0,1.0,1.0,0.0,7.0,7.0,98.0,0.0,3.0,0.67,5.0,544.0,349.8,8.0,0.0
1.0,1.0,1.0,0.0,1.0,1.0,2614.0,0.0,27.0,3.27,952.0,1363.0,245.05,5.0,0.0
1.0,10.0,20.0,4.03836,100.0,21.0,166.4,0.0,5.0,419.52,1.55,546.0,351.74,313.0,0.0
1.0,1.0,1.0,0.0,1.0,1.0,2614.0,0.0,27.0,0.16,953.0,7453.0,2841.96,510.0,0.0
1.0,4.0,7.0,2.20976,41.0,21.0,103.14,1.0,5.0,427.03,1.86,7455.0,2843.79,3830.0,0.0
1.0,1.0,1.0,0.0,2.0,1.0,174.0,0.0,2.0,0.02,2.0,548.0,353.44,315.0,0.0
1.0,2.0,2.0,0.591673,5.0,9.0,86.5,0.0,3.0,426.38,3.5,744.0,418.63,54.0,0.0
2.0,2.0,2.0,0.195909,59.0,7.0,648.0,1.0,12.0,45.03,69.5,7456.0,2841.97,3919.0,0.0
1.0,1.0,1.0,0.0,7.0,1.0,359.0,0.0,4.0,146.73,18.0,7457.0,2842.79,3832.0,0.0
1.0,1.0,1.0,0.0,7.0,1.0,359.0,0.0,3.0,6.72,17.0,7458.0,2843.79,3833.0,0.0
1.0,1.0,1.0,0.0,2.0,2.0,121.0,0.0,1.0,3.32,1.0,745.0,419.31,460.0,0.0
1.0,1.0,1.0,0.0,0.0,2.0,355.0,0.0,5.0,4.19,18.0,746.0,420.28,461.0,0.0
1.0,1.0,1.0,0.0,245.0,51.0,337.0,0.0,3.0,370.93,8.0,748.0,422.14,73.0,0.0
0.0,0.0,0.0,0.0,0.0,0.0,0.0,0.0,0.0,0.0,0.0,749.0,423.08,0.0,0.0
1.0,1.0,1.0,0.0,0.0,1.0,111.0,0.0,4.0,487.32,13.0,750.0,424.05,41.0,0.0
0.0,0.0,0.0,0.0,0.0,0.0,0.0,0.0,0.0,0.0,0.0,752.0,426.03,0.0,0.0
2.0,5.0,5.0,2.2999,5.0,6.0,216.8,0.0,14.0,133.86,42.2,757.0,430.32,75.0,0.0
2.0,4.0,4.0,1.82307,7.0,4.0,821.75,0.0,28.0,1.52,271.75,549.0,352.72,349.0,0.0
0.0,0.0,0.0,0.0,0.0,0.0,0.0,0.0,0.0,0.0,0.0,550.0,353.72,0.0,0.0
1.0,1.0,1.0,0.0,15.0,0.0,78.0,0.0,4.0,1.71,14.0,7459.0,2835.83,3834.0,0.0
2.0,5.0,5.0,2.2999,6.0,5.0,216.6,0.0,14.0,1.22,42.4,758.0,430.42,77.0,0.0
0.0,0.0,0.0,0.0,0.0,0.0,0.0,0.0,0.0,0.0,0.0,761.0,433.39,0.0,0.0
1.0,1.0,1.0,0.0,18.0,0.0,0.0,0.0,0.0,0.0,0.0,604.0,290.33,22.0,0.0
0.0,0.0,0.0,0.0,0.0,0.0,0.0,0.0,0.0,0.0,0.0,765.0,437.13,0.0,0.0
2.0,5.0,5.0,2.2999,5.0,6.0,216.8,0.0,14.0,0.89,42.6,767.0,438.74,85.0,0.0
1.0,1.0,2.0,0.721928,3.0,2.0,129.0,0.0,6.0,275.51,30.0,768.0,439.66,65.0,0.0
1.0,1.0,2.0,0.503258,34.0,2.0,34.0,0.0,1.0,21.33,1.0,7461.0,2831.66,3556.0,0.0
1.0,2.0,2.0,0.832558,60.0,12.0,810.0,1.0,3.0,63.39,13.5,7462.0,2832.66,3557.0,0.0
1.0,2.0,2.0,0.832558,60.0,12.0,810.0,1.0,2.0,87.3,13.0,7463.0,2833.65,3558.0,0.0
1.0,1.0,1.0,0.0,4.0,4.0,2614.0,0.0,27.0,1.03,965.0,7464.0,2834.51,511.0,0.0
2.0,5.0,5.0,2.2999,6.0,5.0,216.6,0.0,14.0,1.1,42.8,769.0,439.89,87.0,0.0
0.0,0.0,0.0,0.0,0.0,0.0,0.0,0.0,0.0,0.0,0.0,772.0,442.86,0.0,0.0
2.0,9.0,11.0,2.86505,149.0,70.0,176.45,1.0,13.0,225.41,8.82,3563.0,1176.37,2511.0,0.0
1.0,1.0,1.0,0.0,9.0,2.0,311.0,1.0,3.0,58.47,8.0,3564.0,1177.37,803.0,0.0
1.0,1.0,1.0,0.0,3.0,3.0,318.0,1.0,4.0,0.0,9.0,3565.0,1178.36,804.0,0.0
1.0,1.0,1.0,0.0,9.0,2.0,307.0,1.0,3.0,58.56,7.0,3566.0,1179.23,805.0,0.0
1.0,1.0,1.0,0.0,9.0,2.0,307.0,1.0,4.0,58.57,7.0,3567.0,1180.21,806.0,0.0
1.0,1.0,1.0,0.0,9.0,1.0,274.0,1.0,5.0,0.48,19.0,3568.0,1180.68,2235.0,0.0
2.0,2.0,3.0,1.37095,15.0,5.0,79.67,1.0,4.0,237.82,2.67,3570.0,1182.66,2516.0,0.0
2.0,2.0,3.0,1.37095,15.0,5.0,79.67,1.0,4.0,237.82,2.67,3571.0,1183.66,2518.0,0.0
1.0,1.0,1.0,0.0,17.0,7.0,84.0,0.0,1.0,81.79,3.0,7469.0,2827.99,3562.0,0.0
1.0,1.0,1.0,0.0,3.0,3.0,279.0,0.0,8.0,217.96,34.0,7470.0,2828.87,3836.0,0.0
1.0,1.0,1.0,0.0,2.0,2.0,279.0,0.0,8.0,218.0,34.0,7471.0,2829.87,3837.0,0.0
1.0,1.0,1.0,0.0,11.0,1.0,640.0,0.0,9.0,24.56,64.0,7472.0,2830.7,3563.0,0.0
1.0,1.0,1.0,0.0,11.0,1.0,528.0,0.0,9.0,36.61,55.0,7473.0,2831.69,3564.0,0.0
1.0,1.0,1.0,0.0,1.0,2.0,134.0,0.0,6.0,2.8,24.0,774.0,442.71,8.0,0.0
1.0,1.0,1.0,0.0,5.0,4.0,54.0,0.0,4.0,212.02,7.0,775.0,443.69,69.0,0.0
1.0,1.0,1.0,0.0,74.0,0.0,0.0,0.0,0.0,0.0,0.0,7475.0,2830.26,3565.0,0.0
1.0,1.0,1.0,0.0,1.0,1.0,2616.0,0.0,27.0,0.95,970.0,7476.0,2830.97,513.0,0.0
1.0,1.0,1.0,0.0,8.0,2.0,1032.0,0.0,9.0,32.54,110.0,7477.0,2831.84,3566.0,0.0
1.0,2.0,2.0,1.0,18.0,2.0,99.0,0.0,1.0,32.54,0.5,7478.0,2832.84,3567.0,0.0
1.0,1.0,1.0,0.0,8.0,2.0,948.0,0.0,9.0,32.53,105.0,7479.0,2833.84,3568.0,0.0
1.0,1.0,1.0,0.0,2.0,1.0,74.0,0.0,1.0,0.13,1.0,7480.0,2834.78,3569.0,0.0
1.0,4.0,4.0,1.51527,15.0,58.0,219.75,0.0,8.0,360.95,9.25,7481.0,2835.77,3570.0,0.0
1.0,4.0,4.0,1.51527,15.0,58.0,219.75,0.0,8.0,360.95,9.25,7482.0,2836.77,3571.0,0.0
1.0,2.0,2.0,0.940286,14.0,0.0,107.0,0.0,1.0,0.03,1.0,7483.0,2837.72,3572.0,0.0
1.0,1.0,1.0,0.0,2.0,12.0,49.0,0.0,2.0,212.95,3.0,776.0,443.97,70.0,0.0
1.0,1.0,1.0,0.0,2.0,2.0,29.0,0.0,2.0,100.37,6.0,778.0,445.86,72.0,0.0
1.0,1.0,1.0,0.0,2.0,2.0,30.0,0.0,1.0,100.42,2.0,779.0,446.83,73.0,0.0
1.0,2.0,2.0,0.918296,0.0,3.0,99.5,0.0,5.0,253.84,28.5,780.0,447.79,74.0,0.0
1.0,4.0,4.0,1.84742,10.0,9.0,88.75,1.0,6.0,399.79,33.75,551.0,350.59,31.0,0.0
1.0,4.0,4.0,1.84742,10.0,9.0,89.25,1.0,5.0,412.16,32.25,552.0,351.58,32.0,0.0
1.0,1.0,1.0,0.0,3.0,1.0,36.0,0.0,2.0,78.78,5.0,3573.0,1182.02,257.0,0.0
1.0,1.0,1.0,0.0,2.0,0.0,30.0,0.0,3.0,78.78,8.0,3574.0,1183.01,258.0,0.0
1.0,2.0,3.0,1.14012,8.0,18.0,155.33,0.0,8.0,98.91,30.0,3575.0,1183.97,259.0,0.0
1.0,1.0,1.0,0.0,18.0,0.0,102.0,0.0,1.0,0.86,3.0,7484.0,2835.43,3573.0,0.0
1.0,1.0,1.0,0.0,3.0,1.0,202.0,0.0,2.0,221.95,13.0,3577.0,1185.89,2239.0,0.0
1.0,1.0,1.0,0.0,1.0,3.0,318.0,1.0,4.0,3.13,10.0,3578.0,1186.88,807.0,0.0
1.0,1.0,1.0,0.0,1.0,1.0,26.0,0.0,2.0,480.0,2.0,3579.0,1187.88,261.0,0.0
1.0,1.0,1.0,0.0,1.0,3.0,314.0,1.0,5.0,3.05,8.0,3581.0,1189.86,809.0,0.0
2.0,15.0,15.0,3.48052,451.0,15.0,444.07,0.0,16.0,31.03,43.0,7486.0,2837.2,7414.0,0.0
2.0,15.0,15.0,3.48052,451.0,15.0,434.47,0.0,16.0,55.6,41.6,7487.0,2837.55,7416.0,0.0
1.0,1.0,1.0,0.0,0.0,1.0,2608.0,0.0,15.0,0.18,388.0,7488.0,2838.51,3577.0,0.0
1.0,1.0,1.0,0.0,0.0,1.0,2538.0,0.0,15.0,0.01,372.0,7489.0,2839.5,3578.0,0.0
1.0,1.0,1.0,0.0,2.0,22.0,78.0,1.0,3.0,590.25,5.0,7490.0,2840.5,3841.0,0.0
1.0,1.0,1.0,0.0,2.0,22.0,78.0,1.0,3.0,590.25,5.0,7491.0,2841.49,3842.0,0.0
1.0,1.0,1.0,0.0,2.0,22.0,78.0,1.0,3.0,590.25,5.0,7492.0,2842.49,3843.0,0.0
1.0,1.0,1.0,0.0,1.0,1.0,2621.0,0.0,27.0,0.52,972.0,7493.0,2843.03,514.0,0.0
1.0,12.0,14.0,3.34979,36.0,24.0,43.07,0.0,11.0,170.21,3.79,7494.0,2841.67,89.0,0.0
1.0,2.0,2.0,0.987693,41.0,28.0,228.5,0.0,4.0,28.55,9.0,7495.0,2841.88,3844.0,0.0
1.0,3.0,3.0,1.3852799999999998,137.0,9.0,132.33,1.0,5.0,9.32,9.67,7496.0,2842.62,3579.0,0.0
1.0,1.0,3.0,1.57262,11.0,11.0,164.33,0.0,8.0,460.86,12.67,7497.0,2843.54,3845.0,0.0
1.0,3.0,4.0,1.6750200000000002,18.0,27.0,56.25,0.0,9.0,332.75,32.25,7498.0,2844.54,247.0,0.0
1.0,16.0,26.0,4.55225,8.0,339.0,25.77,0.0,8.0,280.87,1.5,7499.0,2845.33,248.0,0.0
0.0,0.0,0.0,0.0,0.0,0.0,0.0,0.0,0.0,0.0,0.0,784.0,449.87,0.0,0.0
1.0,2.0,2.0,1.0,2.0,2.0,24.0,0.0,3.0,1256.74,3.0,7500.0,2836.31,107.0,0.0
1.0,2.0,2.0,1.0,2.0,2.0,24.0,0.0,3.0,1256.74,3.0,7501.0,2837.31,108.0,0.0
1.0,2.0,2.0,0.840359,75.0,3.0,160.5,0.0,4.0,56.38,10.0,3582.0,1185.13,2240.0,0.0
1.0,1.0,4.0,1.62173,13.0,16.0,132.75,1.0,7.0,15.02,4.75,3583.0,1185.77,190.0,0.0
2.0,5.0,5.0,2.32193,5.0,5.0,216.6,0.0,14.0,3.64,43.6,786.0,449.02,97.0,0.0
1.0,1.0,1.0,0.0,1.0,1.0,76.0,0.0,1.0,41.45,2.0,787.0,449.55,11.0,0.0
1.0,2.0,3.0,0.671845,66.0,1.0,1095.33,1.0,17.0,149.9,107.67,7503.0,2827.34,3580.0,0.0
1.0,2.0,3.0,0.671845,66.0,1.0,1108.33,1.0,17.0,169.58,106.33,7504.0,2828.34,3581.0,0.0
1.0,2.0,3.0,0.671845,66.0,1.0,1089.67,1.0,16.0,182.19,103.0,7505.0,2829.34,3582.0,0.0
2.0,4.0,7.0,2.06459,286.0,22.0,143.14,0.0,8.0,77.79,9.57,7506.0,2830.23,3807.0,0.0
1.0,1.0,1.0,0.0,1.0,1.0,356.0,0.0,5.0,0.0,36.0,7507.0,2831.22,3584.0,0.0
1.0,2.0,2.0,0.8812909999999999,10.0,0.0,94.0,0.0,5.0,444.52,9.5,7508.0,2832.19,3585.0,0.0
1.0,1.0,1.0,0.0,7.0,3.0,116.0,0.0,3.0,794.59,10.0,3584.0,1182.66,2241.0,0.0
1.0,2.0,3.0,1.08321,94.0,0.0,237.67,1.0,10.0,47.4,22.0,7509.0,2832.64,3586.0,0.0
1.0,2.0,3.0,1.08321,94.0,0.0,221.67,0.0,10.0,278.29,20.33,7510.0,2833.64,3587.0,0.0
0.0,0.0,0.0,0.0,0.0,0.0,0.0,0.0,0.0,0.0,0.0,3587.0,1185.42,0.0,0.0
0.0,0.0,0.0,0.0,0.0,0.0,0.0,0.0,0.0,0.0,0.0,3588.0,1186.37,0.0,0.0
1.0,2.0,2.0,0.8812909999999999,10.0,0.0,94.0,0.0,5.0,444.73,9.5,7512.0,2835.41,3589.0,0.0
1.0,2.0,3.0,0.671845,66.0,1.0,1095.33,1.0,17.0,150.06,107.67,7513.0,2836.38,3590.0,0.0
1.0,1.0,4.0,1.62173,13.0,16.0,132.75,1.0,7.0,18.11,4.75,7514.0,2837.36,225.0,0.0
1.0,1.0,1.0,0.0,1.0,1.0,356.0,0.0,5.0,0.0,36.0,7516.0,2839.35,3592.0,0.0
1.0,4.0,4.0,1.92193,15.0,0.0,62.0,0.0,10.0,106.46,11.5,789.0,450.5,478.0,0.0
1.0,4.0,4.0,1.92193,15.0,0.0,62.0,0.0,10.0,106.47,11.5,790.0,451.49,479.0,0.0
1.0,4.0,4.0,1.92193,10.0,0.0,62.0,0.0,9.0,106.28,11.25,791.0,452.49,480.0,0.0
1.0,2.0,2.0,1.0,2.0,2.0,24.0,0.0,3.0,1260.53,3.0,3589.0,1186.8,48.0,0.0
1.0,1.0,2.0,1.0,2.0,4.0,158.5,1.0,4.0,106.63,4.5,3590.0,1187.72,192.0,0.0
1.0,3.0,3.0,0.368175,501.0,0.0,24.33,0.0,3.0,2.01,6.0,1365.0,244.19,60.0,0.0
1.0,1.0,1.0,0.0,1.0,1.0,336.0,0.0,1.0,0.02,1.0,1368.0,247.18,61.0,0.0
1.0,1.0,1.0,0.0,8.0,9.0,421.0,0.0,1.0,0.58,1.0,793.0,453.62,146.0,0.0
1.0,4.0,4.0,1.39079,54.0,13.0,160.0,0.0,9.0,421.76,20.0,7517.0,2833.83,3593.0,0.0
1.0,4.0,4.0,1.39079,54.0,13.0,157.75,0.0,9.0,473.65,19.75,7518.0,2834.81,3594.0,0.0
1.0,4.0,4.0,1.39079,54.0,13.0,158.0,0.0,8.0,474.2,19.5,7519.0,2835.77,3595.0,0.0
1.0,4.0,12.0,3.24064,34.0,50.0,168.58,0.0,9.0,0.92,8.33,7520.0,2836.73,3596.0,0.0
1.0,2.0,4.0,1.82304,145.0,0.0,209.5,0.0,7.0,9.94,21.25,7521.0,2837.67,3846.0,0.0
1.0,2.0,4.0,1.82304,145.0,0.0,209.5,0.0,7.0,9.94,21.25,7522.0,2838.67,3847.0,0.0
2.0,4.0,4.0,1.97494,4.0,5.0,230.5,0.0,13.0,285.57,47.75,795.0,455.23,101.0,0.0
1.0,1.0,1.0,0.0,25.0,12.0,170.0,0.0,5.0,71.19,22.0,3591.0,1186.6,2243.0,0.0
1.0,2.0,2.0,0.6006090000000001,39.0,2.0,375.0,0.0,8.0,314.35,24.5,3592.0,1187.6,2244.0,0.0
1.0,1.0,1.0,0.0,25.0,12.0,170.0,0.0,5.0,71.22,22.0,3593.0,1188.55,2245.0,0.0
1.0,2.0,2.0,0.6006090000000001,39.0,2.0,375.0,0.0,8.0,314.42,24.5,3594.0,1189.5,2246.0,0.0
1.0,5.0,8.0,2.60813,176.0,5.0,308.25,1.0,12.0,34.71,19.0,7523.0,2838.48,3597.0,0.0
1.0,5.0,8.0,2.60813,176.0,5.0,308.25,1.0,12.0,34.71,19.0,7524.0,2839.47,3598.0,0.0
0.0,0.0,0.0,0.0,0.0,0.0,0.0,0.0,0.0,0.0,0.0,797.0,456.94,0.0,0.0
2.0,5.0,10.0,2.099,115.0,22.0,216.0,1.0,14.0,269.04,22.2,7525.0,2838.15,7447.0,0.0
2.0,5.0,10.0,2.099,115.0,22.0,216.0,1.0,14.0,269.04,22.2,7526.0,2839.15,7449.0,0.0
2.0,2.0,3.0,0.613474,40.0,13.0,895.33,1.0,15.0,448.31,130.67,7528.0,2840.99,7453.0,0.0
2.0,2.0,3.0,0.613474,40.0,13.0,895.33,1.0,15.0,448.31,130.67,7529.0,2841.99,7455.0,0.0
2.0,2.0,3.0,0.613474,40.0,13.0,872.0,1.0,15.0,448.32,125.33,7530.0,2842.98,7457.0,0.0
1.0,8.0,11.0,2.25796,136.0,21.0,153.45,1.0,13.0,277.86,20.0,7531.0,2843.33,3605.0,0.0
1.0,58.0,59.0,5.728,191.0,74.0,194.61,1.0,25.0,322.83,11.19,7532.0,2844.15,3854.0,0.0
1.0,8.0,11.0,2.25796,136.0,21.0,151.82,1.0,13.0,313.14,19.91,7533.0,2845.15,3606.0,0.0
1.0,1.0,1.0,0.0,25.0,12.0,170.0,0.0,5.0,72.69,23.0,3595.0,1188.43,2247.0,0.0
1.0,2.0,2.0,0.6006090000000001,39.0,2.0,374.5,0.0,7.0,353.61,22.5,3596.0,1189.43,2248.0,0.0
1.0,4.0,7.0,2.40622,109.0,66.0,237.14,1.0,10.0,470.32,12.0,7537.0,2846.15,3858.0,0.0
2.0,2.0,2.0,1.0,0.0,4.0,1349.0,0.0,27.0,9.65,503.5,554.0,346.01,47.0,0.0
3.0,4.0,4.0,1.79248,6.0,6.0,881.0,0.0,27.0,4.84,284.5,555.0,347.0,366.0,0.0
1.0,1.0,1.0,0.0,12.0,11.0,133.0,0.0,6.0,6.07,27.0,556.0,347.99,0.0,0.0
1.0,1.0,1.0,0.0,9.0,13.0,77.0,0.0,3.0,2.41,4.0,558.0,349.98,318.0,0.0
3.0,4.0,4.0,1.79248,6.0,6.0,882.0,0.0,27.0,4.44,284.25,559.0,350.95,370.0,0.0
1.0,3.0,6.0,2.39313,215.0,42.0,71.17,0.0,6.0,77.96,3.33,7539.0,2844.71,3860.0,0.0
1.0,1.0,1.0,0.0,12.0,13.0,973.0,0.0,9.0,130.34,55.0,7540.0,2845.49,3607.0,0.0
1.0,1.0,1.0,0.0,66.0,0.0,0.0,0.0,0.0,0.0,0.0,7541.0,2846.46,3861.0,0.0
1.0,1.0,1.0,0.0,150.0,0.0,0.0,0.0,0.0,0.0,0.0,128.0,48.06,76.0,0.0
1.0,1.0,2.0,0.936667,7.0,10.0,92.0,0.0,3.0,133.94,3.5,560.0,351.74,320.0,0.0
1.0,8.0,8.0,2.92106,28.0,6.0,77.5,0.0,4.0,311.1,8.88,3597.0,1188.48,263.0,0.0
1.0,1.0,1.0,0.0,9.0,13.0,77.0,0.0,3.0,2.79,4.0,562.0,353.7,322.0,0.0
1.0,8.0,8.0,2.92106,28.0,6.0,77.5,0.0,4.0,310.64,8.88,3598.0,1188.24,264.0,0.0
0.0,0.0,0.0,0.0,0.0,0.0,0.0,0.0,0.0,0.0,0.0,3599.0,1189.17,0.0,0.0
1.0,8.0,8.0,2.92106,28.0,6.0,78.0,0.0,5.0,390.57,7.75,3600.0,1190.15,265.0,0.0
2.0,4.0,4.0,2.0,4.0,4.0,230.25,0.0,13.0,4.25,48.0,799.0,455.81,105.0,0.0
1.0,4.0,4.0,1.92193,5.0,0.0,57.75,0.0,9.0,5.87,11.5,800.0,456.78,485.0,0.0
1.0,1.0,1.0,0.0,2.0,2.0,336.0,0.0,1.0,5.9,2.0,1369.0,247.19,62.0,0.0
1.0,1.0,1.0,0.0,1.0,1.0,336.0,0.0,1.0,0.0,3.0,1370.0,248.19,63.0,0.0
2.0,2.0,2.0,1.0,4.0,2.0,319.5,0.0,23.0,6.14,205.5,564.0,354.39,523.0,0.0
2.0,2.0,2.0,1.0,2.0,2.0,320.5,0.0,23.0,0.14,206.0,565.0,355.3,525.0,0.0
1.0,9.0,19.0,3.81412,1069.0,17.0,61.32,0.0,23.0,24.51,17.63,7542.0,2838.64,3862.0,0.0
1.0,1.0,2.0,1.0,2.0,6.0,97.0,0.0,4.0,17.16,3.5,801.0,456.89,486.0,0.0
1.0,1.0,2.0,1.0,2.0,6.0,97.0,0.0,4.0,17.17,3.5,802.0,457.88,487.0,0.0
1.0,1.0,2.0,1.0,2.0,6.0,97.0,0.0,4.0,17.17,3.5,803.0,458.87,488.0,0.0
2.0,6.0,6.0,2.47455,6.0,23.0,902.0,0.0,20.0,166.22,98.17,804.0,459.86,638.0,0.0
2.0,6.0,6.0,2.47455,6.0,23.0,902.0,0.0,20.0,166.22,98.17,805.0,460.86,640.0,0.0
2.0,6.0,6.0,2.47455,6.0,23.0,870.0,0.0,19.0,210.32,94.33,806.0,461.86,642.0,0.0
1.0,2.0,10.0,2.86487,243.0,18.0,37.6,0.0,1.0,0.41,0.1,7543.0,2837.04,3863.0,0.0
1.0,4.0,11.0,2.72096,260.0,39.0,113.82,0.0,10.0,39.74,6.36,7544.0,2837.83,3864.0,0.0
1.0,1.0,7.0,2.46383,60.0,10.0,75.43,0.0,1.0,0.31,0.43,7545.0,2838.51,3865.0,0.0
1.0,1.0,4.0,1.46997,65.0,15.0,89.5,0.0,1.0,0.1,1.0,7546.0,2839.29,3866.0,0.0
1.0,3.0,11.0,3.11776,445.0,5.0,42.18,0.0,1.0,0.02,0.45,7547.0,2840.14,3867.0,0.0
1.0,7.0,10.0,2.7284,448.0,0.0,23.0,0.0,22.0,0.09,28.7,1140.0,382.0,646.0,0.0
1.0,7.0,10.0,2.7284,448.0,0.0,16.7,0.0,22.0,6.92,25.6,1141.0,382.98,647.0,0.0
1.0,7.0,10.0,2.7284,448.0,0.0,19.8,0.0,22.0,0.81,28.3,1142.0,383.98,648.0,0.0
1.0,5.0,7.0,2.40677,32.0,8.0,138.71,1.0,9.0,133.12,13.43,568.0,357.44,328.0,0.0
